46
52
52
45
42
40
53
58
53
55
48
57
62
59
74
66
55
43
41
63
65
47
46
49
54
78
46
49
54
55
61
48
51
45
50
60
51
49
62
47
53
49
39
52
48
51
30
53
49
55
37
34
28
31
31
47
26
38
41
34
29
44
29
59
34
38
30
24
33
18
35
25
39
44
35
52
32
33
27
32
22
27
41
38
28
9
35
45
26
24
33
16
34
33
41
49
32
31
21
44
49
48
48
60
36
47
52
53
53
52
30
41
35
56
54
52
43
44
55
58
59
59
45
43
49
49
48
68
63
54
67
45
37
59
44
56
53
46
55
49
45
62
62
48
52
78
48
42
53
57
30
29
9
20
37
21
29
28
28
27
25
32
26
45
29
31
33
41
50
36
35
32
36
18
16
41
34
34
34
18
34
36
34
28
36
31
29
32
29
30
48
24
27
38
24
38
43
34
34
30
60
51
56
36
52
52
64
48
47
38
73
44
48
46
54
52
58
47
53
51
51
49
52
47
42
52
51
48
49
57
63
55
51
62
49
42
54
39
59
55
47
51
44
44
40
46
60
44
55
47
33
32
37
43
27
48
33
35
28
23
48
49
36
41
31
31
39
30
34
26
37
45
30
30
33
38
50
43
31
35
45
24
34
36
26
27
34
39
31
30
22
31
37
12
34
38
27
34
31
34
36
50
56
49
54
55
44
54
58
50
49
48
48
55
41
44
63
44
54
49
54
72
52
49
42
50
60
40
29
52
56
56
51
56
67
48
50
66
59
48
50
54
70
52
57
59
55
48
49
58
42
29
33
30
32
30
47
32
33
38
41
39
28
29
35
23
38
28
31
26
38
46
34
33
53
21
27
38
35
34
33
40
38
23
43
32
28
30
31
39
36
33
37
39
22
37
35
35
46
39
42
63
47
32
50
49
52
51
49
43
54
53
46
46
61
57
67
55
36
56
46
48
49
46
52
56
36
48
43
64
46
52
42
45
55
49
74
45
52
50
42
45
52
50
51
42
39
52
37
59
36
38
47
32
37
41
35
44
42
37
29
35
31
19
31
20
33
35
38
31
41
41
20
33
45
20
30
16
32
45
35
26
30
44
47
39
53
34
51
26
27
37
21
31
31
28
34
40
37
27
