48
54
56
59
56
62
41
60
53
64
48
57
46
50
46
52
59
69
49
42
54
49
49
45
57
44
48
48
65
56
32
48
65
58
49
49
64
43
51
37
45
45
48
54
35
58
46
45
62
40
30
30
31
28
42
36
40
28
22
24
32
32
36
27
21
30
35
38
44
39
17
39
31
24
36
32
34
37
40
32
49
41
37
46
41
42
41
37
44
33
37
33
31
45
31
18
37
31
19
32
50
53
41
48
45
45
40
50
48
50
45
48
55
47
54
60
53
59
47
56
59
53
27
43
51
41
55
70
55
51
56
34
59
57
54
52
53
57
39
60
62
64
46
44
50
43
46
55
58
56
51
24
37
31
28
33
36
31
38
42
29
34
44
24
33
36
49
27
40
33
30
50
34
43
12
30
25
15
38
45
35
41
45
40
39
30
39
32
46
47
31
20
54
30
40
30
28
31
38
37
53
55
42
48
47
61
45
47
60
54
45
63
48
49
53
51
63
49
49
58
57
48
47
48
52
54
36
47
55
57
47
52
72
48
35
50
50
55
51
59
44
51
50
56
54
59
58
50
58
54
32
29
32
30
19
20
38
26
41
29
30
42
35
35
30
35
28
27
35
40
50
38
42
46
33
31
35
40
44
35
45
33
33
30
39
29
32
19
36
26
39
33
27
37
23
28
36
28
34
33
44
35
49
55
47
61
53
35
67
49
50
51
42
56
54
47
52
53
57
53
48
37
55
57
52
50
39
50
53
47
37
43
53
57
62
48
46
57
54
45
54
63
55
56
46
59
39
42
66
45
34
39
28
25
44
29
18
34
25
36
38
33
28
32
35
33
27
18
36
46
36
34
34
23
28
41
33
33
35
42
21
27
37
35
33
29
33
35
36
39
39
39
35
34
32
36
24
47
19
23
56
45
60
60
38
46
41
51
56
58
38
53
55
71
55
46
44
54
45
41
47
47
46
66
34
50
61
46
52
54
51
69
52
55
53
50
48
53
56
52
51
51
59
60
48
50
48
54
42
40
30
24
34
18
37
40
21
37
37
21
40
32
36
20
29
37
36
48
19
48
24
35
30
39
34
36
33
47
36
29
30
23
28
28
38
29
23
22
44
34
28
21
33
32
42
33
31
39
41
31
