49
55
52
52
62
53
60
54
48
48
59
39
45
49
48
57
47
54
60
53
53
52
48
51
48
47
49
58
52
49
51
70
53
59
69
54
43
50
39
51
57
52
48
41
52
43
55
50
32
29
31
34
29
40
45
39
32
38
35
32
43
37
34
30
28
37
20
15
27
33
27
17
36
40
45
41
35
37
35
33
28
32
45
33
27
47
31
51
40
47
42
33
28
33
36
38
29
37
14
37
54
65
53
46
75
57
45
57
52
47
53
50
79
56
49
42
43
56
59
56
56
60
47
49
56
47
47
54
52
46
52
45
52
57
53
66
57
39
58
52
60
60
31
55
45
61
57
56
55
44
31
39
27
34
38
30
29
48
36
33
44
26
46
20
36
43
36
29
38
36
29
32
50
38
31
33
26
36
39
39
29
28
55
43
37
36
43
27
20
35
34
32
38
27
22
51
28
26
33
42
49
54
53
53
49
49
55
53
50
41
54
41
49
51
49
56
52
49
56
43
59
52
52
53
48
36
58
50
43
52
45
49
43
52
45
47
47
33
48
55
52
48
48
46
54
68
48
47
39
53
27
37
34
8
37
38
30
33
52
42
20
43
35
41
18
39
25
5
38
24
21
28
38
27
38
38
22
37
30
37
33
33
43
37
36
37
22
30
41
32
23
40
20
36
32
21
31
34
31
38
35
59
60
47
46
45
52
57
56
53
60
28
42
65
54
52
45
44
49
54
44
60
38
50
56
36
54
46
48
49
41
38
57
50
49
43
42
57
49
58
33
60
37
51
51
45
40
45
50
42
37
47
47
31
51
13
29
32
36
34
25
43
30
41
35
45
37
33
22
26
39
30
24
35
18
42
37
29
12
33
35
44
32
34
35
51
43
37
28
28
36
37
42
43
41
29
40
42
30
33
57
52
42
75
53
49
40
37
44
47
60
48
53
61
45
50
49
49
52
55
50
46
46
52
53
44
53
57
44
69
57
54
54
53
39
47
30
48
41
54
50
55
35
51
47
48
50
57
48
65
42
42
34
29
25
36
32
28
36
14
33
46
30
46
32
35
35
34
21
32
26
38
33
35
33
36
34
37
31
25
38
33
26
35
26
27
32
37
40
28
32
37
36
36
32
49
24
47
41
37
