58
56
47
46
63
45
46
45
39
54
46
37
48
25
50
55
51
52
58
51
43
47
55
51
50
53
40
54
56
47
45
28
52
44
54
65
33
47
52
53
50
51
54
48
42
55
42
48
61
57
31
59
34
31
22
34
31
39
37
29
33
41
40
23
31
31
34
30
21
27
24
39
9
44
38
31
22
29
42
36
28
32
36
41
14
36
38
39
25
28
14
35
35
36
39
41
23
40
30
41
55
44
39
55
51
44
60
53
53
57
51
52
55
56
60
62
53
37
52
52
43
60
63
60
49
72
47
60
47
48
51
46
43
56
45
57
43
51
52
66
51
50
42
46
35
48
51
59
52
52
30
33
36
18
42
28
29
28
30
41
33
28
42
32
22
38
30
27
34
40
33
40
36
44
26
36
39
20
29
41
25
33
37
30
31
44
34
24
42
23
23
25
33
39
30
59
59
41
46
36
53
65
54
48
40
24
47
57
55
40
64
50
45
53
42
58
38
48
43
58
43
58
45
52
50
64
40
57
52
57
44
55
53
48
47
52
54
39
45
53
62
40
49
53
41
45
53
39
49
52
39
34
29
25
29
29
9
30
42
30
40
37
33
40
22
42
36
12
28
37
32
30
18
34
31
26
40
30
33
37
51
34
34
30
41
32
42
31
33
34
33
39
38
38
38
41
27
43
45
35
48
44
25
70
52
70
51
52
68
54
61
46
52
62
54
55
47
43
61
54
37
52
50
56
35
64
59
41
52
56
74
49
48
49
35
54
45
69
49
37
60
52
50
70
40
58
49
35
49
63
32
30
35
26
36
29
36
31
33
40
32
32
37
32
26
37
34
28
33
21
45
38
37
38
30
43
35
32
30
25
26
34
33
40
44
34
40
30
24
19
34
29
14
38
33
45
26
61
26
43
45
53
55
52
39
47
47
63
43
61
63
49
52
49
53
56
49
67
55
54
52
52
50
41
52
58
43
32
50
47
35
49
44
43
54
52
52
48
49
34
70
51
52
48
46
47
43
44
53
48
23
40
35
36
32
27
30
34
35
31
39
36
38
40
46
26
17
21
46
32
53
36
39
22
39
41
19
30
25
31
37
56
41
35
47
29
50
30
31
30
27
31
29
33
42
40
30
35
55
31
