50
41
29
32
27
34
42
64
29
55
25
54
57
27
44
46
31
28
58
14
40
23
69
34
50
31
44
37
49
58
57
22
49
36
44
47
11
51
33
42
62
51
36
30
9
41
58
38
39
34
45
63
29
39
50
24
41
40
55
40
50
63
29
40
28
54
47
53
41
28
56
50
31
48
35
55
22
38
52
41
49
40
42
55
37
51
60
26
33
55
45
46
50
28
20
50
29
36
55
44
26
35
36
33
44
38
34
49
36
21
57
36
30
33
52
37
27
35
58
61
38
58
36
24
40
24
14
58
52
45
38
7
68
32
27
48
43
55
28
46
60
42
60
50
39
35
48
50
21
55
55
41
60
31
44
38
37
64
44
63
41
39
60
33
49
60
55
53
28
39
32
65
30
59
33
55
39
31
44
60
57
45
49
59
33
57
34
32
48
62
55
53
54
27
47
64
38
47
51
24
47
48
49
36
60
33
36
43
31
39
56
34
56
39
33
46
32
48
37
40
33
49
30
52
60
43
57
34
27
33
36
27
27
32
52
54
44
29
28
41
45
42
33
48
44
33
57
46
54
45
49
40
63
28
45
43
51
25
50
54
69
58
29
36
39
60
28
40
32
29
37
59
24
54
50
32
57
38
37
32
48
35
49
78
54
25
31
37
50
51
51
25
57
47
52
50
51
25
53
32
50
45
53
47
29
38
24
48
62
47
35
50
22
48
26
45
48
58
53
27
33
49
48
52
29
52
65
38
53
50
53
36
40
39
35
32
54
44
36
44
29
51
33
45
51
60
29
34
42
57
58
24
50
39
36
48
28
59
35
22
43
43
31
35
60
48
45
59
51
37
31
62
25
38
41
44
36
59
37
47
48
50
48
52
34
49
52
47
62
28
44
53
23
53
37
36
43
52
54
18
39
44
38
49
45
47
56
45
49
51
54
48
47
27
44
39
45
50
48
52
58
48
46
25
63
54
47
32
63
41
54
48
55
29
35
30
34
26
55
38
47
57
40
54
51
23
54
58
34
56
37
52
31
60
42
64
24
45
48
56
23
33
50
57
60
50
51
56
45
50
36
49
52
51
31
31
53
53
20
37
26
53
52
29
51
42
25
35
49
30
45
28
35
54
27
37
52
69
55
35
