48
33
37
37
46
52
30
26
14
33
49
50
45
31
43
55
49
14
57
32
35
34
35
39
51
39
38
39
55
24
51
28
46
27
45
34
53
27
48
34
48
35
54
47
45
48
51
35
55
36
30
51
43
31
29
48
33
40
35
26
57
40
33
37
55
38
69
31
52
35
52
55
27
34
25
53
43
34
39
46
31
49
59
49
51
44
37
60
62
27
63
31
52
31
16
27
53
33
46
47
37
47
53
48
29
40
33
32
26
19
46
42
48
55
33
46
62
35
48
30
41
28
48
27
34
34
44
58
23
22
31
68
43
30
31
54
44
27
50
27
34
58
59
46
40
56
32
25
26
17
54
34
43
59
18
35
41
61
27
43
44
40
37
28
54
28
33
47
63
35
37
38
45
44
47
45
53
37
34
50
42
55
30
35
48
50
51
53
27
54
37
41
32
41
41
27
48
31
58
27
37
54
36
33
56
29
45
40
24
30
28
33
44
55
33
43
25
35
50
50
46
57
24
37
10
43
54
39
49
51
51
50
34
34
38
35
41
44
35
50
52
43
47
44
51
36
64
49
48
58
35
44
38
47
36
62
37
44
46
29
58
30
63
33
54
26
46
38
24
43
37
60
56
45
54
49
50
58
40
50
34
37
31
62
56
34
31
49
40
37
49
52
55
42
32
39
50
54
33
43
42
50
51
51
65
48
32
43
41
51
57
34
27
53
46
56
42
8
46
52
48
49
64
33
37
60
29
37
35
45
42
55
37
37
49
49
41
30
64
57
57
48
41
34
33
33
42
52
51
41
43
41
28
51
37
45
48
35
29
52
62
34
53
47
27
36
20
45
53
27
12
69
41
52
42
37
55
44
65
38
37
23
53
30
39
48
57
47
54
37
57
36
58
44
4
54
42
46
30
37
67
37
27
52
54
61
36
53
37
31
25
52
28
38
47
29
46
52
43
60
26
42
33
18
39
53
48
35
43
47
43
51
26
43
58
41
40
52
34
31
55
37
35
37
41
46
63
63
41
55
49
43
52
34
30
47
39
56
49
43
50
38
40
41
42
50
30
31
40
43
41
27
60
24
52
48
44
52
67
45
42
61
43
46
48
63
55
60
28
54
47
43
30
58
51
48
43
47
61
44
