67
33
31
35
13
49
38
60
20
50
46
32
47
54
31
48
31
25
46
72
52
52
48
34
54
30
45
32
59
49
52
25
43
36
45
43
37
40
50
39
55
30
48
33
38
37
52
62
33
24
31
51
39
18
44
44
45
70
36
44
35
39
37
35
34
70
38
45
63
65
37
41
37
28
39
30
39
35
51
51
64
40
37
46
47
28
54
42
38
31
36
52
55
48
24
47
34
33
34
51
62
57
40
45
37
36
42
32
28
33
31
44
47
62
55
51
51
34
58
39
31
59
31
42
55
41
35
49
35
56
40
58
70
57
44
47
50
57
32
31
63
37
34
45
24
55
27
41
63
30
51
47
54
47
26
37
24
50
46
48
39
40
55
33
50
28
55
54
29
51
51
37
66
65
39
51
31
53
51
42
31
27
46
51
22
51
27
39
39
29
49
52
50
46
23
46
50
49
57
22
46
30
49
47
74
30
40
65
55
23
45
26
25
43
48
55
52
31
43
49
48
21
39
47
44
53
62
42
33
65
60
39
54
32
39
37
39
59
29
49
38
42
44
35
27
47
9
50
49
27
63
36
60
40
42
34
36
39
40
34
39
27
44
48
45
56
43
32
54
51
47
36
31
56
47
38
37
47
52
29
41
61
60
34
52
36
58
52
49
37
45
58
49
17
41
57
51
49
51
47
50
23
18
53
30
38
46
46
48
28
44
30
34
48
37
42
75
55
42
38
53
41
31
36
31
23
35
44
44
41
54
60
52
51
64
54
53
37
40
35
37
28
56
33
54
54
46
31
44
42
44
29
48
32
47
48
14
41
49
28
41
26
40
27
53
43
23
51
29
50
57
44
32
37
54
47
27
56
56
30
48
38
38
46
31
50
56
65
47
53
29
47
32
50
26
57
29
49
34
56
54
52
46
58
30
20
6
26
30
43
40
56
53
46
54
34
35
45
51
62
59
50
55
32
48
49
62
29
41
39
21
31
39
42
46
52
50
20
32
55
63
53
51
40
47
42
40
51
34
56
49
39
55
34
53
32
9
44
34
30
40
43
48
56
49
48
53
58
27
58
44
49
41
42
33
33
26
44
41
37
47
54
53
38
43
39
53
55
45
45
30
57
43
53
47
46
55
44
37
47
