55
47
27
51
40
36
20
49
52
56
49
47
54
57
40
38
42
57
41
32
44
48
48
40
47
57
32
54
44
60
35
63
57
48
46
47
25
39
62
37
55
52
57
32
38
31
35
53
39
26
35
33
57
52
56
50
33
59
58
30
51
28
49
57
30
32
35
30
56
31
50
49
30
33
29
25
30
42
30
52
43
17
40
31
50
36
29
62
43
31
38
52
46
48
38
37
51
32
49
31
45
27
57
31
35
26
32
51
21
35
51
36
52
25
43
46
29
52
54
59
42
52
52
55
41
50
37
46
31
39
33
52
36
49
61
32
57
62
31
32
30
28
38
17
43
46
6
49
65
28
34
69
28
41
37
60
43
38
30
28
29
44
29
31
44
24
27
45
35
59
43
41
42
59
36
37
41
23
42
46
51
49
75
51
26
47
36
59
53
31
72
53
58
36
60
47
56
29
27
49
42
28
48
53
41
48
50
41
52
46
26
25
49
30
50
58
53
6
36
45
57
26
42
43
38
39
18
14
50
31
48
47
40
38
46
50
34
44
38
47
29
49
50
51
38
47
51
57
36
57
7
31
58
37
53
49
23
36
53
38
46
22
44
33
60
47
31
59
50
38
63
59
65
51
44
31
53
41
34
35
45
48
61
51
29
28
28
43
31
40
30
35
40
40
23
28
61
35
34
29
52
33
29
54
29
58
44
28
64
48
53
44
45
47
33
31
31
35
25
31
35
50
50
58
58
36
51
28
42
42
36
48
42
38
53
45
47
51
40
32
30
31
51
36
45
29
49
12
57
49
61
48
41
57
45
23
48
57
43
67
28
34
36
49
47
46
47
53
56
40
71
49
56
34
46
49
41
35
26
36
9
35
31
52
27
48
34
32
49
45
49
25
40
54
35
29
36
47
49
42
55
45
60
29
32
59
42
39
39
45
41
47
45
34
47
33
38
52
35
33
63
50
52
42
57
32
35
35
52
32
45
50
55
46
15
38
55
37
49
36
54
54
49
30
40
43
42
33
26
55
48
26
37
16
53
51
46
49
57
57
52
52
45
50
50
47
54
57
43
52
49
62
40
65
53
49
57
63
37
39
56
50
40
54
39
58
44
58
46
59
45
49
48
56
50
51
51
36
58
53
