26
47
51
52
35
54
48
44
44
25
34
24
63
40
50
64
51
53
58
38
26
50
60
37
57
49
25
51
48
37
51
28
30
52
53
32
28
43
37
52
50
54
33
20
52
37
55
44
36
34
47
11
45
42
45
48
32
18
64
24
56
47
39
56
27
60
60
54
39
46
60
47
60
50
36
29
34
45
36
44
39
40
28
65
29
34
33
43
34
23
33
64
45
55
21
57
37
28
35
54
60
33
37
31
57
27
52
46
50
53
44
43
48
35
52
47
36
55
52
35
65
41
33
55
46
42
73
29
34
33
52
43
59
62
58
56
48
33
53
31
31
39
33
34
52
62
49
35
52
34
49
21
47
52
30
53
47
60
36
58
23
44
50
28
25
53
54
49
29
57
31
37
26
31
48
55
46
28
56
47
24
45
56
48
64
45
58
26
18
36
59
53
64
46
36
35
51
55
41
50
55
39
33
35
41
26
49
38
23
58
54
53
48
52
39
71
48
48
35
54
35
56
43
36
47
21
34
34
49
38
37
50
28
32
34
49
28
48
56
38
29
39
53
46
46
47
26
46
29
29
53
59
53
47
44
29
28
33
56
49
46
46
67
43
57
48
65
35
50
46
47
40
43
48
43
34
67
34
28
36
28
42
39
36
47
53
66
32
27
16
36
28
48
31
46
56
27
60
29
48
45
40
56
52
29
32
32
31
64
52
31
52
50
58
46
44
59
34
40
45
29
57
29
33
48
43
58
48
37
52
57
51
19
31
58
55
65
51
73
34
31
46
37
52
51
48
40
43
60
58
40
32
46
33
31
51
42
49
51
47
48
24
44
31
59
43
52
53
19
29
45
27
34
59
48
36
21
40
68
48
59
12
38
44
67
58
45
52
51
47
34
39
62
33
41
52
59
48
22
41
53
13
38
44
47
52
30
26
39
56
41
67
30
40
30
31
54
37
37
50
59
47
53
28
49
51
69
54
49
48
31
35
49
22
41
39
32
24
52
14
30
65
49
40
43
51
44
33
31
29
21
54
48
26
50
29
49
51
25
46
37
41
53
64
27
53
27
51
60
28
68
34
43
37
44
33
31
28
55
40
42
50
47
39
37
56
70
31
42
55
45
33
50
66
28
47
22
23
31
24
