74
50
54
27
40
19
36
12
35
38
34
40
48
24
28
51
54
29
52
58
33
44
57
45
38
49
53
54
20
36
48
53
57
11
29
47
58
45
65
32
47
52
32
35
44
37
35
9
41
34
52
59
31
48
53
33
50
55
35
54
51
66
37
46
46
41
52
29
32
46
53
40
28
51
39
37
48
62
44
33
34
35
41
29
42
44
36
41
39
49
53
34
44
50
48
27
58
53
31
39
47
49
53
33
53
32
34
52
37
51
57
38
45
63
62
52
50
37
45
34
48
38
48
31
53
47
63
44
45
41
34
44
55
52
54
34
58
41
56
34
48
33
25
30
36
48
7
39
54
36
34
42
32
49
52
54
49
41
64
38
49
34
52
33
25
35
46
43
32
49
60
36
43
53
55
51
30
14
37
21
38
11
49
28
37
21
34
46
58
55
47
50
60
47
38
34
34
48
60
49
30
49
16
61
33
27
45
39
52
51
34
44
28
50
52
26
35
52
53
38
53
29
34
28
29
39
55
58
44
38
32
39
44
35
48
38
49
45
51
49
36
36
31
52
50
28
54
30
48
45
35
59
59
35
59
36
28
36
63
65
39
18
31
30
56
54
31
48
42
36
53
4
31
32
40
61
60
49
58
45
50
16
63
40
35
48
39
27
53
33
54
52
39
53
38
37
48
59
51
29
36
28
35
52
37
48
37
29
30
47
37
52
26
34
45
63
48
29
42
43
62
42
62
46
40
52
48
31
35
52
41
40
44
43
55
56
57
48
52
35
56
52
45
45
43
35
44
36
30
56
50
26
46
31
39
49
21
33
48
51
52
37
45
44
52
30
57
58
45
31
52
30
41
49
45
47
41
31
47
23
57
52
40
31
33
57
40
41
44
31
48
31
63
46
57
37
60
39
47
35
59
52
26
54
50
51
51
59
45
52
30
50
49
45
50
63
41
62
31
58
38
29
57
52
32
55
44
30
27
26
57
25
28
39
33
61
36
53
40
52
39
58
48
27
48
33
43
44
36
59
31
64
35
10
34
48
31
50
50
33
53
59
40
47
32
47
35
22
33
26
34
49
45
46
62
37
50
40
35
48
25
46
47
67
48
29
66
51
53
52
67
54
65
62
43
60
54
57
54
46
