48
23
36
45
42
32
28
48
48
49
40
38
55
50
56
46
45
49
57
58
51
50
60
45
44
41
41
33
42
52
52
20
19
36
38
49
35
25
28
53
33
46
40
53
59
59
40
44
42
48
27
45
34
30
26
36
41
47
37
36
13
49
44
23
48
29
53
67
30
31
29
19
41
43
36
45
45
60
64
23
35
33
52
41
38
38
38
35
60
47
46
46
50
53
30
55
35
42
31
41
54
24
50
48
35
41
55
54
52
50
55
53
46
55
37
46
34
51
58
43
43
32
54
43
33
44
36
60
37
32
50
38
23
35
60
40
54
44
55
51
27
30
39
28
32
61
32
46
58
47
35
30
47
44
44
54
56
57
43
62
33
26
30
44
44
36
55
61
29
34
54
41
31
36
44
47
28
40
45
58
55
19
45
59
51
29
29
41
36
46
54
52
30
52
27
53
21
69
55
53
32
52
53
60
59
53
40
48
55
32
61
31
56
40
43
47
54
51
21
58
41
30
48
52
59
33
39
52
36
25
32
31
29
34
37
36
52
47
53
39
38
32
59
40
49
55
49
44
53
33
50
30
36
42
53
54
41
31
61
52
42
36
37
49
28
64
37
37
23
39
41
45
29
35
64
50
44
51
43
54
52
38
34
34
36
32
32
35
30
38
58
36
36
52
57
20
49
55
56
35
52
57
53
27
41
62
52
27
53
28
14
28
48
42
53
63
53
35
51
52
34
47
30
47
30
26
34
24
24
31
49
63
38
23
57
49
41
42
49
33
23
54
49
53
38
48
52
42
56
45
28
39
52
33
26
59
53
29
68
32
40
49
63
47
23
32
53
31
43
52
54
49
49
33
33
36
60
59
33
50
28
53
43
53
38
50
46
58
65
59
22
39
46
35
38
46
25
49
34
59
30
65
33
60
48
34
38
48
30
50
57
37
26
58
47
31
32
49
30
31
24
50
46
59
37
42
34
38
55
30
70
29
34
56
54
33
36
42
58
45
50
60
26
63
57
32
47
40
34
52
44
31
51
60
25
51
70
66
28
52
31
22
44
38
69
51
51
31
52
48
60
51
57
43
47
41
48
42
53
49
53
51
41
45
33
64
48
55
31
31
47
47
41
42
68
53
52
53
44
45
