39
71
52
17
31
58
54
53
50
15
29
47
58
46
53
34
48
66
28
51
47
39
33
56
24
31
38
51
40
25
42
55
50
21
30
31
18
35
26
37
46
67
56
52
49
50
53
54
17
52
48
60
46
56
32
64
49
52
41
20
49
31
34
32
51
36
32
51
55
47
42
42
52
39
54
41
29
51
45
36
45
34
70
43
30
40
35
50
52
32
47
56
27
53
54
51
41
38
36
43
32
57
59
52
32
30
34
35
35
45
30
53
44
33
45
55
47
54
27
29
26
32
50
49
53
58
47
46
49
57
23
28
29
52
49
48
44
11
31
32
42
54
60
35
44
68
37
38
42
47
64
50
51
44
52
40
51
38
37
22
67
44
54
25
47
48
57
53
46
66
27
55
54
47
29
53
14
38
32
38
29
45
32
51
42
50
34
43
36
46
54
69
55
40
59
52
50
63
31
40
52
44
40
43
49
33
44
36
41
72
58
34
63
44
52
54
54
26
70
56
42
29
36
29
31
31
37
52
49
51
60
53
56
40
55
48
26
52
28
31
54
36
32
50
54
44
39
36
35
21
56
44
37
37
53
51
24
26
50
33
44
35
48
59
35
36
18
50
53
28
34
36
47
47
50
51
30
46
27
42
33
22
52
19
47
45
46
32
64
28
30
22
49
63
32
62
27
49
48
52
47
52
66
30
48
31
40
44
34
54
30
32
63
37
30
30
47
25
51
36
31
27
33
43
59
35
45
31
52
53
48
51
32
54
49
34
47
29
51
18
28
43
43
39
50
31
24
49
46
33
34
56
21
53
49
61
47
46
68
33
47
50
45
57
37
55
51
48
43
53
27
47
55
38
24
54
33
46
27
53
50
48
49
45
52
39
31
54
30
36
22
60
49
50
49
33
38
48
27
9
47
55
25
46
44
53
31
37
47
52
35
43
28
56
34
57
20
49
36
37
47
36
47
39
31
53
62
41
50
52
34
52
56
45
55
56
42
32
34
35
46
52
47
47
49
53
33
38
32
32
48
28
31
34
43
30
41
54
34
53
44
38
32
56
40
51
54
56
46
39
62
33
45
47
49
38
30
26
20
34
49
29
31
62
21
45
29
55
46
35
48
48
45
52
33
38
27
31
4
33
