67
52
41
36
59
30
49
64
22
74
55
36
22
57
54
43
34
27
30
39
26
41
52
51
57
46
59
29
43
36
75
43
49
27
46
57
29
46
57
46
27
44
47
59
56
35
72
27
34
48
35
52
40
62
43
51
19
46
43
36
21
37
60
34
43
29
41
36
48
27
46
47
35
41
20
51
36
46
52
59
56
37
47
29
57
56
25
41
31
57
36
35
51
48
33
27
34
47
29
44
47
60
49
51
52
28
25
31
49
33
51
48
34
27
51
43
43
39
56
45
55
38
56
52
49
24
37
40
51
49
45
41
52
53
27
38
32
62
29
46
52
49
48
52
32
31
47
53
50
35
40
37
37
47
41
54
44
31
23
56
49
37
25
26
59
22
56
30
46
23
56
54
57
31
26
49
59
53
40
42
49
31
46
28
23
46
47
35
52
42
34
22
38
35
51
48
52
28
28
41
34
28
49
29
42
53
50
68
5
38
50
51
51
24
50
38
33
34
5
54
47
54
26
41
44
29
51
52
31
33
44
42
36
32
35
16
41
51
41
49
50
41
62
49
34
52
50
31
42
50
37
36
53
34
54
55
27
56
58
39
32
41
50
28
9
41
49
74
52
31
44
62
32
40
36
41
57
52
45
48
43
70
26
53
69
51
44
50
44
38
32
45
26
25
58
45
55
33
56
50
32
31
49
28
47
22
57
71
36
37
32
49
52
51
59
58
54
27
55
51
33
50
45
29
36
49
38
34
53
48
30
55
41
34
38
50
34
32
48
44
46
34
52
17
29
35
44
36
29
40
63
54
51
39
60
52
42
30
27
54
44
53
48
43
33
36
53
44
58
42
33
42
27
57
49
49
47
52
21
40
21
26
45
44
46
26
36
43
47
44
50
49
28
24
43
33
54
53
33
49
54
33
33
33
34
40
34
37
42
36
47
47
41
25
36
49
28
53
49
56
40
36
27
38
40
48
24
24
48
58
39
39
44
30
36
42
30
63
30
51
49
47
35
27
39
53
39
61
37
28
45
55
40
63
65
12
48
27
49
46
35
27
34
55
50
48
49
11
42
44
50
56
22
36
41
31
45
57
20
43
49
46
40
52
56
44
57
47
29
56
43
56
50
45
50
45
47
44
57
46
