46
24
33
30
28
35
46
30
54
30
62
47
51
64
24
22
49
41
43
33
45
48
47
34
22
49
25
33
22
53
49
32
33
24
27
35
39
39
32
34
45
43
45
57
32
56
33
47
47
42
47
17
23
46
56
57
45
50
38
48
25
43
50
26
36
27
55
50
64
44
47
34
29
27
21
54
29
47
31
55
41
39
43
30
52
16
48
46
55
68
33
39
63
76
31
32
63
31
46
34
59
45
31
40
32
26
46
46
39
34
54
30
39
46
35
53
43
45
34
48
32
71
49
39
29
39
45
50
22
56
42
33
36
54
32
32
28
55
39
51
36
63
58
61
32
53
47
52
35
67
33
48
45
33
36
37
29
48
51
50
44
33
46
50
45
24
57
14
38
48
31
34
38
23
50
56
50
30
22
49
31
38
48
44
44
41
43
44
55
54
56
49
31
41
41
56
42
53
35
47
54
32
53
47
56
60
27
29
37
57
29
53
38
48
28
52
41
34
45
54
25
41
34
49
20
58
34
38
47
37
12
38
54
48
51
57
27
34
20
48
54
35
40
47
33
50
40
51
45
51
18
47
51
55
49
65
60
44
25
52
29
47
54
36
27
29
33
27
39
41
40
36
55
42
28
30
45
49
38
59
22
58
34
53
54
51
46
37
62
41
30
46
53
56
57
37
41
66
44
56
38
51
39
25
57
32
29
53
33
54
39
24
31
65
57
58
54
57
44
27
70
34
50
61
41
55
47
56
51
41
59
34
58
44
32
50
48
51
32
48
51
59
37
33
39
60
37
9
46
35
52
53
53
52
24
46
56
50
39
57
39
53
41
31
48
21
66
56
36
43
48
42
55
48
22
42
52
28
34
51
47
43
49
68
33
45
48
33
41
49
64
35
30
33
52
52
38
39
21
24
34
34
48
22
36
29
28
74
37
51
35
48
52
35
32
58
56
35
59
41
48
44
50
43
52
52
49
51
50
46
53
31
48
42
28
31
33
54
31
61
58
63
44
51
32
43
49
51
39
67
43
46
48
29
60
30
44
31
27
53
48
45
36
41
30
32
30
14
53
57
54
51
30
47
36
58
30
38
32
44
41
29
54
29
41
53
49
49
36
54
58
30
30
41
33
25
13
26
29
52
