44
17
55
37
43
28
59
42
36
55
45
28
26
25
37
36
33
49
45
33
63
58
52
57
54
37
23
54
56
30
45
33
47
45
37
44
38
40
55
40
32
24
22
59
34
49
47
36
31
45
55
37
26
33
38
52
29
56
49
47
43
39
44
50
46
41
48
51
38
52
52
15
53
76
35
56
49
41
29
34
25
51
35
39
47
32
51
45
43
57
52
59
48
34
59
30
45
56
35
56
39
51
50
47
44
48
46
21
51
50
44
43
53
57
55
40
34
47
39
47
30
53
32
60
33
50
39
44
48
42
47
33
46
55
54
31
63
43
56
34
50
58
47
29
37
34
48
39
49
63
42
32
47
30
39
46
41
49
44
46
60
55
32
36
55
53
47
26
49
24
62
34
30
48
41
34
31
31
51
51
30
53
41
35
34
34
61
14
26
51
52
21
30
70
58
46
45
43
49
57
49
51
20
44
25
39
35
36
40
52
55
41
36
36
50
30
50
64
42
52
35
40
61
58
48
32
39
46
64
29
28
33
35
51
12
31
46
47
28
32
66
41
26
33
48
31
54
47
29
41
22
53
45
37
38
52
30
38
29
54
53
36
47
61
31
43
56
35
51
51
37
24
37
38
47
55
36
40
53
45
59
27
54
38
35
49
54
41
59
48
34
32
11
43
25
48
42
36
40
28
54
35
43
32
56
60
22
69
33
15
30
37
32
54
44
49
51
48
38
31
54
46
34
54
26
39
26
40
35
40
36
50
45
50
35
37
43
28
27
48
39
38
51
50
14
29
32
33
53
22
36
51
37
49
34
28
31
54
42
72
39
57
36
52
29
42
43
51
35
45
49
36
49
64
35
55
50
39
42
23
47
47
34
24
28
61
29
46
42
45
32
53
51
51
56
51
28
21
31
64
41
40
36
58
45
47
59
47
37
41
54
65
47
26
54
30
47
55
54
30
37
27
53
50
54
69
56
42
32
35
35
46
35
50
35
47
21
29
41
32
36
60
45
48
37
40
31
33
52
43
32
61
30
42
60
45
56
46
48
35
58
17
35
39
44
45
51
32
33
31
22
57
13
41
37
46
43
39
20
28
67
48
42
45
42
40
36
53
44
49
43
34
54
61
46
36
72
45
40
50
