49
56
30
45
33
49
46
47
44
43
33
46
62
41
47
50
41
31
57
13
59
38
38
35
62
22
45
54
55
38
44
34
70
31
43
42
25
44
37
33
22
30
47
54
30
49
54
31
36
43
55
47
52
51
55
49
22
58
62
48
25
48
31
36
60
48
36
28
47
22
14
55
40
59
42
52
38
28
29
16
47
26
48
63
41
40
55
47
60
45
31
52
48
36
50
42
22
23
52
42
57
55
49
33
29
32
41
52
36
52
40
39
30
38
36
6
49
38
49
28
45
31
50
37
65
59
58
46
40
36
40
48
34
36
40
59
52
28
52
55
38
12
43
58
34
34
25
49
61
47
45
27
51
53
21
28
44
26
53
60
66
37
48
34
47
47
78
54
31
32
55
55
25
57
35
25
43
52
42
13
41
20
41
40
37
31
48
41
48
38
20
18
45
50
41
34
22
43
61
44
52
47
44
53
25
55
31
45
43
38
36
51
35
50
65
35
42
52
50
44
38
23
49
54
33
31
29
42
51
53
50
48
29
40
44
46
22
46
50
33
41
47
53
32
23
29
28
47
37
48
50
29
48
52
63
43
32
39
20
49
48
32
52
34
46
54
58
33
35
48
41
57
36
33
44
35
44
42
34
43
48
51
33
30
52
33
47
48
50
38
33
65
34
36
53
39
41
25
29
13
16
60
57
36
40
54
27
58
53
41
47
43
35
55
50
32
31
30
35
57
43
38
35
36
54
37
30
35
40
35
63
49
53
40
54
39
32
55
51
48
54
54
64
53
31
52
32
25
54
52
48
35
74
55
55
51
37
32
40
33
34
49
29
44
30
48
54
29
52
45
50
32
56
35
55
56
23
66
33
50
48
34
47
61
20
54
40
56
41
53
65
40
40
30
41
57
47
32
56
37
51
53
48
33
55
52
24
28
36
51
48
27
51
55
47
33
44
30
46
35
29
37
22
28
48
64
50
45
29
43
48
47
44
56
58
25
47
49
65
28
45
58
32
56
7
31
48
28
51
35
42
53
55
42
58
34
55
38
43
44
39
60
50
45
44
21
43
31
35
27
33
40
35
39
50
32
64
44
53
56
34
31
57
49
32
40
34
21
47
32
34
15
32
32
30
35
37
53
25
22
