44
47
35
27
45
45
41
57
53
56
40
37
42
25
40
26
44
26
35
49
61
55
52
46
39
37
38
56
45
28
41
56
40
63
30
53
40
25
61
59
45
49
49
44
12
39
41
62
49
51
59
24
48
54
41
54
39
24
37
38
31
21
56
59
55
63
34
31
46
65
55
31
37
28
38
31
60
31
28
61
35
48
48
50
54
56
28
50
48
39
32
57
54
47
50
37
40
36
23
24
43
28
63
65
36
48
58
37
37
46
47
15
25
39
57
30
53
50
72
44
61
54
35
51
36
48
49
49
41
53
42
49
48
6
29
57
40
60
46
35
51
47
45
64
38
49
38
48
46
27
47
25
42
36
49
44
47
47
56
34
46
26
34
29
50
59
39
38
62
49
31
34
38
39
45
60
33
23
48
34
76
36
41
45
48
54
41
46
24
36
30
56
48
31
53
49
58
11
39
51
40
49
38
61
31
56
52
35
37
52
45
48
39
53
38
29
39
37
41
34
37
66
33
38
40
54
52
50
51
53
27
27
45
40
53
49
53
56
43
23
47
46
52
43
49
41
24
46
50
7
39
50
37
53
34
50
49
5
41
46
41
56
40
46
60
39
28
54
38
37
35
35
35
33
34
37
45
33
47
57
63
59
33
56
22
37
54
55
37
64
51
42
37
32
34
53
54
62
47
42
49
36
46
51
39
40
50
52
43
45
51
50
37
39
27
55
64
59
51
47
47
17
47
56
54
39
60
32
62
31
45
52
42
53
65
35
33
33
49
58
44
53
54
56
31
41
47
49
42
50
45
54
25
34
39
53
38
36
41
41
48
46
56
33
31
24
30
30
43
47
40
42
32
51
59
27
30
70
55
31
36
28
67
49
46
41
33
52
54
49
49
43
44
53
41
43
25
54
45
48
28
36
34
41
36
35
26
28
43
34
44
57
51
18
50
41
48
46
27
60
34
51
39
53
49
36
64
48
34
50
27
61
58
48
27
49
34
36
40
28
34
46
49
40
52
40
51
56
28
44
30
39
58
52
37
40
70
58
57
48
20
43
43
53
54
34
38
30
28
41
36
27
50
43
34
50
33
34
31
34
43
24
38
34
42
30
47
23
31
26
30
27
31
30
38
34
29
34
29
37
