52
50
70
58
42
52
45
48
30
35
30
33
30
31
38
33
34
53
27
36
61
35
54
47
54
46
69
57
46
29
51
33
53
34
54
52
30
46
52
43
38
42
41
49
59
58
58
37
30
50
57
29
40
46
42
37
47
51
55
42
52
29
29
40
46
41
43
23
51
50
27
39
34
31
31
59
33
27
53
49
41
53
53
27
52
49
48
6
53
54
46
51
44
48
26
51
45
39
39
27
33
48
49
33
49
50
54
32
43
30
31
42
57
47
50
39
49
45
39
43
46
49
38
40
55
56
34
36
31
49
45
46
56
60
41
58
19
47
62
31
36
51
52
60
51
30
32
50
17
62
26
48
36
54
34
52
29
43
72
29
49
33
41
32
25
35
41
53
31
67
50
52
52
27
21
50
31
49
32
62
52
52
33
30
55
36
29
49
43
48
52
28
47
37
39
39
36
14
52
49
12
47
41
26
22
60
32
28
39
26
34
55
45
27
47
36
29
50
56
55
50
32
56
40
40
58
31
36
47
56
46
51
48
54
63
52
36
54
55
46
49
32
56
40
47
23
36
52
44
59
42
37
56
38
46
54
54
17
36
37
52
62
31
58
69
54
53
37
52
36
30
36
28
31
58
20
60
27
38
49
34
45
45
58
44
62
25
56
52
42
46
32
35
37
62
35
34
45
52
30
19
24
70
32
32
33
38
29
57
37
27
41
51
36
41
27
28
52
45
33
44
33
60
31
29
54
35
61
52
57
34
53
50
36
44
45
41
27
39
47
38
19
42
49
54
59
53
35
35
34
24
50
35
47
39
24
51
61
37
41
54
37
37
32
36
50
43
39
54
31
45
48
28
49
29
20
51
39
50
8
42
51
59
47
29
43
28
40
51
30
49
33
39
51
37
52
63
55
41
46
34
44
53
48
44
24
35
29
39
33
46
43
43
19
47
51
59
31
49
44
57
45
44
50
24
28
36
35
35
29
29
34
56
46
49
48
57
31
50
54
26
57
37
54
54
39
53
27
29
27
47
46
50
47
57
24
42
48
60
21
46
30
50
41
62
52
36
56
40
30
58
49
34
51
50
52
57
48
47
54
47
49
53
54
47
47
52
56
51
48
55
48
59
41
62
40
59
40
45
51
