52
57
36
32
31
19
53
50
24
29
51
44
56
61
36
46
62
26
45
56
53
31
35
46
48
74
49
27
48
34
60
34
33
43
38
38
52
41
52
24
27
25
31
44
47
35
37
49
41
50
36
44
33
30
31
50
47
54
62
45
49
53
51
48
54
35
54
43
50
50
55
25
25
30
42
45
39
31
32
34
32
33
39
33
24
45
46
55
16
59
39
48
61
56
43
52
34
30
28
37
51
33
59
52
11
36
49
54
57
38
30
44
57
35
40
41
28
39
47
39
61
46
21
36
22
51
47
63
57
49
50
47
41
44
45
35
44
37
14
46
51
32
30
35
51
42
52
38
36
41
22
48
53
56
49
38
52
29
55
30
23
58
56
39
36
46
52
30
51
17
65
39
56
48
39
60
34
21
34
23
35
42
44
37
47
36
44
46
67
31
30
53
54
46
40
42
30
57
68
30
53
47
62
50
52
40
26
46
34
45
29
39
47
37
57
35
28
49
36
22
24
33
41
37
29
53
50
72
29
22
32
31
35
60
31
27
59
30
51
46
40
31
54
38
49
35
34
67
30
38
33
48
49
43
29
46
34
42
45
38
31
30
52
51
47
59
57
51
31
47
30
52
54
47
38
53
44
26
24
39
27
45
47
29
33
30
48
53
49
45
48
49
36
41
54
56
34
37
42
46
59
34
55
14
49
59
40
38
34
36
50
53
32
55
39
32
33
29
34
45
59
75
55
62
46
45
29
56
46
52
65
55
34
22
48
53
49
25
49
29
52
33
35
22
38
32
44
34
47
51
48
40
49
47
59
33
20
32
34
29
55
47
37
54
51
42
33
54
46
52
48
49
4
22
34
54
29
55
53
44
31
56
37
52
56
33
55
65
33
53
33
47
45
47
46
59
47
26
46
48
43
61
43
29
21
35
49
68
29
35
62
39
33
50
45
41
47
29
37
34
46
30
38
40
34
53
61
54
36
57
31
52
34
41
37
45
20
54
30
40
54
56
34
24
55
47
53
34
35
42
35
42
53
33
36
38
55
29
39
49
25
40
51
29
34
44
49
38
47
57
36
35
41
50
54
55
54
52
48
46
51
43
51
36
49
57
53
49
44
44
51
54
44
47
55
42
56
42
46
53
