41
33
29
51
67
27
25
46
55
52
66
33
47
39
39
25
49
75
48
42
18
50
48
65
64
27
55
59
44
53
32
31
31
56
54
30
32
46
31
47
25
44
41
50
48
38
51
35
42
55
40
31
42
42
34
58
64
19
26
52
31
45
42
53
53
45
27
56
28
28
36
41
34
52
48
64
35
58
51
50
41
53
65
43
48
45
29
45
26
54
26
20
52
48
45
42
56
45
34
47
27
8
56
60
16
54
36
46
29
31
27
33
40
46
48
29
51
20
45
24
27
35
33
38
41
52
35
38
51
35
28
51
44
36
53
38
43
52
37
29
27
45
58
33
50
32
17
32
29
59
64
55
50
38
20
56
57
36
42
27
38
54
28
50
50
36
32
59
64
56
34
38
45
34
26
39
56
57
16
52
39
33
35
45
42
37
51
28
65
35
33
33
49
31
50
28
48
49
57
27
53
49
35
56
60
29
27
45
43
20
61
50
55
55
22
33
32
40
63
46
37
22
45
51
39
41
34
32
63
39
53
64
59
18
23
48
48
22
35
51
41
49
55
37
60
44
43
46
46
52
36
53
29
53
47
23
25
56
33
33
48
27
71
35
58
38
52
52
50
50
58
23
54
21
39
49
54
39
21
37
35
48
37
54
38
49
48
65
52
48
56
37
40
46
14
35
65
22
42
18
28
42
32
38
56
26
38
55
50
36
37
53
56
57
47
27
59
49
38
59
34
52
60
56
31
25
38
40
42
50
47
46
40
60
47
61
46
54
45
45
41
48
44
58
59
31
27
41
34
42
51
60
60
27
29
49
31
31
50
55
44
30
62
38
30
27
50
39
32
40
41
21
32
47
29
41
49
37
48
30
47
53
64
58
32
39
38
62
35
52
34
44
17
43
50
42
46
56
49
50
28
35
32
52
32
41
28
35
48
53
29
20
40
39
48
26
50
24
42
47
46
43
48
30
32
33
49
56
43
38
68
53
48
37
54
51
41
42
47
45
51
25
31
39
60
27
25
54
55
46
27
15
18
31
27
56
54
63
40
30
35
48
51
42
30
55
53
53
36
30
38
48
50
55
47
44
64
46
50
44
48
60
52
62
55
38
36
57
47
55
37
65
52
44
33
52
60
57
56
53
