36
38
34
44
59
28
31
26
50
52
45
10
52
31
37
58
49
63
51
54
55
47
30
48
69
50
52
57
42
35
38
37
49
36
77
47
37
66
53
37
59
39
31
61
48
37
63
56
25
51
37
35
46
53
33
27
40
47
33
47
43
54
48
36
47
23
27
31
54
33
52
47
26
55
46
52
59
19
45
30
32
13
25
51
55
32
39
36
50
50
49
42
40
20
54
36
24
44
49
24
40
32
28
34
49
42
47
33
51
23
45
46
41
31
38
34
54
43
35
65
27
45
29
30
51
51
34
46
59
43
29
49
53
45
23
42
42
49
43
34
36
60
49
24
29
40
44
38
23
67
23
40
45
51
22
50
36
57
33
38
56
40
49
32
35
9
43
41
19
20
54
46
44
29
30
30
39
44
38
40
50
66
49
31
46
37
41
59
42
54
37
34
39
49
30
53
52
55
65
49
38
50
52
32
54
52
36
51
30
57
52
23
32
63
29
46
23
38
18
54
54
50
52
39
57
28
37
55
33
48
22
40
30
57
27
43
43
24
43
55
49
41
48
54
25
46
41
53
51
70
40
49
37
47
54
48
15
58
36
36
24
27
43
49
15
59
44
53
48
41
49
48
58
37
59
30
42
55
50
60
52
52
53
39
44
59
45
34
51
22
29
42
54
53
22
32
46
58
46
49
36
35
52
43
55
20
53
36
41
43
49
45
54
47
41
29
54
46
56
52
53
32
33
29
21
39
33
52
31
38
16
58
59
38
45
55
41
56
61
39
28
27
55
34
56
54
52
51
33
30
37
47
15
63
38
38
25
57
51
31
29
48
44
48
49
30
40
66
44
39
48
47
31
51
47
53
56
48
36
48
31
53
43
52
47
46
33
46
63
46
40
29
52
27
36
49
39
57
19
43
44
27
62
41
54
49
55
31
38
37
32
31
49
52
39
37
31
35
38
52
57
35
62
61
51
34
45
40
32
29
44
55
53
30
31
56
33
55
38
62
48
38
31
46
30
51
45
59
29
30
35
38
43
63
40
60
41
51
39
52
56
52
59
56
32
20
32
50
53
27
46
28
33
26
37
68
46
52
60
37
33
41
46
61
58
46
66
62
54
49
43
56
44
49
45
36
50
54
51
38
