61
29
46
51
27
35
37
26
52
33
20
49
54
54
36
24
46
54
31
59
37
51
42
53
34
36
59
30
32
39
30
36
45
52
58
46
29
54
51
44
46
24
33
43
45
49
35
57
33
30
32
45
52
34
37
22
52
31
57
48
44
30
44
13
47
50
41
47
51
42
28
52
57
50
42
60
33
52
48
48
22
40
34
49
36
46
42
54
49
59
44
51
48
47
27
57
46
33
47
43
33
50
19
58
54
53
59
31
48
50
48
41
33
51
32
36
65
28
49
39
69
62
48
49
51
30
48
44
55
30
42
30
29
38
34
44
45
54
46
24
42
59
48
52
41
63
27
57
30
38
39
30
46
54
41
25
44
48
37
57
59
31
57
24
21
40
37
32
43
61
49
42
51
44
31
20
31
56
47
50
57
45
44
39
51
29
46
22
39
49
53
33
36
31
28
59
45
52
50
48
43
58
39
9
29
45
63
35
58
24
58
24
41
54
59
45
39
53
27
30
50
40
46
37
54
27
36
48
45
44
54
30
45
47
24
44
48
57
53
71
28
27
35
57
53
48
48
32
50
54
31
50
42
19
33
54
64
53
47
39
49
27
45
59
23
27
61
48
49
53
42
36
53
40
24
67
42
31
49
55
55
47
45
38
48
25
45
28
37
40
29
37
25
31
12
23
30
19
42
43
40
34
38
44
41
45
61
64
52
17
49
45
41
29
55
16
63
36
32
27
24
63
31
55
41
52
29
40
48
54
22
57
50
45
40
39
55
48
52
46
37
55
49
60
39
43
56
36
36
52
30
50
40
36
24
45
29
34
30
34
59
37
27
48
41
26
31
32
58
57
44
47
70
20
67
43
59
50
35
33
30
29
49
52
38
38
44
49
22
37
53
47
53
44
49
36
52
51
27
23
31
45
57
32
47
42
65
25
53
47
44
40
23
51
48
41
27
47
37
51
47
41
58
69
26
48
56
46
54
29
42
41
46
34
27
19
36
44
41
36
35
51
50
53
44
32
43
29
17
36
57
42
54
52
44
27
74
28
44
67
60
19
47
45
35
53
52
34
59
30
36
44
29
47
55
49
30
28
50
33
27
26
50
56
30
48
33
47
49
57
49
19
56
41
49
49
16
37
46
58
