14
50
46
28
46
39
44
47
37
58
48
22
34
22
52
50
51
33
68
57
50
59
46
32
30
36
31
57
41
50
43
62
42
55
46
34
29
39
46
31
60
50
48
42
51
59
22
44
11
51
23
60
55
52
49
58
45
37
41
63
53
19
47
45
27
40
39
36
30
36
31
56
55
40
38
64
49
37
45
52
33
56
51
49
51
44
39
44
39
29
53
31
31
34
52
32
51
23
60
35
55
44
36
45
52
51
28
35
40
53
30
33
59
55
49
30
35
53
56
10
57
40
59
22
33
40
23
24
28
34
56
53
51
24
49
36
48
39
31
30
46
31
31
53
34
54
49
70
50
32
50
51
54
54
38
50
63
59
17
43
32
29
58
36
45
44
27
39
42
60
26
45
57
55
44
50
31
27
43
53
32
34
48
47
33
18
37
44
52
44
24
51
46
31
37
46
34
46
36
51
55
47
59
22
54
37
26
29
29
42
23
47
22
43
46
40
31
53
13
32
55
41
56
49
49
50
35
30
13
13
55
46
26
54
49
44
54
43
25
47
29
39
59
22
43
55
44
24
54
57
51
41
36
40
46
36
53
50
45
41
41
63
28
28
42
44
49
52
60
68
49
62
28
41
43
56
55
48
32
53
29
24
60
22
54
32
37
76
50
41
46
40
17
49
41
38
50
52
43
38
33
47
33
35
34
41
47
30
64
44
46
15
33
52
55
49
46
33
37
47
29
51
37
52
28
34
49
57
32
42
47
20
57
34
43
25
54
43
26
43
35
70
47
36
45
36
50
31
47
55
34
50
37
38
55
34
57
43
46
12
53
48
38
30
61
58
52
41
57
55
54
49
54
53
61
37
52
51
30
29
44
53
47
47
30
37
37
54
39
50
34
53
28
38
51
34
48
39
33
40
49
35
51
49
35
54
55
48
50
29
19
58
39
54
51
31
46
41
62
52
21
58
35
50
48
37
50
50
62
37
45
52
29
25
40
26
54
49
31
41
36
34
36
40
52
52
60
43
34
36
46
47
58
29
20
62
46
35
22
29
33
53
35
45
32
29
39
46
48
34
60
43
44
33
50
34
43
38
48
42
15
53
40
57
46
38
29
35
47
44
48
35
52
35
36
26
30
46
59
57
