51
61
54
34
44
19
61
68
53
49
27
28
27
28
37
39
32
44
77
60
20
43
46
46
35
44
39
42
52
60
15
44
56
34
36
36
24
29
31
55
24
33
38
34
35
43
32
60
53
39
52
36
57
19
44
48
39
35
54
48
30
35
48
55
49
32
44
39
24
49
46
59
49
34
61
12
37
46
65
52
44
46
38
57
36
51
52
49
18
36
25
32
52
61
67
49
39
31
25
47
39
53
39
33
24
34
60
30
41
23
50
63
50
39
51
51
39
27
52
38
26
31
36
32
51
55
32
56
34
43
32
55
66
24
47
27
47
57
28
44
33
60
44
48
39
62
25
51
32
24
52
42
48
29
49
41
53
38
52
32
21
34
45
45
52
47
28
24
34
46
43
30
39
22
34
63
49
42
45
37
33
55
30
31
64
46
49
45
31
53
40
39
33
49
35
55
47
43
32
50
31
43
44
33
54
48
35
53
47
50
52
39
42
48
43
45
58
56
34
46
33
48
56
61
44
62
29
65
26
41
21
54
48
30
37
43
42
49
55
36
35
36
42
49
28
45
31
27
51
31
35
14
36
53
30
45
51
39
47
44
30
44
51
37
14
32
51
36
15
32
59
40
39
53
34
45
42
31
54
46
33
39
29
39
32
52
37
30
50
44
57
57
53
65
43
20
44
31
44
49
51
27
41
36
47
51
60
61
32
53
36
53
48
32
33
70
49
57
59
42
53
39
70
55
47
47
44
43
56
53
59
57
48
35
32
32
36
33
32
51
22
50
50
37
43
56
51
47
61
49
35
48
55
58
52
30
31
52
50
55
60
37
34
48
46
36
34
41
27
42
54
29
42
46
65
39
51
45
45
35
54
30
33
44
16
60
52
36
60
31
34
59
53
55
51
44
36
60
43
52
56
43
49
43
22
55
43
30
15
32
49
14
35
46
58
56
55
62
55
57
45
60
36
66
55
24
37
51
38
60
21
55
67
44
28
33
53
35
33
60
27
50
44
42
48
47
32
47
34
27
48
39
45
52
41
54
45
37
46
63
51
49
55
51
31
53
47
42
27
33
33
52
52
31
33
22
41
34
41
24
11
25
33
33
55
34
40
18
36
25
38
33
54
26
40
34
35
26
37
31
