51
37
49
40
31
50
53
44
71
52
36
38
54
27
48
25
46
38
66
46
49
27
41
29
36
15
31
47
30
24
69
44
38
15
45
45
48
48
48
56
48
45
53
61
29
38
52
64
37
47
41
56
49
50
37
32
44
57
32
32
16
41
37
28
31
31
59
56
49
30
47
42
41
49
59
48
33
27
51
47
52
60
45
52
46
54
36
24
44
23
30
52
44
28
17
32
33
43
22
54
62
45
46
56
32
65
39
38
61
55
37
52
71
13
38
46
35
55
15
55
57
25
43
27
62
41
75
54
62
50
51
60
20
64
52
41
45
49
70
28
50
36
35
59
52
47
53
52
28
44
50
55
35
49
46
37
28
52
39
38
47
47
32
51
48
43
25
54
25
44
60
48
47
52
32
49
31
53
30
47
77
53
30
49
21
37
58
52
38
51
31
44
45
42
24
52
52
60
56
34
43
46
46
48
58
41
27
18
51
50
53
30
32
36
18
38
38
58
38
57
42
49
12
27
53
44
50
31
44
36
36
45
38
25
55
58
52
47
57
46
65
48
62
14
42
38
50
50
37
56
43
32
37
44
65
44
54
39
46
48
33
55
60
44
25
45
39
54
32
48
35
55
42
31
46
49
30
50
25
15
41
41
44
27
30
34
38
33
29
35
32
43
21
49
39
47
30
49
21
46
35
47
47
39
35
50
53
57
33
28
48
9
44
62
57
31
46
44
54
52
51
44
39
27
45
52
50
54
24
23
32
41
31
29
54
45
20
33
50
37
35
50
49
45
58
44
57
51
35
36
46
57
35
53
51
58
56
49
52
34
51
40
69
59
68
48
34
55
47
56
22
47
31
34
44
45
49
32
27
37
66
34
41
46
48
51
33
34
42
34
34
28
26
49
44
50
25
31
53
32
45
38
46
42
62
65
33
53
23
55
51
38
29
32
18
51
50
40
47
47
25
55
55
49
49
48
59
55
60
50
44
52
46
49
49
53
63
30
55
39
47
31
42
51
44
39
52
34
51
40
35
38
36
60
45
27
50
13
33
35
56
34
36
44
59
26
50
32
23
55
50
50
39
35
21
31
37
38
46
41
31
38
48
47
33
25
22
25
43
28
41
15
30
28
26
36
22
42
36
33
