41
42
37
48
50
51
48
45
40
53
36
53
46
39
41
37
48
35
43
50
37
39
48
51
34
40
58
51
20
54
52
20
56
18
51
33
20
49
36
44
50
41
35
32
53
35
56
40
31
29
29
41
38
45
47
20
56
47
30
37
27
66
30
32
52
41
24
50
45
51
42
22
46
31
16
47
42
54
47
59
57
55
49
21
36
33
27
64
47
63
25
46
37
65
44
41
52
37
48
35
25
50
45
33
49
46
47
48
52
35
59
40
43
44
43
40
36
56
18
36
36
48
31
39
35
39
48
44
40
44
56
29
29
37
52
31
39
46
63
52
37
56
47
27
60
58
52
38
48
53
31
48
50
51
39
27
69
37
27
23
29
31
56
39
52
24
42
37
56
42
45
31
38
33
33
24
49
62
27
54
35
32
49
37
33
47
55
48
47
54
56
36
31
52
34
53
45
52
33
37
37
50
12
48
43
37
51
55
45
31
36
32
64
49
40
44
38
49
40
68
50
47
33
44
36
55
27
37
55
50
77
37
40
36
25
44
35
47
35
44
54
62
33
49
32
34
33
28
42
44
41
26
57
35
56
54
24
59
39
52
43
36
50
45
26
41
36
45
25
38
47
51
46
58
32
62
28
77
57
46
45
47
39
49
55
57
39
58
44
32
44
17
50
53
31
53
57
43
56
35
49
29
51
49
22
34
39
37
44
11
56
41
48
46
49
35
49
62
52
49
54
65
54
45
26
48
25
47
59
42
60
39
34
61
19
41
31
32
50
33
47
47
32
50
54
29
52
34
58
50
38
37
64
40
55
43
44
25
34
42
51
55
45
37
41
44
52
44
48
45
55
44
30
19
37
47
57
38
40
35
40
40
40
37
28
56
54
31
48
52
53
44
29
27
70
32
37
6
53
33
54
55
45
55
39
66
35
49
54
35
55
71
33
67
48
43
57
32
48
23
46
53
34
56
48
24
54
50
28
70
57
46
51
49
45
24
38
49
28
68
33
42
45
36
32
37
49
59
21
27
43
41
44
44
59
45
57
36
38
40
23
49
45
57
45
47
26
53
60
25
60
46
49
38
41
50
32
59
31
45
51
33
40
34
44
41
58
45
52
47
33
31
41
33
19
36
41
31
12
20
