38
41
61
47
48
52
54
43
27
35
52
44
29
46
55
40
42
54
45
48
33
36
47
52
50
36
42
31
43
36
49
40
40
45
58
27
30
57
57
41
34
49
33
41
45
18
31
29
40
46
37
54
26
56
44
53
48
37
47
52
54
43
41
32
62
30
69
58
32
28
36
54
54
44
52
33
77
53
51
35
33
62
29
21
37
49
46
22
44
40
58
64
48
59
43
44
48
32
27
57
36
41
44
22
45
43
27
40
39
31
43
34
40
26
46
46
45
29
59
49
21
64
49
57
31
37
32
61
48
41
36
71
44
57
31
41
23
53
57
31
36
24
33
51
53
62
47
25
53
67
40
28
43
56
60
26
38
35
54
28
44
52
49
39
36
61
33
49
30
32
43
34
27
46
44
43
35
44
55
45
57
44
46
31
57
50
44
43
34
53
50
62
30
56
33
44
47
34
37
47
53
47
54
31
35
24
33
52
52
32
39
42
17
49
42
44
51
62
26
55
62
64
46
32
54
55
40
49
58
54
38
50
51
64
40
50
53
51
23
50
47
47
52
23
52
33
47
56
22
39
35
35
30
43
47
46
46
53
51
51
52
53
32
45
39
67
55
41
48
38
45
31
55
29
39
21
42
49
43
30
44
60
39
55
32
32
38
19
48
40
30
23
31
50
56
32
33
50
46
45
34
54
22
31
50
44
56
36
24
33
35
50
29
51
48
45
59
46
52
62
27
17
52
28
59
63
44
59
49
28
37
28
37
32
39
52
46
49
66
23
41
37
48
55
57
28
60
45
62
55
37
52
35
40
25
27
44
55
53
42
25
54
31
56
31
47
44
34
48
41
28
57
40
50
28
52
27
44
26
44
49
62
51
37
38
50
56
37
46
60
55
62
43
43
46
42
17
22
62
26
60
48
28
49
51
51
49
31
54
34
26
49
36
38
37
33
32
41
37
25
55
30
29
36
31
48
34
38
45
24
34
50
25
50
32
55
22
30
36
50
31
25
30
76
37
47
24
50
57
25
45
35
22
48
26
58
38
51
53
64
36
54
23
60
26
60
26
35
59
53
55
27
54
24
49
50
40
46
35
50
28
54
32
44
44
52
43
40
49
30
38
41
57
35
54
38
41
46
25
24
