31
31
48
34
62
26
54
48
40
25
50
60
27
33
45
43
49
44
57
44
55
56
24
32
57
51
48
52
52
50
57
47
49
41
39
34
28
38
26
36
51
43
45
42
46
28
62
25
51
52
56
58
61
61
35
30
31
29
55
37
72
13
46
31
54
41
31
29
71
44
58
35
47
51
40
46
52
32
47
43
24
33
59
37
43
46
54
48
39
51
32
43
46
46
52
34
11
52
30
24
58
42
72
54
50
56
56
49
57
45
36
42
43
46
25
14
32
37
50
48
51
52
49
33
43
35
28
51
36
43
60
52
54
46
53
29
35
33
24
46
50
43
55
50
56
51
49
62
47
57
33
36
50
26
51
36
32
32
21
33
36
17
38
42
48
47
51
33
38
43
57
35
29
42
38
57
51
39
44
47
20
31
36
66
30
56
34
30
51
55
40
33
50
28
54
55
52
46
29
63
33
51
46
29
26
55
33
61
28
56
50
33
30
55
41
39
33
39
45
34
31
9
42
44
50
60
51
32
39
55
28
48
19
52
27
38
47
39
45
27
29
34
31
39
47
54
51
37
20
56
48
40
40
34
44
40
42
49
55
36
32
46
28
51
52
45
4
45
29
45
29
42
38
32
40
41
41
54
41
25
41
41
48
49
61
37
37
47
47
48
46
19
57
25
31
38
34
48
32
45
50
51
58
19
38
44
38
46
52
27
41
31
30
47
25
57
49
31
53
52
25
43
57
45
29
52
39
57
56
37
36
45
31
47
52
29
43
53
46
30
41
33
60
47
72
52
52
43
48
59
35
38
57
56
28
53
50
53
51
56
31
54
31
27
42
45
28
37
27
29
34
31
51
69
47
37
41
25
38
40
44
31
49
30
48
25
16
36
34
32
37
35
35
33
50
56
14
57
36
40
24
52
52
47
39
37
52
38
25
35
37
56
50
31
47
59
48
51
19
32
58
8
42
61
40
35
43
40
33
33
38
48
48
49
42
51
27
39
36
50
33
60
30
35
36
29
22
31
36
32
27
31
38
53
37
25
31
32
34
38
52
40
34
37
26
51
52
48
45
40
48
49
36
46
42
40
51
64
54
52
57
41
60
50
55
64
34
58
49
47
42
45
44
78
50
47
43
58
55
44
