47
52
34
23
32
24
46
47
30
24
54
49
40
41
54
30
40
32
48
33
31
20
30
27
32
39
29
48
17
28
53
30
53
51
52
35
28
51
34
31
36
32
51
42
44
33
50
53
72
31
27
36
48
24
27
55
37
24
36
45
38
38
52
32
33
51
38
47
64
32
40
46
47
53
56
39
52
30
34
31
23
43
52
37
58
51
39
36
24
35
40
44
49
38
32
26
42
40
43
39
60
55
57
8
51
52
37
46
33
47
34
58
39
53
29
52
54
50
50
35
34
44
59
57
26
48
60
38
41
33
53
49
51
42
64
47
55
38
17
59
44
39
53
41
28
65
27
48
51
55
10
31
41
44
54
43
39
59
48
33
57
45
36
33
44
52
16
50
31
44
52
49
56
59
39
51
34
47
39
35
39
31
27
24
41
48
36
21
62
51
51
46
32
30
29
39
51
66
27
59
45
47
37
52
42
48
54
20
38
47
49
76
27
58
36
40
29
47
27
10
47
35
35
29
43
51
38
54
38
38
42
42
62
46
53
35
49
31
49
35
61
54
46
39
22
67
62
52
26
35
51
31
31
35
46
39
54
30
49
27
23
60
37
59
33
52
54
29
47
35
32
51
36
43
42
58
31
28
32
45
15
39
28
47
55
22
63
49
48
52
47
27
55
50
43
38
61
46
39
27
33
41
59
40
52
38
59
34
51
70
40
44
57
23
47
26
32
52
19
26
28
80
49
24
48
36
31
48
32
42
42
43
30
31
50
38
34
33
54
34
47
41
33
54
29
36
47
48
44
48
57
30
34
27
47
52
57
64
69
27
51
46
58
58
34
34
32
50
25
58
42
32
56
62
60
31
52
51
57
31
47
43
41
56
55
37
43
36
45
49
34
41
46
57
48
62
42
50
55
57
53
29
39
46
47
27
37
49
52
36
30
55
64
32
45
33
64
61
53
34
35
11
22
49
34
51
56
53
63
42
48
31
39
53
52
26
48
44
50
44
55
53
48
57
40
52
53
46
48
39
56
51
42
46
44
62
25
40
46
53
29
36
50
49
52
30
71
7
24
22
50
34
49
62
33
34
56
29
33
58
47
55
53
48
55
62
44
54
44
42
56
34
37
54
43
53
53
51
61
47
