33
35
34
42
46
54
32
40
40
50
49
53
26
30
29
19
37
52
54
58
23
53
42
56
53
49
33
30
54
52
30
45
52
52
31
39
36
37
43
44
23
38
57
34
36
30
35
37
53
21
60
27
41
49
36
29
27
45
53
30
56
31
38
61
40
30
60
36
25
53
45
47
14
34
48
50
23
34
50
28
49
45
42
38
48
44
59
33
49
30
28
50
32
31
52
53
45
28
30
35
35
39
32
40
35
48
58
38
30
26
48
27
26
57
30
49
34
41
31
77
34
22
30
30
50
50
51
54
25
5
33
41
67
31
29
27
36
52
53
41
34
33
46
33
47
30
51
45
16
37
32
35
56
54
51
57
44
49
42
27
52
33
42
52
17
53
27
26
51
15
55
50
36
37
52
49
46
52
54
39
27
34
52
32
26
60
46
60
37
57
54
42
26
49
51
52
63
45
34
24
38
42
49
56
54
51
50
22
52
34
58
51
48
38
55
46
25
28
46
58
57
57
55
51
54
68
50
61
33
37
13
57
41
36
30
30
56
51
41
50
50
30
59
54
48
53
56
57
66
30
31
36
34
56
52
46
25
64
38
50
44
51
29
37
34
48
42
32
53
31
37
36
49
72
44
33
22
53
44
15
40
40
53
49
40
48
31
33
43
49
46
60
37
32
39
30
46
37
35
44
55
24
44
51
40
23
68
35
27
50
42
45
42
25
50
46
31
37
38
52
59
49
50
17
40
35
37
36
33
52
40
61
52
34
53
23
47
47
45
27
56
30
27
35
48
60
28
58
42
46
27
44
32
64
56
49
39
40
39
39
29
52
49
37
37
58
44
30
44
51
35
55
56
17
33
35
39
37
59
50
47
37
33
45
53
51
48
29
38
21
39
31
51
49
34
28
28
47
50
47
33
43
20
28
34
48
49
32
45
59
33
45
34
44
40
50
47
59
46
47
34
16
59
53
56
51
56
38
25
52
56
54
47
49
39
52
41
33
27
30
56
52
28
12
29
28
40
44
45
26
42
51
51
54
41
46
71
46
48
38
23
27
46
42
43
35
49
53
49
59
46
47
47
50
52
46
46
47
56
36
64
63
56
36
49
52
54
37
63
42
50
62
53
53
50
43
53
55
52
45
