40
31
46
36
75
48
50
42
30
41
27
54
31
64
38
35
55
58
36
52
55
27
46
28
42
59
35
54
38
15
42
53
38
57
47
39
56
56
40
31
67
55
52
50
46
40
47
33
50
33
46
23
23
30
29
34
38
47
55
46
50
60
44
36
38
50
56
51
48
40
25
59
49
54
52
40
45
40
55
51
59
47
56
56
30
24
31
51
34
53
43
41
43
27
54
43
39
39
44
37
25
34
26
52
59
32
32
34
52
47
34
29
30
69
39
64
35
46
48
47
34
51
49
52
41
40
44
31
52
37
55
51
33
50
31
38
49
43
34
20
62
33
29
37
43
37
43
50
26
52
37
56
46
46
48
56
50
39
38
29
39
28
36
44
33
8
31
59
50
45
52
48
40
46
39
55
55
44
18
31
52
38
33
32
53
53
34
62
58
25
47
45
53
32
54
31
51
32
40
38
62
56
28
48
35
36
37
55
28
52
43
50
56
55
33
33
34
53
48
47
55
58
48
69
49
49
33
47
44
52
52
19
53
52
20
52
37
31
44
28
27
57
50
36
31
27
38
51
53
41
65
33
58
39
47
44
23
53
45
32
47
55
45
37
54
38
34
34
57
52
45
40
31
33
56
36
42
44
46
68
44
53
36
47
36
52
31
54
67
33
30
49
51
49
49
50
49
26
49
50
43
39
35
37
37
24
55
22
35
37
28
54
31
30
59
56
41
50
57
20
50
24
60
59
48
53
30
37
28
39
48
34
45
50
37
38
33
38
46
51
31
39
18
36
60
53
56
35
51
33
52
47
38
57
48
55
32
48
64
49
36
47
55
57
44
51
47
58
61
41
41
49
28
46
54
42
53
45
29
43
50
46
53
33
35
26
27
9
41
36
19
30
16
19
48
51
67
54
42
31
42
38
26
43
30
33
57
36
43
55
60
48
52
47
57
39
54
36
39
27
33
36
37
56
47
54
59
49
51
53
53
53
36
52
46
29
31
41
33
27
41
36
67
26
35
28
51
51
35
54
56
31
53
51
46
55
42
47
29
41
49
45
51
37
28
39
27
41
37
45
29
45
42
70
25
30
33
35
17
27
24
30
34
24
24
39
29
39
24
39
41
43
42
34
32
40
16
22
27
29
