54
32
34
57
38
33
37
57
49
42
35
23
55
30
33
56
40
23
25
36
54
21
47
15
33
64
22
23
30
57
29
47
28
45
28
53
46
18
33
36
47
46
24
54
32
47
24
34
21
31
42
58
70
52
40
17
18
50
35
52
32
39
56
59
53
46
55
51
50
35
58
26
49
36
20
43
44
47
43
36
56
34
43
30
26
62
22
42
29
62
50
52
41
33
40
52
35
37
29
49
40
34
71
55
48
29
47
53
41
38
37
42
47
46
39
39
36
36
51
36
38
48
29
44
29
58
36
50
53
49
40
36
57
56
34
38
31
32
40
46
27
49
34
38
35
26
51
58
28
25
41
21
31
32
41
54
52
46
46
23
52
42
50
52
41
44
35
46
57
60
44
58
34
53
45
51
31
41
37
35
25
25
51
50
60
20
60
22
36
47
49
45
47
34
51
34
42
63
44
51
52
37
51
48
29
37
56
44
25
27
43
53
62
59
62
15
70
39
48
49
41
53
49
47
32
64
37
21
42
57
47
59
47
59
45
53
49
35
26
53
33
49
35
33
31
58
45
51
35
45
50
33
47
39
31
37
48
50
44
35
48
48
47
56
29
41
50
16
52
49
49
35
34
35
44
49
37
36
49
34
48
43
37
35
52
47
19
58
41
31
61
52
31
50
30
49
51
37
30
66
27
35
38
32
56
54
41
54
28
60
48
54
39
34
51
33
42
56
44
50
29
32
53
57
53
52
40
41
36
53
56
31
50
57
50
37
55
41
15
41
24
20
51
50
46
41
45
30
71
25
41
55
34
35
54
52
43
31
51
49
50
50
43
28
41
28
52
60
50
41
55
57
55
55
51
22
24
34
53
38
30
30
51
57
40
36
42
47
21
42
26
35
40
50
39
48
66
46
50
52
46
38
50
45
52
36
52
30
47
47
55
42
41
30
43
29
21
34
48
55
46
36
49
34
57
27
52
50
29
28
45
39
51
63
47
53
36
30
37
31
53
47
29
46
43
48
33
39
50
41
45
56
46
44
56
51
31
22
57
48
30
44
58
54
47
36
48
50
50
33
13
44
37
53
41
30
53
28
36
55
52
33
55
44
23
51
34
51
49
58
40
31
46
50
37
48
57
48
43
46
