29
58
36
33
53
33
47
45
49
33
29
57
29
51
52
42
31
32
57
47
63
46
51
56
44
15
43
57
53
46
55
69
34
41
39
56
49
59
52
30
41
57
35
50
38
27
42
25
50
12
41
21
29
36
66
33
44
24
37
47
41
37
63
44
31
57
36
49
49
52
40
42
49
26
33
39
35
36
46
51
39
21
40
33
52
22
42
48
72
48
37
23
27
28
29
55
46
45
51
39
51
52
46
51
64
60
44
51
42
28
12
19
53
53
49
30
37
36
31
45
27
32
44
43
27
45
47
56
41
40
37
31
49
39
29
43
25
56
32
38
48
32
30
49
48
38
21
41
37
36
21
34
39
64
13
34
79
31
45
31
45
48
55
64
34
54
50
35
63
31
34
53
53
57
41
48
35
33
35
46
32
44
33
50
37
36
50
28
35
67
37
46
31
54
21
56
31
20
10
49
41
48
26
42
29
50
16
51
38
64
49
33
26
51
32
39
42
39
30
36
28
55
36
41
33
41
33
56
33
26
42
47
53
27
40
38
51
52
30
50
17
58
54
37
50
51
39
59
33
38
29
39
47
60
43
51
34
32
42
24
47
38
32
49
53
50
52
53
55
37
30
54
42
49
35
46
35
47
44
47
42
13
36
60
32
51
43
58
52
31
60
55
18
44
63
42
36
44
33
47
35
52
22
33
41
38
56
42
56
61
38
50
56
50
58
41
48
63
55
65
38
37
48
48
45
59
47
18
50
47
48
49
50
56
38
51
56
23
55
37
49
49
41
32
49
31
38
48
38
48
48
44
51
38
22
27
26
29
27
62
33
36
34
44
55
34
33
32
27
34
44
49
51
50
49
49
56
45
54
38
48
39
42
30
36
29
55
48
51
33
48
39
53
51
55
55
34
42
34
57
27
41
38
51
54
35
34
43
30
24
58
66
50
40
52
29
51
36
22
53
35
42
60
44
46
29
51
40
61
54
25
37
53
36
63
45
25
49
45
51
45
40
43
45
40
45
52
26
36
19
47
42
49
49
45
47
54
56
48
53
28
30
51
61
55
53
48
59
47
48
38
55
57
50
50
44
55
53
48
54
52
42
46
50
45
51
53
63
48
63
53
49
51
45
55
57
46
45
45
39
