40
29
34
41
36
36
27
67
18
36
48
58
44
54
41
56
26
27
50
52
34
35
46
60
44
49
51
24
40
52
41
35
42
43
34
53
39
42
30
56
30
33
52
8
27
48
21
46
48
48
52
42
24
48
26
30
52
20
49
63
45
29
45
44
57
29
53
31
25
27
44
17
67
41
27
43
49
60
40
48
44
33
33
35
49
34
53
47
43
57
44
40
40
55
28
54
57
29
50
45
38
31
56
51
54
58
31
31
37
32
58
30
38
58
51
41
34
57
45
31
53
33
38
64
41
47
62
63
30
55
53
54
55
26
54
27
45
50
44
49
33
6
38
42
29
39
44
37
52
35
52
53
54
43
32
36
31
24
22
29
48
52
40
47
28
42
41
38
40
28
54
35
28
52
22
48
38
27
49
32
41
46
19
32
52
54
41
54
30
59
34
47
49
32
56
53
30
52
44
35
41
64
36
34
34
49
30
48
52
56
67
61
51
42
45
42
50
57
56
32
39
51
45
49
50
34
30
45
47
37
51
51
36
30
62
64
55
52
55
40
42
48
32
45
31
60
46
63
49
54
14
35
46
60
31
55
54
29
31
47
43
48
30
57
54
30
54
56
32
52
48
49
40
45
22
57
34
57
41
29
48
29
39
41
54
58
14
14
60
23
45
33
70
40
47
43
29
48
43
35
52
46
25
26
37
11
49
63
57
32
51
32
39
31
50
39
55
44
42
50
30
33
50
23
62
38
51
50
35
47
33
33
33
55
36
53
40
56
50
47
32
32
44
51
27
32
46
27
67
49
49
29
50
37
28
57
52
24
11
50
51
37
29
19
55
50
48
51
30
73
53
45
45
49
37
29
45
61
29
54
55
50
51
37
48
28
44
35
52
56
42
47
41
54
53
20
33
28
46
51
52
44
54
33
47
34
57
47
55
60
50
47
31
34
44
34
58
45
39
40
52
27
38
65
64
29
54
29
35
46
65
51
48
45
61
34
40
49
48
33
59
44
31
30
34
62
48
45
53
54
35
52
32
31
52
46
42
50
72
52
62
41
57
45
28
36
59
42
50
47
54
66
45
42
34
51
41
52
49
41
57
49
59
35
50
49
58
58
44
48
41
48
65
56
53
52
41
41
47
54
