49
49
48
32
36
54
52
43
28
49
52
29
57
63
56
36
43
53
47
39
36
37
39
44
54
56
45
53
40
69
27
43
33
39
57
58
31
32
49
48
33
54
29
23
32
30
29
52
48
31
29
35
30
52
29
38
36
49
62
51
47
39
42
34
25
56
43
41
57
47
33
32
16
19
29
56
45
46
52
39
28
40
28
38
51
45
38
52
38
49
30
55
54
31
52
67
32
28
49
16
41
41
51
35
44
30
32
55
55
46
44
42
44
34
59
44
41
55
36
41
51
40
47
34
60
47
46
44
25
30
47
47
39
58
30
47
49
23
37
52
50
34
57
52
50
57
44
53
48
59
52
48
37
49
42
49
34
64
50
45
37
37
44
52
56
40
67
37
25
28
32
27
51
53
30
46
31
37
33
54
47
28
47
52
40
36
44
53
50
46
60
34
38
45
54
41
41
34
27
56
64
30
41
43
37
57
53
27
35
40
41
35
36
32
54
44
56
41
56
32
26
45
76
30
33
52
35
52
23
31
51
32
44
41
36
33
57
52
32
45
32
24
35
36
30
30
33
20
48
56
49
51
47
50
41
36
45
54
37
52
40
24
50
46
42
52
35
44
52
50
31
51
50
34
28
49
38
49
30
29
53
59
43
34
55
57
25
65
41
52
23
43
49
47
40
38
36
37
53
30
62
47
59
46
49
30
47
39
60
49
35
48
51
17
30
19
51
32
37
36
17
44
35
44
68
36
45
49
17
56
48
47
48
55
57
58
36
57
48
47
58
49
32
33
51
28
36
35
41
31
53
49
50
55
23
23
74
31
55
49
39
49
57
31
38
28
31
54
28
56
48
30
37
58
19
27
40
47
57
55
35
47
31
57
24
29
44
30
43
48
46
64
52
29
40
27
46
35
41
65
47
63
35
37
53
30
46
44
56
48
35
53
20
24
53
59
46
42
50
55
30
34
33
36
56
22
53
37
60
46
52
42
25
58
25
54
46
49
56
29
55
46
49
18
51
58
17
49
54
55
33
48
64
36
37
22
37
31
34
37
41
49
27
48
39
48
29
56
54
52
49
38
31
36
44
41
63
51
32
24
28
46
51
51
29
59
53
69
35
33
46
31
38
62
45
37
31
30
52
16
