14
32
35
34
46
52
35
39
39
38
49
50
45
39
24
55
49
28
57
27
34
27
34
35
51
35
55
36
55
30
51
43
46
31
45
29
53
26
48
48
54
40
47
45
48
51
51
33
37
38
31
48
35
27
25
33
40
35
57
34
55
39
31
37
69
27
52
31
52
16
55
34
27
53
33
43
46
29
40
49
33
59
49
51
44
60
32
62
63
26
31
52
53
42
33
46
47
30
37
47
53
48
19
46
28
27
34
34
44
48
55
23
46
62
31
35
48
41
48
30
58
31
22
44
27
34
40
68
32
43
25
54
27
26
17
50
34
58
59
18
35
46
56
54
41
43
27
44
40
28
59
28
61
43
33
35
37
37
38
54
37
34
47
30
63
35
27
45
44
32
27
31
47
45
53
50
42
27
37
55
48
50
36
33
51
53
54
37
29
41
41
41
24
48
58
30
54
28
56
33
44
45
33
43
40
25
55
50
35
50
24
37
10
46
39
34
34
38
57
43
54
49
35
41
44
51
51
35
50
50
52
43
47
36
35
38
36
37
29
44
51
64
49
48
58
30
44
47
62
44
33
46
26
58
24
63
43
54
46
37
38
34
60
37
56
31
45
54
34
31
40
49
50
58
40
50
62
56
49
37
32
39
33
49
52
32
55
42
43
50
54
43
42
50
41
51
51
51
34
65
48
57
53
46
56
42
27
46
8
33
52
37
29
48
49
64
60
37
45
55
49
49
64
35
42
57
37
37
41
48
30
41
57
33
34
52
33
42
51
41
43
41
51
37
28
29
52
45
48
34
35
62
27
53
47
53
69
41
36
20
52
45
55
44
27
12
42
37
65
38
37
53
48
57
23
30
47
54
57
39
37
4
36
30
37
58
44
54
42
37
46
67
52
54
27
61
53
52
36
37
47
31
25
52
43
60
28
42
38
29
46
53
26
33
48
18
39
43
47
51
35
43
43
26
40
58
41
55
46
63
52
63
34
41
55
49
31
37
35
37
47
41
43
52
34
56
49
43
50
41
50
30
39
38
40
40
42
60
52
48
44
30
31
52
43
67
41
27
45
24
42
61
43
46
48
63
55
60
28
54
47
43
30
58
51
48
43
47
61
44
62
48
53
53
51
44
35
38
42
52
