67
37
35
35
36
31
38
60
33
31
46
35
47
54
13
48
49
20
46
72
52
52
48
50
54
32
45
31
59
49
52
31
25
34
45
43
30
40
50
39
55
32
48
25
38
43
52
62
36
37
30
51
39
33
37
33
45
70
24
44
31
39
18
44
44
70
36
45
63
65
35
41
37
35
39
34
38
37
51
51
64
40
37
46
47
37
54
28
30
39
35
52
55
48
28
47
42
38
31
51
62
57
36
45
24
34
42
33
34
40
37
36
47
62
55
51
51
34
58
39
32
59
28
33
55
41
31
49
44
56
40
58
70
57
44
47
50
57
31
31
63
42
34
45
35
35
32
41
63
31
51
47
54
47
37
24
55
50
46
48
27
40
55
30
50
26
55
54
37
51
51
24
66
65
39
51
31
53
51
39
33
28
46
51
29
51
37
42
31
27
49
52
50
46
22
46
50
49
57
27
39
30
49
47
74
39
40
65
55
29
45
23
25
22
48
55
52
46
43
49
48
30
23
47
26
43
53
31
21
62
65
39
60
44
42
33
39
54
32
59
39
49
42
37
39
44
29
47
50
49
27
63
36
38
60
42
35
27
9
40
36
39
40
34
48
45
56
34
43
54
51
39
27
47
56
47
44
38
47
32
36
52
61
31
60
37
52
58
52
29
49
45
58
41
34
49
57
51
49
51
47
36
37
50
17
41
53
46
46
23
48
18
30
44
38
48
42
75
28
30
55
34
37
42
38
41
31
36
53
44
41
54
60
52
51
31
64
23
53
40
35
44
35
54
56
54
54
37
37
28
46
33
44
31
48
47
44
42
48
29
32
14
41
28
49
41
26
53
40
51
27
43
23
29
50
54
57
47
56
44
56
32
48
38
37
46
50
56
27
65
30
53
38
47
31
50
47
57
29
49
56
54
52
46
58
32
26
29
34
30
20
43
56
6
53
26
30
54
40
45
51
46
62
59
55
32
48
34
49
35
50
29
62
39
21
41
39
31
52
50
32
55
63
53
51
40
47
42
46
42
40
56
49
20
39
51
34
55
34
32
9
53
44
43
48
56
49
48
34
53
58
58
30
44
40
27
41
49
33
33
42
44
26
47
54
41
38
43
53
55
45
37
45
53
39
30
57
43
53
47
