50
53
41
34
58
58
42
49
32
48
25
48
18
20
52
57
50
52
35
35
49
52
39
67
54
36
17
64
43
30
44
26
46
31
51
33
46
47
33
47
56
36
48
43
38
23
40
35
55
40
23
47
40
49
41
48
50
38
46
43
35
58
26
59
31
47
65
52
60
54
49
35
45
49
50
32
57
47
55
44
35
58
44
34
21
36
49
48
16
41
55
27
54
45
39
49
51
50
56
48
42
48
29
37
58
15
31
56
33
27
48
35
28
31
41
47
34
19
43
33
60
57
53
54
47
28
37
34
38
38
56
55
46
51
50
35
43
55
39
23
27
41
33
57
31
42
52
39
45
24
19
53
46
25
58
43
45
32
41
50
33
37
34
60
43
34
33
49
37
31
41
48
65
47
29
36
44
46
31
45
41
35
57
54
52
50
64
52
56
48
39
66
31
46
45
57
52
49
41
45
30
65
52
30
44
72
32
50
65
51
53
63
47
36
42
55
43
31
57
51
19
73
67
32
52
49
18
55
40
13
35
64
42
28
54
32
55
47
49
31
34
30
46
29
35
73
37
54
29
30
39
28
42
35
57
49
59
63
26
39
27
49
48
27
38
34
34
57
56
35
52
30
39
35
50
34
39
45
32
47
54
26
31
34
32
44
54
34
34
51
45
29
38
42
46
56
31
45
54
27
35
49
31
45
35
46
51
50
38
35
48
49
56
57
56
39
41
35
54
28
28
44
56
31
55
50
34
32
33
39
47
38
58
47
65
40
53
38
34
27
52
51
35
34
29
31
54
59
45
53
46
46
37
40
54
34
24
51
51
39
48
42
14
54
57
42
19
41
30
35
46
39
49
25
42
45
55
45
34
60
27
53
40
30
54
47
68
53
22
52
53
37
36
61
50
27
50
24
39
35
51
40
32
56
22
49
26
48
53
25
48
51
23
38
44
35
32
49
33
55
47
57
33
46
36
38
33
47
48
39
25
31
53
55
36
38
35
58
32
40
34
55
35
56
75
33
52
36
41
49
30
44
65
46
41
33
44
21
53
34
32
50
16
55
52
34
32
48
50
49
22
47
34
48
39
35
70
50
17
18
44
40
53
29
52
54
46
49
51
49
50
53
35
61
36
51
50
47
57
47
