29
18
21
43
68
59
48
38
30
49
22
51
53
27
48
52
50
49
59
27
18
31
39
47
38
52
55
45
44
26
59
58
26
38
38
61
50
30
48
51
53
46
26
58
42
60
39
48
53
54
51
48
23
47
33
52
73
38
31
45
59
49
37
42
27
49
40
48
30
39
56
60
25
24
54
52
32
45
52
46
59
30
51
50
56
34
63
37
42
47
23
40
50
34
47
17
50
62
25
44
44
41
47
57
20
52
32
22
28
32
33
58
48
28
49
35
30
46
27
32
56
47
45
25
36
53
50
45
40
51
46
34
60
48
41
62
47
53
52
56
52
48
48
35
26
30
46
60
48
59
48
50
49
36
54
32
57
48
27
57
29
63
46
41
59
23
34
57
28
50
21
49
28
28
45
33
37
55
45
39
57
54
24
41
39
37
33
33
59
42
29
35
47
49
54
41
47
30
45
58
48
26
30
57
28
38
50
18
52
35
59
52
36
55
31
31
35
48
33
25
53
48
18
59
45
49
39
49
56
44
45
41
59
33
38
47
38
30
56
52
55
56
56
59
67
36
34
34
46
46
45
45
44
61
34
45
23
41
51
47
33
39
56
63
33
17
38
50
53
34
46
61
48
32
50
55
54
22
60
28
36
33
40
35
55
25
53
31
46
29
44
50
52
23
30
40
30
49
51
46
58
53
36
41
48
30
50
61
63
38
42
42
39
56
37
4
25
36
34
46
47
41
40
39
30
41
43
51
33
33
55
39
16
41
58
53
65
65
49
44
52
31
16
47
41
17
51
30
58
53
29
34
67
39
34
32
48
46
43
60
52
51
55
44
11
54
44
33
45
52
45
52
52
50
36
21
50
48
53
28
44
43
27
32
53
31
32
31
32
33
31
33
43
53
35
35
47
50
43
53
26
35
30
39
30
34
36
47
32
39
38
52
51
43
43
36
56
38
63
37
58
47
50
67
43
29
43
40
34
39
47
36
17
48
24
50
36
51
45
64
26
19
45
53
52
52
49
31
58
58
57
51
46
29
26
45
53
32
69
34
42
49
47
39
40
47
47
50
56
28
28
53
42
48
57
49
44
41
47
38
31
37
49
27
24
44
34
44
49
43
38
26
48
34
49
33
44
53
47
61
