52
57
29
36
26
56
53
50
31
35
51
44
56
61
27
46
62
34
45
34
53
33
43
46
48
74
49
38
48
38
60
41
24
27
25
31
52
44
52
35
36
33
31
45
47
49
37
49
41
50
48
44
43
30
25
50
47
54
62
25
30
53
51
39
54
35
54
31
50
50
55
32
32
33
42
45
39
33
24
34
45
16
39
30
28
37
46
55
33
59
11
48
61
56
43
52
34
36
38
30
51
35
59
52
40
41
49
54
57
28
39
44
57
21
36
41
44
35
47
39
61
46
37
14
22
51
47
63
57
49
50
47
32
30
45
35
44
36
41
46
51
22
29
30
51
42
52
38
23
36
30
48
53
56
49
38
52
17
55
39
34
58
56
39
21
46
52
34
51
23
65
39
56
48
35
60
44
37
36
31
30
42
40
42
47
30
44
46
67
30
40
53
54
46
34
29
39
57
68
28
53
47
62
50
52
22
26
46
24
45
33
37
47
37
57
35
29
49
36
29
41
22
53
32
31
50
72
60
35
31
27
30
31
59
38
35
51
34
46
40
54
30
49
38
67
33
29
48
46
34
42
49
43
45
38
31
30
31
52
47
30
38
51
47
59
57
51
52
26
24
39
54
47
53
27
44
47
45
33
36
34
37
29
30
34
48
53
49
45
48
49
41
14
54
56
42
36
39
46
59
55
32
49
33
59
40
38
34
50
29
53
32
55
45
34
29
46
34
22
59
75
55
62
46
45
56
25
52
29
65
55
48
53
33
49
49
52
35
34
22
47
38
32
44
40
33
20
51
48
49
47
32
59
55
47
34
29
37
33
4
54
51
22
42
54
46
34
52
48
49
54
55
29
44
31
53
37
56
52
33
33
56
26
55
65
29
33
53
47
45
21
47
46
59
47
46
48
35
43
61
43
49
68
29
35
39
62
50
33
41
45
29
37
47
46
34
53
30
38
40
61
34
36
31
34
54
57
52
37
41
20
45
30
54
40
54
34
56
24
34
55
47
35
42
53
42
53
35
33
36
55
29
49
38
39
25
51
44
40
49
29
47
57
34
38
41
50
36
54
55
35
54
52
48
46
51
43
51
36
49
57
53
49
44
44
51
54
44
47
55
42
56
42
46
53
60
57
40
42
53
