46
30
24
22
33
35
46
34
54
22
62
47
51
64
25
33
49
41
43
22
45
48
47
49
32
49
33
24
27
53
35
39
32
34
45
32
39
33
17
23
45
43
38
57
25
56
26
47
47
42
47
36
27
46
56
57
45
50
34
48
27
43
50
21
29
31
55
50
64
44
47
55
29
39
30
54
16
47
33
31
41
31
43
34
52
31
48
46
55
68
40
39
63
76
32
32
63
39
46
34
59
45
30
45
34
26
46
46
32
49
54
39
39
46
35
53
43
29
39
48
22
71
33
36
32
32
45
50
28
56
42
39
36
54
32
35
33
55
33
51
36
63
58
61
37
53
47
52
29
67
48
45
48
44
33
46
45
51
50
50
24
14
31
57
38
34
48
23
38
50
30
22
56
31
50
49
38
41
43
48
31
44
44
44
55
41
35
54
56
49
41
56
47
32
42
53
54
53
27
29
47
37
56
60
57
53
29
38
28
48
41
52
34
45
54
58
25
41
47
34
49
20
34
38
12
37
38
51
54
48
27
34
57
48
20
54
35
40
33
47
50
18
25
40
29
51
45
51
47
51
36
55
49
65
60
44
52
47
27
54
29
33
41
27
39
36
40
42
28
55
45
30
49
38
22
34
59
58
39
53
25
54
32
51
46
37
62
41
30
46
53
56
57
37
41
66
44
56
38
51
57
53
29
33
54
39
24
65
31
57
27
41
34
58
54
57
44
70
34
32
50
61
55
47
32
56
51
41
59
58
44
37
50
48
33
51
48
51
39
59
60
46
37
9
35
52
24
39
53
41
53
52
46
56
31
50
57
39
21
53
48
66
43
42
56
22
36
48
55
28
48
34
42
52
33
51
47
33
30
43
49
68
45
48
21
41
49
24
64
35
33
52
34
52
38
39
48
74
51
34
22
36
48
29
28
37
35
52
35
58
56
59
48
32
35
50
43
41
52
44
52
31
49
51
50
46
53
48
54
61
58
42
63
28
31
33
31
51
44
43
49
51
32
67
39
43
46
48
29
60
30
44
31
27
53
48
45
53
36
57
54
51
41
30
32
30
14
30
36
58
38
41
47
30
54
53
32
49
44
29
49
29
54
41
36
58
50
39
30
54
42
48
30
41
33
25
13
26
29
52
