39
38
31
44
59
56
25
52
37
45
52
35
58
33
27
49
63
51
54
55
47
48
40
69
52
33
57
42
35
49
36
77
47
23
37
66
53
37
61
48
27
31
33
37
63
51
46
52
47
53
26
47
47
43
19
45
30
54
32
48
47
54
55
13
46
25
51
32
52
39
36
20
36
59
55
50
50
24
44
24
40
32
28
34
49
47
33
23
42
40
54
49
49
45
42
31
38
51
46
34
43
35
27
45
41
54
29
30
65
51
34
51
46
43
29
53
59
45
23
49
42
49
34
36
42
24
29
43
60
40
49
44
38
23
23
67
22
36
40
33
38
45
51
40
32
35
50
9
41
57
19
56
49
43
20
54
29
46
30
30
44
44
39
38
40
31
50
66
37
41
49
46
59
37
34
42
54
39
30
38
49
53
52
32
55
36
30
65
49
50
23
32
29
52
23
54
52
51
57
52
38
63
46
18
54
50
54
52
39
57
37
28
33
55
22
48
30
27
43
24
40
57
43
41
43
25
55
49
48
54
41
46
40
53
37
15
51
36
70
49
47
36
54
48
24
58
27
43
49
59
15
44
41
53
48
49
37
48
30
42
39
45
58
59
34
55
50
60
52
52
53
44
59
22
51
29
42
54
53
46
58
46
52
22
43
55
53
32
49
49
36
35
54
47
20
36
41
54
46
41
43
45
56
52
53
29
52
32
33
29
16
21
58
59
38
39
45
55
41
56
61
33
31
38
39
27
28
55
34
33
56
54
52
51
47
63
38
57
51
30
37
48
44
15
48
49
30
40
66
38
25
44
31
39
48
29
31
47
51
31
47
47
53
56
48
36
48
53
43
52
46
46
33
63
52
49
39
57
43
62
46
54
49
38
40
49
29
52
39
27
36
19
52
44
27
57
62
61
41
51
55
40
44
31
55
53
37
32
56
31
37
31
55
62
48
35
38
35
34
46
51
45
45
59
43
32
29
63
30
31
40
60
51
33
38
39
52
56
38
52
59
31
30
56
29
50
53
46
30
35
68
38
46
52
60
41
41
46
61
58
46
66
62
54
32
20
32
49
43
27
56
28
33
26
37
44
49
45
36
37
33
50
54
51
38
49
55
62
50
54
50
46
46
53
42
49
60
49
50
59
