32
37
33
61
47
48
52
14
31
54
35
52
23
39
44
55
40
42
54
45
48
32
33
47
45
22
41
21
32
52
31
33
38
50
43
36
41
45
58
27
43
57
27
57
41
29
46
36
36
42
31
49
49
41
45
54
56
40
44
53
48
47
52
40
54
30
43
41
34
33
18
62
31
29
69
58
54
52
33
77
40
53
46
37
26
37
51
32
30
35
62
46
40
58
64
48
59
32
28
43
36
54
44
44
48
57
33
29
21
37
49
22
44
44
45
43
40
32
40
46
27
46
45
59
36
49
41
64
49
22
27
57
39
37
31
61
43
48
34
26
29
21
31
71
44
57
41
32
53
57
41
51
53
62
47
36
53
67
28
31
43
56
60
23
31
38
36
35
24
33
25
40
26
54
28
44
39
52
49
61
49
36
46
33
43
44
55
45
30
57
46
57
32
50
43
44
43
34
53
50
62
56
44
27
47
44
35
44
37
31
34
47
30
53
47
54
35
52
33
52
42
49
42
34
44
31
51
62
55
62
64
46
54
55
24
40
49
58
33
54
38
50
51
32
64
39
50
53
17
51
26
32
40
50
47
23
47
52
52
47
23
33
22
35
35
56
52
39
53
32
30
43
47
46
45
39
46
53
51
51
48
67
38
55
39
21
41
44
39
45
32
32
19
31
55
30
23
31
29
32
33
42
45
34
49
43
30
22
31
36
24
60
33
35
55
38
29
48
40
50
27
17
56
28
50
46
44
54
50
28
44
28
37
32
39
56
46
50
51
23
41
37
48
45
59
46
52
62
52
59
37
63
35
59
25
27
49
53
25
37
31
52
31
49
34
66
48
28
55
57
28
28
60
45
27
62
26
55
49
52
37
40
44
37
55
42
54
43
56
47
44
48
43
17
41
57
22
26
40
31
50
52
44
44
62
51
38
54
34
26
36
50
38
37
33
32
41
37
25
30
56
29
31
46
34
60
38
24
55
34
25
62
32
46
55
22
30
50
42
31
25
30
37
62
24
60
25
48
28
35
49
22
26
51
36
51
49
49
55
36
23
48
26
45
26
50
35
27
50
36
76
24
47
28
50
57
45
48
58
38
32
51
40
53
64
54
30
38
60
35
38
60
59
41
53
46
55
25
54
24
