42
51
49
32
54
51
46
58
27
38
49
35
40
17
33
49
31
36
44
28
31
55
30
44
39
19
21
48
52
40
51
58
45
44
59
35
49
33
48
35
40
35
51
25
38
60
48
11
63
42
29
58
51
17
61
40
36
65
35
36
28
53
38
48
49
31
45
41
47
33
27
43
40
21
41
40
37
33
31
31
66
29
38
45
63
43
51
49
29
44
57
45
53
20
52
29
49
47
40
49
48
32
41
36
50
52
37
38
30
53
14
37
50
69
42
43
65
40
40
33
45
48
32
41
64
57
38
37
53
30
60
42
38
51
49
50
37
28
55
51
68
49
43
45
25
25
21
35
25
20
46
48
35
55
18
54
35
40
54
33
44
54
57
72
31
27
62
26
36
54
48
30
30
51
23
49
56
55
31
57
59
56
62
43
32
56
48
52
36
56
40
42
37
49
31
27
18
32
54
35
62
52
42
48
49
56
52
44
54
31
64
52
54
34
23
65
48
48
38
44
29
58
30
41
45
24
56
50
47
53
42
34
53
63
38
48
38
51
60
45
40
34
31
37
69
53
28
16
72
21
42
43
30
45
20
41
51
43
35
39
33
57
54
22
51
44
34
50
25
47
38
52
57
31
35
45
47
34
46
27
64
63
26
48
71
30
30
44
49
49
39
27
48
46
39
42
35
30
20
52
62
40
37
53
50
45
45
34
70
49
49
52
40
52
71
47
28
53
56
48
37
44
38
59
24
52
48
52
39
39
58
44
46
39
47
43
51
45
26
43
50
31
47
48
31
27
29
40
26
48
39
46
29
53
53
32
62
56
41
50
53
48
50
48
55
22
22
44
25
41
14
47
51
40
45
44
40
44
52
57
55
54
51
60
41
30
50
51
52
57
43
47
54
40
37
30
39
43
45
34
47
26
43
39
51
31
25
46
56
63
29
50
56
54
42
32
46
59
52
51
55
35
38
57
45
49
36
37
66
54
17
50
55
48
29
45
36
31
31
32
62
55
59
50
47
50
63
31
46
44
47
37
47
42
30
34
53
27
40
24
42
25
39
47
54
45
34
58
53
42
14
19
58
29
52
33
36
32
18
42
50
32
56
44
36
46
54
43
44
29
55
62
54
64
31
48
37
47
48
54
