30
53
20
45
28
52
43
52
43
49
47
34
63
32
46
27
30
40
46
22
46
54
36
38
34
42
25
37
52
47
31
30
33
60
75
50
76
22
39
37
63
38
47
52
57
48
60
52
47
45
34
21
76
35
56
57
52
49
50
18
37
34
48
30
57
50
33
63
54
54
46
44
35
28
40
37
49
51
31
29
46
45
35
50
49
48
60
45
26
32
49
44
36
43
30
39
58
26
51
35
23
53
43
28
48
56
50
30
47
28
59
47
34
25
58
28
48
52
55
49
48
52
45
39
33
37
61
57
45
51
25
53
27
52
51
43
35
67
44
36
38
18
53
18
31
30
19
54
32
49
58
44
57
31
22
41
34
44
47
43
35
34
34
36
32
57
36
31
39
37
68
19
32
70
35
50
31
29
58
37
57
67
42
49
57
48
30
60
50
31
42
54
42
58
30
47
32
55
33
65
37
28
55
45
63
38
52
43
44
41
29
33
29
47
50
52
50
59
37
18
29
33
60
44
56
25
36
40
27
61
49
48
49
41
54
61
57
53
45
35
19
30
52
42
40
50
41
34
45
32
19
54
55
65
48
27
78
54
60
51
43
31
43
63
33
52
47
47
51
41
54
52
40
43
31
51
48
24
44
38
36
25
62
12
53
35
49
60
47
53
27
24
36
17
51
54
46
42
47
42
35
47
31
51
33
38
35
60
60
63
55
40
26
25
45
25
43
48
44
31
53
39
40
61
53
46
44
36
25
38
36
44
37
27
24
24
57
46
18
55
51
36
35
66
42
48
51
37
51
56
61
38
38
50
67
45
48
48
52
59
31
45
60
40
33
43
34
54
43
39
33
43
25
31
52
55
55
52
53
40
41
24
39
60
31
32
32
28
48
42
21
60
48
39
32
36
38
50
45
46
37
50
29
47
41
45
45
58
45
34
51
35
23
34
46
48
24
60
55
35
59
44
23
16
51
52
35
34
22
36
31
26
35
24
50
24
40
44
40
55
43
58
58
45
32
44
39
38
55
51
34
56
45
28
46
52
59
47
47
54
16
59
35
30
44
53
30
54
54
29
39
27
54
63
32
28
46
46
38
17
51
32
36
53
51
34
34
30
46
24
20
34
26
32
40
29
39
41
24
32
