59
18
56
27
33
19
37
21
27
26
32
27
42
53
33
33
23
59
19
36
50
53
39
44
47
37
33
52
68
47
33
44
49
53
34
24
48
35
52
46
29
40
48
51
54
31
25
37
44
24
30
49
28
50
26
36
56
50
57
31
31
32
56
56
56
25
39
46
37
49
40
40
15
47
49
55
27
25
41
65
27
43
51
27
47
57
49
50
52
40
49
30
51
33
55
32
40
47
31
42
18
49
31
26
51
45
41
55
36
51
28
40
35
31
54
27
37
50
26
38
38
21
37
43
56
42
34
49
41
27
35
48
29
12
25
50
30
47
40
55
47
39
43
27
61
61
42
51
41
33
33
35
29
54
33
50
26
30
44
62
68
47
59
51
29
30
54
43
49
55
26
55
49
46
47
41
34
36
45
57
42
30
52
45
49
33
51
50
52
51
48
44
38
25
35
30
37
42
34
35
36
53
46
52
48
36
43
47
52
34
33
47
48
32
39
47
53
34
24
25
51
50
52
33
29
33
29
31
39
26
56
48
53
60
38
43
27
33
63
53
49
46
31
49
52
47
41
17
59
30
39
56
55
42
58
35
34
58
57
24
36
46
42
55
57
40
47
27
45
42
40
27
31
34
48
52
35
61
37
58
35
38
34
50
23
51
29
51
41
38
27
28
44
50
49
31
51
46
51
50
28
44
61
42
38
44
56
34
55
44
34
51
45
43
36
73
27
65
48
45
49
40
42
22
40
42
31
50
59
56
39
33
51
48
60
55
33
52
33
44
42
36
47
44
54
44
33
51
60
58
33
39
47
49
50
49
63
63
60
51
54
51
36
28
23
53
50
39
53
31
51
47
22
26
40
27
52
40
33
53
35
41
49
40
30
54
52
63
55
56
47
32
44
47
36
32
39
46
32
39
21
53
53
35
63
39
57
44
34
52
52
44
50
41
49
50
44
39
32
65
27
32
31
43
57
52
54
52
65
41
39
37
46
51
52
33
41
57
50
59
29
26
44
39
40
36
50
52
49
48
36
44
42
18
46
40
46
60
53
50
60
62
45
52
58
59
45
52
70
61
58
60
59
55
42
49
33
46
49
27
54
56
50
52
48
48
50
36
37
54
48
47
54
49
38
52
49
53
43
53
