35
53
50
64
36
63
23
53
56
52
42
56
37
40
54
52
52
53
57
42
57
36
52
57
47
51
29
69
37
34
46
25
23
39
29
43
31
42
34
24
25
46
48
27
46
43
47
27
53
67
51
49
37
31
37
47
37
32
48
28
49
35
73
28
54
37
50
32
65
44
41
51
55
32
68
25
47
55
54
41
35
17
20
64
59
47
49
52
49
56
55
39
35
57
31
41
45
41
52
40
47
37
34
15
34
45
53
30
47
55
57
39
49
57
35
31
46
27
43
40
43
32
40
53
52
39
38
23
58
31
49
43
27
32
28
26
47
49
48
28
29
51
44
44
30
40
23
24
57
46
32
56
45
45
53
24
52
47
35
59
36
30
51
46
31
70
49
45
38
32
50
46
23
53
43
45
32
54
30
57
44
32
40
49
16
69
51
27
22
40
28
43
48
43
58
36
47
38
38
35
42
45
31
28
47
57
36
51
27
34
31
54
40
36
20
60
35
39
50
27
30
29
70
46
49
41
40
53
39
33
49
55
29
20
50
28
31
43
28
33
45
62
45
53
41
32
52
42
52
39
28
51
51
43
50
55
42
54
50
46
33
47
51
52
37
37
37
29
18
26
52
37
26
27
33
58
30
35
45
35
57
15
19
48
33
51
39
26
47
39
19
40
47
32
45
55
59
52
34
32
53
37
28
52
55
32
45
60
49
29
56
36
52
47
50
50
41
55
39
29
55
32
41
52
54
35
44
37
40
54
54
20
42
45
49
56
28
48
53
28
34
40
29
41
50
27
55
64
73
55
38
40
61
32
47
46
53
55
44
38
51
44
35
38
59
42
50
34
55
55
36
43
35
52
28
38
46
47
60
47
40
44
49
46
36
42
31
54
40
63
48
57
39
45
29
55
47
42
28
33
55
39
52
23
62
34
59
52
42
29
60
25
65
29
32
34
42
34
46
49
50
41
54
31
50
54
40
59
49
52
31
34
55
40
30
27
48
41
54
37
41
27
65
43
42
46
34
49
52
54
33
35
48
28
53
44
41
50
39
35
30
51
52
48
63
32
28
50
16
31
57
32
14
46
33
63
36
47
38
41
55
29
27
36
39
54
60
38
33
28
23
46
50
44
21
50
29
36
29
28
