50
30
37
39
57
33
56
54
35
48
63
32
11
35
72
32
46
45
57
45
20
29
36
47
55
64
26
49
16
46
32
48
53
52
44
50
56
27
35
44
47
56
55
39
49
29
24
25
43
40
47
32
47
49
54
29
39
60
32
27
42
38
36
55
46
53
57
43
48
35
43
34
37
39
34
31
32
42
54
60
24
52
58
47
39
46
34
49
47
25
43
38
56
38
47
47
50
32
39
46
37
59
33
28
65
29
17
39
55
26
28
39
27
48
29
48
44
38
55
49
43
27
28
48
52
45
37
30
50
25
43
51
41
28
28
47
39
57
44
46
20
28
25
38
63
34
55
39
50
67
34
48
65
58
30
59
20
32
48
39
63
45
53
17
37
19
36
54
27
55
31
53
24
45
51
29
32
32
24
36
48
57
44
22
54
61
59
43
54
32
55
54
41
35
30
30
26
57
44
32
48
45
30
28
33
34
51
31
47
54
53
48
61
58
33
49
41
43
44
28
43
58
58
43
37
44
26
40
51
29
53
53
48
35
53
50
52
59
55
52
45
46
49
28
37
48
33
64
20
45
21
37
58
39
39
26
63
55
53
34
32
52
37
66
37
54
48
37
50
40
60
48
66
33
48
32
34
22
50
32
55
47
42
23
31
30
26
21
28
52
53
35
36
58
39
42
25
48
42
49
41
29
47
25
31
56
46
35
56
25
35
30
61
28
52
37
44
30
55
24
43
34
29
46
43
51
48
55
58
27
47
41
40
47
39
59
70
52
46
40
50
52
56
49
63
50
52
41
25
49
39
52
29
24
25
60
37
55
48
53
51
62
42
33
70
42
49
51
47
55
33
32
60
68
39
47
53
49
22
33
50
57
47
40
17
46
51
53
30
49
50
26
55
55
53
42
28
23
64
52
30
30
39
38
49
59
35
48
57
57
33
31
20
37
31
36
49
51
61
47
21
39
43
20
47
20
37
51
22
37
44
41
50
32
52
51
50
35
42
36
35
27
45
42
52
38
49
28
53
33
50
63
38
45
42
55
43
44
27
31
33
40
53
47
51
38
48
32
29
47
33
32
35
34
48
51
54
54
52
42
27
63
25
36
31
27
30
25
34
34
24
39
30
44
38
29
41
38
42
20
