40
38
27
20
47
62
55
47
42
38
34
53
66
61
49
37
23
32
30
34
16
30
43
57
60
45
45
35
54
50
32
42
37
28
54
40
34
59
53
29
30
54
30
35
38
44
32
21
61
54
14
49
44
28
50
61
33
58
55
28
43
31
42
35
52
49
29
50
32
51
50
45
55
54
54
30
58
52
50
41
30
41
45
32
31
39
41
46
63
50
56
37
25
55
67
43
35
43
39
53
26
51
58
39
41
49
75
34
44
23
46
56
39
39
43
24
61
42
50
31
23
38
57
70
50
49
58
55
39
51
54
44
54
49
44
45
54
65
41
25
60
33
43
40
54
40
34
34
38
60
47
62
53
27
63
53
57
40
45
43
49
28
34
28
36
26
36
43
34
19
57
50
62
27
23
50
31
52
37
59
43
31
31
51
53
24
40
61
41
38
27
24
41
50
34
43
29
26
44
52
47
41
40
54
44
45
49
40
60
66
37
58
34
48
30
57
50
65
35
57
48
49
53
45
21
36
57
54
58
51
35
37
45
52
30
27
23
34
26
48
24
36
29
39
41
41
26
50
38
32
45
39
78
17
35
54
49
63
45
39
60
41
53
30
28
29
47
61
64
32
40
61
24
48
53
32
46
11
33
43
38
50
37
49
47
55
49
54
64
29
53
55
37
52
54
19
31
44
28
36
55
31
58
32
32
29
65
51
45
40
29
39
60
49
49
52
43
31
35
50
57
51
50
49
43
41
31
60
52
28
29
34
33
55
31
52
24
36
28
49
51
48
41
33
48
35
31
35
43
53
34
37
21
37
25
42
23
29
26
21
42
53
42
35
36
50
49
19
46
32
50
39
65
48
32
28
34
60
43
14
56
47
34
40
59
59
50
53
43
37
51
27
61
54
38
39
11
40
55
47
40
44
52
48
39
33
43
37
53
22
37
57
51
32
63
30
35
28
46
39
47
45
46
35
48
30
64
37
32
18
27
47
42
46
57
59
45
58
48
54
35
59
44
32
44
24
26
48
66
38
42
11
42
42
38
35
52
60
29
52
57
39
35
62
47
62
43
50
30
32
44
35
66
39
55
49
35
32
41
42
57
46
35
27
53
33
48
38
29
37
23
54
18
42
31
33
34
50
49
32
