48
50
52
63
49
51
52
26
41
58
49
31
43
52
51
49
53
34
44
27
29
27
57
37
39
15
31
24
52
44
34
41
49
33
27
22
21
52
52
39
55
46
44
55
32
43
63
37
54
31
43
69
49
52
27
36
27
53
24
47
36
39
38
64
54
50
37
53
35
28
29
22
41
44
28
69
42
52
36
43
50
48
56
28
60
49
17
53
28
46
50
40
28
50
25
44
49
33
51
41
31
51
31
57
30
44
36
43
48
56
59
39
32
24
44
52
35
63
43
48
54
28
49
53
50
21
28
30
46
50
45
33
30
46
42
52
60
50
32
49
52
30
56
23
49
42
35
47
40
43
42
33
53
40
52
39
46
53
37
57
38
49
56
35
24
51
46
50
53
51
38
50
26
56
64
53
59
62
27
56
41
35
49
55
54
54
27
44
34
48
58
38
34
57
26
44
56
42
27
34
39
34
50
28
51
20
57
23
51
45
17
49
47
41
54
34
22
30
48
41
33
51
43
24
53
67
39
42
37
32
34
36
45
25
55
41
56
12
40
39
47
68
50
55
32
32
55
50
41
33
37
54
52
47
65
50
53
38
51
9
49
46
36
39
46
57
30
43
37
47
30
65
44
56
48
57
42
46
54
56
61
62
43
59
31
61
49
44
34
55
47
54
59
44
57
51
57
21
28
28
30
56
49
42
53
30
49
54
52
33
36
58
32
37
34
24
30
37
54
40
29
35
54
52
46
24
59
57
34
52
28
30
45
17
56
12
40
47
35
33
52
51
53
50
53
14
45
40
28
35
35
47
51
28
56
47
32
48
34
42
35
24
60
37
50
19
43
49
48
41
39
50
45
49
27
23
38
66
41
55
47
37
57
52
45
36
45
51
38
49
30
28
50
47
56
52
41
41
48
30
25
51
44
35
49
36
33
68
31
37
50
47
56
34
43
40
32
57
53
51
28
30
37
50
17
50
43
51
33
53
27
35
64
53
26
25
59
49
43
49
28
40
34
21
31
56
46
49
26
49
26
41
41
35
34
56
51
44
26
50
47
54
60
63
42
38
38
23
44
60
57
56
52
55
32
50
6
31
32
49
66
56
26
50
35
50
38
56
25
24
27
62
57
50
50
32
42
42
32
44
