30
55
50
34
53
51
29
39
32
43
55
41
43
47
25
34
28
75
48
27
41
24
31
22
39
53
61
26
44
35
46
58
64
63
28
59
41
36
32
58
49
56
46
52
47
34
60
30
40
52
64
45
49
49
61
49
42
52
64
34
44
54
35
53
41
21
71
50
42
37
49
26
50
30
61
44
38
53
50
55
30
41
21
68
39
35
43
50
63
54
54
44
48
49
34
43
47
52
35
38
48
46
45
31
58
56
35
37
50
30
17
31
51
50
50
59
32
53
54
45
42
53
28
44
46
14
23
59
59
38
48
53
31
55
35
29
54
49
51
50
29
28
48
48
60
52
18
19
55
32
44
46
45
45
28
47
43
39
29
38
55
47
51
60
34
48
46
39
45
49
42
45
52
33
43
50
47
30
33
26
55
34
46
43
47
43
28
32
32
51
56
36
56
43
41
34
25
55
37
29
36
44
55
18
37
37
43
34
52
5
43
46
42
37
50
41
49
28
38
49
43
38
27
51
30
47
43
33
42
60
34
27
48
36
36
49
33
30
35
51
50
32
40
25
29
49
42
41
71
48
39
45
42
47
57
7
33
44
49
46
45
57
17
52
17
74
47
39
30
38
53
54
49
43
37
56
53
43
33
54
49
49
41
32
23
44
46
28
61
21
37
58
23
55
38
33
51
42
59
54
34
54
48
28
44
50
46
48
49
44
32
40
36
38
52
34
36
57
27
48
35
55
31
32
48
7
48
54
53
47
58
19
67
42
24
30
38
32
55
45
51
51
26
44
30
52
39
31
54
49
39
30
54
28
34
29
53
27
60
38
50
48
24
34
50
45
31
37
51
58
23
39
33
36
61
44
46
31
56
61
41
37
36
36
59
70
60
37
53
28
45
54
74
41
30
47
35
37
19
26
65
57
51
28
12
39
47
61
21
26
31
51
52
43
42
29
51
41
57
50
53
48
31
39
54
42
48
29
48
27
54
45
55
40
59
51
32
33
56
47
55
42
37
50
50
47
42
53
32
42
65
47
41
33
41
42
55
26
51
40
51
50
30
38
52
53
54
48
52
49
42
56
45
32
48
68
53
56
55
52
40
55
48
50
41
56
35
49
68
59
55
52
45
45
48
41
52
58
48
46
