29
37
37
45
50
25
42
51
49
32
56
48
44
54
55
51
54
35
33
44
52
47
48
29
42
52
59
69
37
25
31
60
47
62
41
49
46
52
45
38
24
27
48
53
50
37
28
31
52
54
49
48
56
42
43
36
55
42
38
25
37
26
43
65
36
46
36
27
41
39
39
39
51
46
60
50
38
48
31
45
43
42
36
36
34
49
34
45
52
52
26
55
33
30
52
56
50
57
46
51
50
33
69
46
53
57
55
60
47
33
41
31
40
37
28
58
18
50
41
22
30
32
67
26
50
33
42
35
42
62
43
34
41
31
34
41
36
49
32
45
51
46
47
52
45
28
23
40
35
33
12
34
64
53
27
35
51
29
32
51
39
45
31
54
52
41
44
46
16
20
30
30
53
23
51
35
46
59
41
39
32
49
38
22
49
43
38
47
47
34
31
48
58
26
28
49
62
56
48
51
36
55
51
47
28
24
55
60
47
39
35
41
30
57
41
42
40
48
31
43
37
39
29
43
36
27
24
34
57
14
35
55
25
56
57
37
34
48
36
32
51
54
56
23
48
29
28
42
32
55
51
69
49
41
46
31
65
35
30
40
44
50
53
23
52
59
48
51
29
14
45
31
49
53
36
30
52
28
54
33
28
35
51
50
47
45
21
53
38
42
57
50
56
38
53
54
26
52
27
8
65
49
45
57
46
37
28
48
52
40
34
53
57
47
45
51
43
40
37
29
47
19
43
41
57
33
32
38
27
57
33
47
69
59
54
55
33
23
26
29
50
55
34
31
52
38
37
44
48
50
5
47
37
59
43
38
51
29
52
55
51
40
71
46
31
30
43
49
34
52
23
41
40
24
59
56
56
45
58
28
55
49
31
34
60
41
47
49
33
53
52
54
20
35
40
30
41
25
39
43
51
52
45
24
41
51
53
42
18
61
54
49
36
35
53
53
32
30
44
47
23
52
52
33
51
40
48
44
58
28
39
30
43
29
36
61
26
48
26
30
29
38
29
25
36
46
26
58
38
51
50
25
58
68
52
36
49
52
54
56
44
47
49
31
38
70
29
44
31
45
36
50
50
49
36
31
44
27
51
21
37
29
46
32
49
48
61
52
49
40
14
44
40
29
59
49
41
36
30
40
