40
47
51
52
35
54
48
44
38
26
37
63
50
25
64
51
53
58
50
37
28
60
57
30
49
51
32
48
51
28
52
43
33
53
37
20
34
11
52
50
54
52
45
32
37
55
44
36
47
18
45
24
42
48
27
64
39
36
56
29
47
39
56
60
34
60
54
46
39
60
47
60
50
45
40
28
29
36
44
65
34
33
34
43
23
21
28
33
64
33
45
55
57
37
37
35
54
31
60
57
52
27
44
35
46
36
50
53
43
48
35
52
47
41
55
52
33
65
55
46
42
29
34
73
43
59
62
33
52
33
31
58
56
48
53
62
49
31
52
39
33
34
52
35
34
49
47
21
52
30
53
36
47
60
23
58
50
53
44
54
28
25
49
29
31
57
55
46
37
56
26
31
48
28
24
47
56
45
48
64
45
26
58
36
59
18
53
36
35
64
46
51
55
50
41
39
55
41
33
49
38
35
26
23
58
35
54
53
35
48
52
39
71
48
48
54
56
47
43
49
36
37
21
34
50
34
38
28
49
32
48
56
34
28
38
53
29
46
46
39
26
46
47
53
59
53
29
44
29
47
56
49
46
29
46
28
33
35
67
43
57
48
65
50
46
47
48
40
43
67
39
43
34
47
53
34
66
28
36
28
42
36
46
32
56
60
48
27
16
36
28
48
31
27
56
52
29
64
45
52
40
29
52
50
32
32
31
31
58
46
34
44
59
57
48
43
58
40
45
29
29
48
33
37
57
51
58
55
52
19
65
51
73
31
46
52
51
48
43
34
31
60
37
58
40
32
40
46
51
42
49
51
47
33
31
48
24
44
59
52
53
59
48
31
68
43
48
59
19
29
45
27
38
44
67
34
36
21
58
52
51
47
62
52
59
48
40
41
53
44
12
45
47
34
39
52
39
56
33
67
30
41
22
40
54
50
13
38
59
47
30
53
28
49
26
41
51
30
31
69
54
49
48
49
41
39
52
65
49
43
37
37
51
31
44
33
35
22
29
32
24
54
48
14
50
49
51
46
30
53
40
64
53
31
51
21
60
68
26
34
29
25
43
55
37
40
41
50
37
27
56
70
55
27
28
37
44
33
45
50
31
66
28
42
53
38
52
47
39
57
48
31
42
33
28
47
22
23
31
24
