38
55
50
31
53
51
20
22
27
30
55
34
29
47
39
32
43
75
48
41
43
25
34
28
27
53
61
41
44
24
46
58
64
63
31
59
41
36
22
58
49
56
39
52
47
26
60
35
28
52
64
45
49
49
61
49
42
52
64
32
44
54
46
53
41
34
71
50
42
30
49
40
50
30
61
44
34
53
50
55
35
41
21
68
37
35
43
26
63
54
54
44
48
49
38
30
47
52
21
39
48
46
45
50
58
56
34
43
35
38
31
35
51
50
50
59
37
53
54
45
50
53
30
44
46
17
31
32
59
38
48
53
42
55
28
29
54
49
51
50
14
23
48
59
60
52
31
35
29
28
44
46
45
45
48
47
43
39
18
38
55
47
51
60
34
48
46
19
55
49
42
45
52
32
28
50
47
29
39
45
55
33
46
43
30
33
26
34
43
51
56
47
56
43
43
28
32
55
32
36
36
44
55
41
37
34
25
37
52
29
18
46
37
37
50
43
34
5
38
49
43
42
41
49
28
43
43
38
42
60
27
51
48
30
47
49
33
34
27
51
50
36
36
33
30
49
42
41
71
48
39
45
42
47
57
35
32
44
49
46
45
57
40
52
25
74
47
29
7
33
53
54
49
17
17
56
53
43
39
54
49
49
30
38
43
44
37
33
46
41
61
37
32
58
23
28
55
21
51
59
23
54
54
38
33
48
50
42
46
34
28
44
48
44
49
32
40
52
36
38
34
57
36
27
48
35
55
48
48
54
53
31
47
32
7
19
58
42
67
38
55
45
24
51
30
32
26
30
51
44
52
54
49
39
30
31
54
39
34
28
53
60
29
27
50
38
24
34
45
48
31
50
37
51
23
33
36
44
58
39
46
31
41
37
61
56
61
59
70
36
60
37
53
45
36
54
28
30
35
37
74
41
47
19
26
28
65
57
12
39
21
51
47
61
51
26
52
31
29
43
42
51
41
31
57
39
50
42
29
48
53
48
54
27
48
54
40
32
45
55
59
51
33
56
37
50
47
47
42
32
55
42
42
41
50
53
65
33
26
40
47
41
42
55
51
51
50
30
38
52
53
54
48
52
49
42
56
45
32
48
68
53
56
55
52
40
55
48
50
41
56
35
49
68
59
55
52
45
45
48
