50
38
38
44
59
37
36
52
59
45
52
39
58
31
56
49
63
51
54
55
47
48
25
69
52
37
57
42
35
49
35
77
47
33
37
66
53
37
61
48
27
40
33
37
63
51
46
36
23
53
27
47
47
43
31
33
52
54
47
48
47
54
55
26
46
19
45
30
52
32
13
25
51
59
55
50
50
32
39
36
20
36
24
44
49
24
40
32
42
40
54
49
49
28
42
34
47
51
46
33
23
45
31
38
41
54
34
43
65
35
27
51
46
45
29
30
59
51
34
49
43
29
53
45
42
23
42
43
60
49
49
44
34
36
24
67
29
40
40
38
23
45
51
23
22
36
50
33
38
57
40
56
49
43
32
54
35
46
9
41
44
19
39
20
29
30
50
30
44
38
66
49
46
40
31
59
42
37
41
37
54
49
53
34
52
39
30
55
65
49
38
32
36
50
30
52
54
52
51
57
23
52
63
32
46
54
29
50
23
52
57
38
18
37
54
55
39
28
33
22
48
40
57
30
43
27
43
55
43
49
24
48
41
54
25
41
46
40
53
51
70
37
49
47
15
54
36
48
58
43
36
49
24
59
44
53
27
48
15
41
37
30
49
48
42
58
59
55
50
39
60
52
52
45
53
34
22
44
59
51
54
53
46
29
58
46
52
42
43
22
32
49
55
53
36
35
49
54
47
20
36
41
41
54
46
43
56
45
29
32
52
33
53
52
16
29
58
59
38
45
55
21
39
33
31
38
39
41
28
34
56
61
27
55
56
54
52
51
47
33
30
63
38
37
57
51
48
44
15
38
25
48
31
49
30
29
31
40
66
31
47
44
39
48
47
51
47
53
56
48
36
48
33
53
43
52
46
46
63
52
46
49
39
57
40
43
29
62
54
27
36
19
49
44
27
38
49
52
41
39
55
52
57
31
62
61
37
32
51
31
37
31
40
44
55
35
38
35
34
53
56
45
55
62
48
32
29
46
30
31
51
45
59
33
38
43
63
40
38
60
51
31
30
39
29
52
56
52
30
35
59
38
56
50
53
46
41
68
46
52
60
41
46
61
32
20
32
58
46
27
66
28
33
26
37
62
54
49
43
37
33
56
44
49
45
36
50
54
51
38
49
55
62
50
54
50
46
46
53
42
