59
30
47
52
33
52
29
58
55
60
74
47
51
33
46
38
40
49
52
38
24
60
24
53
36
31
48
51
58
56
34
52
49
36
46
47
24
54
33
30
34
40
36
42
48
39
34
50
38
16
29
56
39
35
51
44
41
58
33
37
49
52
29
53
48
17
50
49
26
33
42
47
44
45
70
32
41
39
27
27
30
49
41
24
57
32
29
27
25
31
60
70
41
34
57
41
45
24
49
42
25
40
56
63
27
47
41
34
35
45
53
47
52
34
33
20
55
60
36
21
41
40
46
65
31
28
48
51
50
36
33
51
63
28
57
53
41
33
9
44
47
51
44
43
33
50
45
54
41
33
41
40
32
35
56
35
53
52
31
69
48
32
38
24
50
40
40
41
23
58
44
52
41
45
71
49
34
49
63
34
52
29
34
30
51
31
44
41
36
55
51
54
21
33
24
54
40
41
31
56
47
20
28
31
41
57
36
48
47
44
28
45
46
30
56
46
38
42
32
32
52
56
22
34
25
34
23
29
63
38
55
40
36
51
51
40
67
56
42
51
59
54
50
42
50
47
34
36
61
30
50
49
39
34
51
17
38
54
45
65
42
41
36
36
28
52
28
64
56
35
29
40
39
49
46
47
45
15
32
63
23
52
45
39
52
47
52
50
37
42
42
38
44
44
33
53
38
48
59
33
47
47
42
40
52
32
48
35
58
50
47
43
44
44
41
47
47
37
43
17
40
56
42
41
51
30
52
51
34
40
45
45
50
38
36
45
39
50
41
41
55
36
48
34
33
28
49
32
52
51
39
33
57
60
35
59
57
48
34
33
31
47
37
36
32
29
29
28
42
33
35
38
27
42
33
45
59
44
53
27
43
70
36
53
34
65
28
48
56
43
60
34
49
53
29
53
57
50
38
55
30
30
36
30
47
37
37
22
49
58
56
26
24
76
28
55
55
48
33
33
48
50
31
59
13
50
57
28
38
40
50
54
42
39
48
32
37
33
45
45
29
54
15
51
66
43
32
33
28
46
47
27
55
33
55
35
48
50
33
49
44
39
37
37
49
52
44
51
49
46
23
39
36
29
54
53
50
62
63
37
41
38
48
40
54
37
47
35
24
54
59
36
37
28
37
37
18
32
33
12
