39
39
38
39
46
52
24
28
27
34
49
50
45
27
34
55
49
35
57
35
55
36
30
43
51
31
29
26
55
40
51
33
46
37
45
38
53
31
48
48
54
35
47
45
48
51
51
27
25
34
39
48
31
37
27
33
40
35
57
31
55
16
27
33
69
29
52
40
52
33
55
34
32
53
26
43
46
42
33
49
30
59
49
51
44
60
28
62
63
27
31
52
53
34
34
46
47
44
37
47
53
48
19
46
23
31
30
31
44
48
55
27
46
62
34
35
48
41
48
40
58
32
22
25
26
17
34
68
18
43
35
54
27
41
27
50
44
58
59
40
28
46
56
54
28
43
33
35
37
38
59
37
61
43
34
30
35
37
27
54
32
27
47
31
63
27
37
45
44
36
33
29
47
45
53
50
42
24
30
55
48
50
28
33
51
53
54
37
41
41
41
48
44
58
54
33
56
43
45
25
35
40
24
37
55
10
50
50
39
46
34
34
38
57
35
41
44
35
43
54
49
51
36
35
38
51
50
36
50
52
43
47
44
37
29
30
33
26
24
51
64
49
48
58
44
43
47
62
44
46
37
58
34
63
37
54
31
46
38
34
60
31
56
45
54
40
49
50
32
39
33
58
40
50
62
56
49
37
49
52
32
43
41
55
42
51
50
54
34
43
42
50
51
51
65
27
48
57
8
53
46
56
42
46
52
48
33
49
37
29
64
37
35
60
45
55
49
42
49
64
57
48
41
37
37
34
41
30
57
52
33
51
33
42
43
41
41
28
51
29
37
45
48
35
52
34
62
53
47
27
53
69
36
41
52
55
44
65
20
45
53
27
48
57
12
42
37
38
47
37
23
54
57
36
30
39
58
44
54
37
4
30
42
37
37
46
67
52
54
27
61
53
52
47
36
52
43
60
37
31
42
25
28
53
48
43
38
47
29
46
26
51
33
18
43
39
35
58
41
55
43
46
26
63
40
63
41
55
49
47
52
56
34
49
43
50
31
37
35
37
41
41
43
52
34
50
40
60
52
48
44
30
39
38
40
52
42
67
45
42
61
30
31
43
43
46
41
27
48
24
63
55
60
28
54
47
43
30
58
51
48
43
47
61
44
62
48
53
53
51
44
35
38
42
52
63
52
55
59
53
