33
59
36
49
47
57
27
36
70
35
46
30
60
52
30
40
38
65
34
52
58
38
51
41
25
51
29
57
41
43
23
31
21
59
58
49
41
24
36
48
27
34
29
40
39
26
13
63
39
44
66
49
42
32
30
28
31
39
44
36
50
60
32
43
49
50
15
39
51
47
24
29
41
70
60
51
51
44
21
53
62
23
55
43
68
51
34
52
14
33
31
69
41
30
39
51
60
48
54
55
49
27
34
49
29
32
52
32
31
43
41
49
56
52
27
33
21
35
37
56
28
53
32
29
14
26
64
50
52
17
53
35
63
34
20
51
28
55
43
51
50
49
23
31
55
56
64
42
25
25
32
43
45
39
29
52
47
53
46
36
40
33
33
76
38
48
50
30
45
40
41
17
42
47
40
47
29
41
28
67
43
29
49
58
52
29
36
55
41
69
43
38
62
51
38
54
53
59
33
43
42
57
36
33
60
33
25
45
57
25
28
50
36
41
50
45
46
32
47
20
33
51
47
40
35
19
35
25
54
33
32
40
34
23
30
57
21
49
48
34
30
26
52
30
29
47
47
32
33
35
54
51
49
35
51
49
46
48
63
46
44
51
50
47
50
49
34
50
53
52
47
18
37
33
28
53
48
30
56
38
53
53
41
46
26
22
58
40
51
29
33
52
50
47
48
53
59
51
28
32
46
62
56
40
56
43
40
30
41
30
49
30
53
44
53
28
24
52
66
48
46
59
48
27
35
32
28
49
18
47
42
34
37
30
41
39
45
54
49
53
57
30
47
54
21
33
48
61
55
39
55
55
26
20
53
28
31
38
25
62
12
23
30
60
29
62
48
50
36
42
48
49
42
29
47
32
54
36
6
33
33
56
49
29
42
52
41
29
56
44
41
36
63
29
50
40
31
41
56
38
47
35
32
65
46
33
45
58
29
42
52
53
66
53
58
37
31
50
24
37
55
52
44
35
49
27
36
37
35
35
50
52
39
65
54
44
23
50
26
52
34
43
49
63
28
33
49
51
26
59
68
54
38
46
39
49
55
21
60
45
54
46
53
24
42
49
37
33
68
45
40
50
30
56
48
49
53
34
51
65
48
52
52
56
29
31
44
57
29
31
62
57
25
54
53
38
55
51
52
51
