48
50
44
40
36
58
67
56
54
57
40
21
44
34
40
30
53
25
48
35
51
61
57
51
43
51
21
31
46
35
48
50
25
30
47
46
40
35
42
67
72
21
36
31
40
39
55
22
47
53
29
59
65
30
24
46
33
33
37
32
57
49
52
47
39
51
58
47
52
17
53
42
54
27
42
54
42
51
27
29
54
57
61
48
32
26
48
55
60
53
47
54
28
43
39
45
58
25
61
60
28
71
34
34
30
55
33
52
40
32
33
33
61
46
33
47
43
40
45
47
42
36
21
33
52
52
50
39
25
45
53
21
40
55
42
32
31
41
38
26
28
47
56
49
49
33
63
59
23
39
49
25
53
24
52
47
31
34
33
49
32
11
33
22
50
36
32
50
55
56
41
26
67
26
63
56
41
35
55
48
38
36
53
33
41
54
39
42
69
34
51
48
32
51
16
46
66
39
64
40
41
56
43
53
45
30
33
47
51
52
50
47
32
49
16
25
40
45
53
54
47
51
47
45
38
28
49
36
49
38
48
45
54
41
29
50
44
38
37
53
38
36
41
52
34
42
57
40
20
47
40
41
62
31
27
29
47
52
53
48
39
46
43
52
34
22
40
40
41
53
57
34
63
32
56
41
51
29
60
42
30
66
41
31
59
31
35
45
51
53
45
57
51
31
28
29
25
40
40
52
57
60
27
34
18
48
45
49
43
35
74
44
62
42
27
52
49
44
30
31
21
29
19
28
31
33
67
34
32
49
42
50
54
31
51
34
38
37
46
27
21
37
67
32
64
47
45
47
42
57
55
40
15
34
33
55
44
55
32
44
38
55
34
27
53
51
38
56
53
25
49
41
63
47
49
57
27
37
35
49
36
46
57
36
42
51
46
37
22
45
66
57
48
35
45
28
28
40
52
31
33
38
38
55
47
59
37
38
41
51
35
49
48
52
54
34
60
56
52
33
44
34
26
48
35
54
33
47
31
33
45
33
27
45
51
53
32
35
53
26
27
28
41
50
41
61
45
28
58
48
51
36
39
40
41
45
27
43
51
31
50
58
19
30
49
57
40
38
25
72
37
53
45
31
63
41
38
36
41
64
55
43
51
7
36
33
37
28
21
34
40
46
39
41
30
38
30
36
28
17
