51
42
60
49
59
52
29
41
62
38
28
42
51
52
44
40
33
53
57
37
35
47
46
66
46
35
31
34
49
56
39
51
54
50
47
27
41
40
58
30
45
51
8
38
55
51
38
40
59
35
40
53
28
36
35
47
65
53
49
59
38
48
38
47
38
47
57
52
25
26
53
30
33
64
40
45
53
35
62
49
65
43
40
22
34
52
41
54
42
48
31
21
41
41
51
32
60
53
40
20
49
37
31
38
46
36
43
65
30
47
39
48
40
32
47
45
37
37
34
58
62
56
53
50
58
46
37
56
45
64
19
33
48
31
53
51
44
56
53
49
52
54
37
51
43
53
35
28
26
60
49
41
18
64
46
41
51
41
48
53
57
49
39
48
42
40
31
34
29
55
37
56
24
33
33
46
25
45
38
26
28
49
29
51
35
42
46
47
50
39
49
61
39
56
31
50
61
18
50
50
34
60
40
36
29
30
45
35
41
34
34
51
35
34
34
64
34
56
19
40
58
36
50
50
42
40
59
53
46
11
56
54
34
48
49
54
61
50
46
37
47
38
52
58
52
54
63
36
54
48
49
28
31
44
18
51
46
53
53
39
33
63
23
44
43
29
35
48
59
52
52
36
38
56
30
39
36
39
56
61
41
27
31
29
42
40
30
25
71
51
48
65
49
47
36
44
62
52
45
55
33
47
39
57
37
40
48
46
33
53
51
45
51
55
53
50
55
33
50
55
52
55
32
48
38
53
56
38
44
29
50
37
33
41
29
60
30
49
54
35
41
28
47
43
34
43
57
65
47
53
49
45
54
52
41
53
78
25
55
52
47
75
34
53
31
51
54
31
38
59
45
44
68
40
46
43
43
21
54
39
27
29
44
38
32
23
66
44
28
35
52
46
38
41
28
21
65
45
54
36
18
54
47
55
57
36
47
39
46
48
27
58
52
41
38
32
47
47
57
44
54
37
19
41
51
35
57
44
51
19
31
47
18
49
31
55
31
52
43
49
30
37
31
61
33
56
31
47
33
29
18
31
49
45
34
51
35
46
48
59
45
41
52
45
45
32
49
46
53
62
64
74
34
32
65
47
28
22
55
34
47
46
41
34
33
36
32
35
42
31
38
22
35
33
36
45
29
36
31
31
