55
37
49
59
35
47
50
50
50
25
78
56
33
75
50
34
38
24
30
31
47
37
44
32
31
57
50
67
35
59
50
37
42
43
38
62
46
11
37
42
56
21
48
32
64
59
46
43
60
40
53
44
50
53
28
30
57
60
54
37
45
36
34
29
37
47
53
45
65
66
52
40
54
51
48
50
30
51
31
34
35
34
30
53
51
46
47
37
50
53
33
52
45
52
56
44
39
48
27
41
36
64
31
50
59
65
44
70
32
55
53
38
51
44
31
53
31
45
43
30
34
54
20
40
38
51
57
60
33
37
50
34
48
54
58
49
63
27
52
49
31
41
41
33
34
32
53
34
57
41
22
47
51
39
35
35
52
48
31
57
57
52
47
38
50
49
56
49
33
53
25
57
35
51
51
40
46
49
34
43
64
34
53
34
51
44
32
30
29
23
40
43
30
34
54
49
36
35
50
55
36
62
21
42
58
40
38
33
51
74
35
42
34
51
57
55
52
57
58
54
51
52
48
61
58
52
41
37
36
55
40
68
50
53
45
34
29
47
43
53
53
47
49
54
30
34
31
43
34
34
46
32
25
56
29
52
27
51
31
35
55
50
30
27
51
20
36
34
37
32
47
48
49
37
32
46
29
36
44
31
50
33
42
38
52
36
35
56
37
56
29
41
36
37
62
37
16
28
34
58
51
33
44
74
32
21
49
24
56
73
56
46
35
42
36
53
56
48
47
49
29
56
64
29
30
23
19
35
70
54
45
55
57
39
61
60
30
30
51
29
37
33
53
31
47
49
53
55
50
33
45
55
19
32
38
49
56
31
54
52
44
31
40
25
36
36
38
29
54
17
50
41
31
50
28
36
12
55
31
29
46
40
28
46
44
60
48
47
55
48
32
58
34
47
43
50
53
31
61
44
34
49
32
16
45
39
55
32
32
46
44
32
54
49
24
41
51
49
33
56
33
34
28
46
49
40
43
27
32
42
53
37
27
43
49
34
57
57
40
55
53
49
33
30
47
46
56
40
55
49
52
61
50
38
56
40
52
37
21
31
35
63
29
52
38
43
35
50
56
59
53
32
46
33
40
63
53
29
43
26
58
49
32
32
59
56
32
50
56
56
29
60
39
35
33
49
39
37
31
35
