44
47
25
40
26
45
35
57
53
56
40
46
42
39
38
28
44
26
41
49
61
55
52
30
53
37
40
56
45
45
12
56
40
63
39
41
51
25
61
59
24
49
49
44
24
37
38
62
49
31
59
21
48
54
41
54
39
31
37
28
31
31
56
59
55
63
34
28
46
65
55
31
35
48
38
28
60
39
32
61
47
48
37
50
54
56
23
50
48
24
28
57
54
36
50
37
40
36
37
47
43
15
63
65
39
48
58
30
35
46
36
48
25
6
57
29
53
50
72
44
61
54
35
51
38
38
49
49
41
53
42
49
48
46
27
57
40
60
46
25
51
47
45
64
36
49
34
48
26
34
47
29
42
39
49
44
47
47
56
49
46
31
34
39
50
59
23
38
62
48
34
38
45
36
60
33
76
41
45
24
48
36
30
54
41
46
56
48
53
31
11
49
58
38
39
51
40
31
49
61
56
52
35
52
37
45
48
39
38
53
66
38
29
40
39
37
41
54
34
37
33
52
27
50
51
53
27
45
40
53
49
23
53
56
43
47
46
52
43
41
49
24
46
50
39
7
50
53
50
37
49
41
34
46
5
41
56
40
46
60
39
54
28
38
37
33
35
37
45
57
35
35
34
63
33
59
56
47
33
54
55
37
22
64
37
42
51
53
54
62
47
37
32
34
36
42
49
51
39
50
52
46
40
43
45
37
51
50
55
64
59
51
39
27
17
47
47
47
56
54
60
39
62
52
42
32
53
31
65
45
35
33
49
58
44
33
31
53
54
56
47
49
42
50
41
25
45
54
53
41
41
48
34
39
38
46
36
33
56
43
47
40
42
31
24
30
30
32
59
70
55
67
51
27
49
30
31
41
33
36
28
46
52
54
43
49
49
43
44
53
41
54
45
48
41
25
28
43
44
57
36
34
36
51
35
26
28
34
50
18
41
48
46
27
60
51
53
49
34
64
39
50
36
61
58
48
48
34
27
49
27
46
49
40
34
52
36
40
28
34
28
40
51
56
44
58
52
70
30
58
39
37
57
48
40
20
43
43
53
54
34
40
50
53
45
38
56
30
28
41
36
27
50
43
34
50
33
34
31
34
43
24
38
34
42
30
47
23
31
26
30
27
31
30
38
34
29
34
29
37
