41
22
34
51
67
36
29
46
55
52
66
34
47
33
29
27
25
75
33
42
39
50
39
48
65
25
64
55
49
59
48
18
27
53
56
44
32
31
31
54
30
47
44
41
50
48
38
32
51
42
46
31
25
55
35
42
58
40
31
64
42
52
34
45
53
53
19
45
26
56
31
28
42
41
52
27
48
64
35
58
51
50
41
53
65
43
28
36
34
48
29
45
45
54
52
26
48
45
26
56
20
42
45
47
34
56
27
60
8
16
36
54
46
33
40
29
46
31
48
27
29
20
24
51
45
38
27
35
41
52
33
51
35
38
35
28
51
53
43
44
36
52
37
38
45
29
27
33
32
58
50
59
17
64
32
55
50
29
20
36
42
38
27
56
57
54
38
50
50
36
28
32
59
34
38
64
56
45
34
39
26
16
39
56
57
52
45
33
42
35
28
35
37
33
51
33
65
49
50
31
48
28
27
35
49
56
29
57
53
27
49
60
45
43
20
61
22
32
50
40
46
37
55
55
22
39
41
34
33
32
63
45
51
39
18
63
53
23
22
64
35
59
48
41
48
51
49
55
60
44
37
43
36
46
46
29
23
52
25
33
53
33
53
27
47
35
56
48
71
58
52
38
52
23
50
50
58
21
39
21
37
54
35
39
37
49
54
48
54
49
48
65
52
48
38
14
56
35
37
22
40
18
42
32
46
38
26
65
42
38
28
56
55
50
37
36
53
56
57
47
27
34
59
49
31
25
38
40
38
59
47
46
40
52
60
56
42
50
60
47
61
46
54
45
59
31
27
45
34
41
48
44
58
27
29
41
31
31
42
51
60
30
60
38
49
27
50
39
32
40
41
21
32
55
44
41
62
37
30
30
47
50
47
29
32
39
38
49
35
48
34
53
17
43
64
58
62
52
44
50
28
35
32
42
32
41
28
46
56
49
29
20
40
39
50
26
52
24
35
48
53
48
50
30
32
33
42
47
46
38
43
48
49
37
56
43
68
53
47
48
54
25
31
51
41
27
25
42
45
51
27
15
18
31
27
56
39
60
40
30
35
54
55
46
30
55
54
63
48
30
38
51
42
53
53
36
48
50
55
47
44
64
46
50
44
48
60
52
62
55
38
36
57
47
55
37
65
52
44
33
