59
37
56
33
33
34
24
35
46
42
29
40
53
59
51
31
25
50
37
24
53
39
44
47
52
68
30
47
44
49
28
53
48
52
26
36
48
31
54
31
32
25
44
39
49
37
40
15
50
27
25
56
41
50
27
27
57
56
56
40
30
56
46
49
40
51
33
47
32
49
55
40
31
65
43
51
18
49
31
47
26
57
49
41
50
52
49
55
47
42
51
36
28
35
45
31
54
55
27
51
37
26
38
38
40
50
21
37
43
56
42
49
34
41
27
35
29
48
12
25
30
40
50
47
47
55
27
39
61
42
33
43
33
35
29
61
33
51
26
41
54
50
62
30
44
68
30
47
59
26
41
34
36
51
42
29
30
45
33
54
43
49
55
55
49
38
46
47
45
57
25
52
49
51
50
30
37
34
52
51
36
46
48
48
44
36
35
42
35
53
52
43
34
33
47
48
32
52
39
47
24
47
25
53
33
29
34
51
50
52
33
56
29
31
39
48
60
38
26
53
43
63
53
27
33
31
41
17
30
39
49
46
42
49
52
47
35
59
56
55
58
58
34
57
46
55
57
24
47
36
42
45
42
40
40
27
27
48
52
31
34
61
35
58
50
37
51
35
50
49
51
38
34
23
46
51
29
50
51
44
41
38
27
61
28
42
44
31
28
38
44
34
34
56
55
45
44
51
43
73
36
65
48
45
27
49
40
40
42
50
42
59
22
56
31
51
39
48
60
55
33
33
33
44
52
47
42
44
54
44
36
33
51
60
58
33
49
39
36
28
47
23
50
49
63
63
60
51
54
51
53
50
53
39
51
47
40
52
53
41
49
54
31
22
26
52
63
27
55
40
56
47
33
35
47
40
46
30
32
53
44
53
63
36
32
57
52
52
44
50
49
39
32
65
39
21
35
43
39
44
57
52
54
34
52
41
65
50
44
41
51
52
57
39
50
32
27
59
32
44
31
39
37
39
40
50
49
48
44
46
46
33
41
46
60
29
26
53
50
60
36
52
62
45
52
36
58
42
59
45
18
52
40
70
61
58
60
59
55
42
49
33
46
49
27
54
56
50
52
48
48
50
36
37
54
48
47
54
49
38
52
49
53
43
53
44
62
40
75
50
46
61
53
38
34
50
52
75
51
49
