34
38
32
32
12
40
29
67
34
41
48
58
44
54
41
56
36
36
50
52
27
35
46
60
18
44
49
36
26
51
52
27
34
24
40
41
35
53
42
42
43
34
56
39
30
52
30
33
48
48
48
8
27
52
21
46
48
42
52
49
24
26
63
45
44
30
57
20
45
29
29
31
53
67
25
41
43
49
60
40
48
27
44
17
44
27
49
53
47
43
57
33
44
40
33
55
54
35
34
57
45
40
38
56
51
54
28
29
58
50
37
31
31
58
31
32
58
34
57
30
45
38
53
38
51
41
64
62
31
63
55
53
54
33
55
41
54
45
50
44
47
30
26
27
33
6
38
42
49
29
52
52
39
53
44
37
35
54
43
32
36
22
31
24
29
52
48
40
47
28
41
38
40
42
28
54
35
28
52
22
38
27
32
41
48
49
52
54
46
41
19
54
59
47
49
32
32
56
30
34
53
52
30
44
35
41
36
64
49
48
52
56
34
67
61
34
42
45
50
30
51
57
56
51
45
42
32
49
50
39
45
47
34
30
51
51
62
64
55
37
52
55
36
42
30
48
45
60
46
63
40
32
31
49
14
54
60
35
46
55
54
47
31
43
48
29
31
57
54
56
32
52
30
48
30
49
54
45
40
22
57
34
57
48
39
41
41
29
54
29
58
14
60
14
45
23
33
70
40
47
48
43
29
43
46
25
35
52
49
26
63
37
57
11
51
32
39
32
50
55
31
39
42
44
50
50
62
38
30
33
23
35
51
50
47
33
55
53
40
56
33
33
50
47
36
32
32
27
44
51
67
32
49
46
27
49
50
29
37
57
52
28
24
11
50
51
55
50
37
48
51
73
53
45
45
29
19
49
37
61
30
29
54
29
50
45
51
55
48
44
37
52
28
35
56
42
41
54
47
53
46
51
20
33
52
28
44
47
57
47
55
54
33
34
60
50
44
34
47
31
58
34
39
45
52
40
65
27
38
64
54
46
29
65
51
29
45
61
40
35
49
48
48
34
33
59
44
62
48
45
31
53
30
34
54
52
35
52
46
42
50
72
52
32
31
45
62
28
41
36
57
59
42
50
47
54
66
45
42
34
51
41
52
49
41
57
49
59
35
50
49
58
58
44
48
41
48
65
56
53
