40
36
55
43
55
49
31
48
24
20
12
56
32
38
49
62
50
56
54
50
66
57
51
14
31
74
52
37
26
31
42
47
49
28
63
47
37
28
34
28
38
62
36
58
35
46
49
31
50
59
60
29
39
35
56
65
51
32
32
55
49
31
24
53
50
47
59
52
33
39
30
46
40
53
29
60
37
30
40
32
57
45
62
53
38
60
35
34
25
14
47
35
36
40
51
34
33
31
43
54
34
57
51
51
20
63
21
43
56
48
55
52
32
38
52
53
26
29
54
47
48
33
40
25
57
49
28
33
51
19
52
49
48
31
52
35
46
50
75
36
47
49
20
37
50
58
42
49
35
62
54
61
46
53
27
42
57
32
34
24
34
49
27
33
17
45
23
48
57
43
33
38
54
50
28
47
51
53
48
26
38
48
43
52
51
56
42
31
31
49
54
29
38
34
52
32
30
23
52
22
52
50
30
56
63
54
37
55
25
28
42
64
47
17
51
35
58
63
49
49
49
34
49
24
25
29
52
49
40
41
54
39
49
54
59
54
42
46
52
52
41
30
45
59
44
34
52
47
33
36
72
51
49
37
37
47
17
36
40
55
37
26
29
49
55
27
35
55
19
59
62
56
43
42
63
54
47
29
51
43
27
34
60
33
31
54
54
40
36
50
38
39
34
39
35
39
65
53
26
48
54
65
41
33
66
49
35
54
52
54
50
36
30
56
24
46
57
66
30
52
53
54
54
32
37
44
52
39
55
50
21
56
28
29
38
50
13
52
47
64
65
47
32
54
57
35
37
26
17
21
28
34
45
38
33
37
32
13
76
61
10
28
54
20
42
38
50
44
45
42
32
60
41
37
35
38
32
57
48
45
34
37
55
51
49
33
49
13
41
28
55
57
29
18
53
22
38
47
58
46
33
17
52
45
47
48
48
45
25
62
37
41
54
47
23
51
35
47
44
43
47
53
31
59
36
36
29
30
38
32
60
31
51
50
42
59
25
29
34
57
60
48
29
37
38
53
40
46
37
23
34
54
47
45
46
55
63
37
33
28
43
45
47
45
27
40
35
44
45
31
21
49
35
62
49
41
39
58
60
53
54
56
32
50
35
50
37
51
33
52
53
45
30
58
36
44
33
11
45
53
