60
41
50
56
57
35
52
47
48
46
56
59
52
54
52
50
59
47
50
55
57
39
36
44
44
57
50
52
47
49
56
54
41
53
49
54
58
60
61
49
54
53
53
55
45
52
43
48
44
34
56
48
40
47
33
50
45
52
64
50
49
57
55
43
45
36
50
50
52
55
50
34
52
55
37
49
58
45
49
56
54
54
68
43
47
47
44
60
47
58
46
48
64
46
54
46
75
53
44
47
57
57
53
53
55
48
55
50
46
42
38
48
58
51
48
42
48
52
53
56
46
57
52
39
61
43
47
56
48
52
46
40
41
49
51
43
43
36
48
55
67
39
44
50
53
59
46
54
39
49
49
48
45
41
50
46
49
31
45
55
57
59
50
44
44
48
48
47
43
47
59
57
64
53
48
56
46
61
55
46
62
66
45
55
51
43
49
57
50
60
38
57
62
61
47
60
53
54
56
55
43
58
52
50
47
45
62
43
58
47
54
50
52
53
55
58
59
54
56
50
50
48
43
38
58
48
49
42
55
51
53
50
54
32
44
58
51
50
65
44
45
52
40
51
48
45
53
53
43
48
33
32
32
22
38
21
37
55
31
44
31
30
34
28
21
22
34
38
29
39
32
23
30
59
44
37
31
37
32
41
46
37
37
34
31
36
31
20
26
25
28
56
37
30
43
29
51
33
29
38
31
47
55
33
34
28
46
48
24
36
41
37
35
40
29
39
36
29
35
34
19
30
38
43
45
35
36
23
30
33
43
42
26
37
31
25
39
41
28
37
39
22
35
34
32
45
32
29
15
37
34
19
51
31
42
33
37
41
51
36
48
35
41
40
33
43
28
49
32
28
25
32
35
27
53
49
28
35
32
32
38
46
38
31
38
30
38
34
40
44
31
28
30
30
34
38
35
29
35
40
29
24
35
37
34
53
19
45
29
33
36
29
32
39
28
31
41
24
29
39
46
41
30
37
39
25
36
37
31
38
34
44
33
40
34
39
34
40
31
36
23
33
34
40
41
36
33
29
28
35
32
31
28
43
37
54
49
32
29
33
35
33
46
36
38
30
27
39
34
27
43
24
28
18
38
26
35
31
32
30
35
7
19
20
32
46
36
41
36
41
22
39
44
25
38
32
31
40
32
35
