60
55
54
49
51
52
47
44
48
41
44
49
55
52
52
59
56
40
43
52
46
43
60
52
60
43
41
50
54
50
39
55
57
58
52
42
64
61
39
61
47
46
50
64
48
60
64
54
70
53
46
43
45
52
64
75
44
52
56
55
53
33
50
53
67
58
57
57
64
62
55
51
50
43
35
54
44
50
55
43
45
45
57
51
44
57
50
52
56
43
51
52
54
48
52
48
49
42
63
56
48
47
59
70
49
55
50
44
25
56
48
55
35
48
54
43
54
63
51
55
47
30
51
59
30
68
36
50
27
49
41
42
53
34
52
54
48
47
58
42
54
53
45
45
45
48
54
61
44
48
59
47
53
50
44
58
46
51
49
43
56
47
48
50
50
48
47
45
54
57
37
59
49
43
55
62
53
56
52
42
36
47
48
62
50
49
45
49
43
62
40
60
37
52
47
47
45
57
66
43
37
64
65
53
55
58
53
47
51
34
46
50
52
50
44
50
53
48
52
56
45
41
64
44
51
61
54
57
42
55
47
47
51
39
54
53
53
53
21
56
54
60
54
49
41
55
62
52
46
37
33
33
28
51
44
52
22
41
40
23
49
36
27
28
37
31
36
28
28
54
39
31
24
31
15
21
33
27
32
29
33
39
36
29
29
33
48
32
43
38
24
28
31
35
45
34
39
40
34
27
30
33
40
36
52
47
24
31
29
33
35
34
41
34
29
18
43
44
33
37
36
20
39
39
29
31
25
23
32
37
32
38
37
22
36
46
28
30
33
43
34
31
31
4
31
38
38
31
36
41
34
37
31
51
27
50
26
32
32
24
26
39
41
33
36
36
32
63
28
38
33
29
40
40
41
30
41
25
28
34
49
30
33
40
31
41
40
35
27
39
29
30
28
44
38
40
40
39
33
37
33
31
36
37
30
42
30
47
41
48
30
23
34
31
14
26
39
24
33
29
30
33
27
31
34
27
33
22
33
30
42
36
30
34
36
50
34
28
47
28
33
26
32
42
33
32
24
34
35
30
34
28
26
34
40
9
27
34
27
35
27
36
34
35
31
40
35
38
16
28
27
26
30
37
56
30
32
41
35
34
31
32
34
38
29
44
44
31
33
18
32
34
41
36
43
41
38
42
24
33
