50
57
47
57
32
47
50
45
73
49
49
59
47
54
63
59
33
49
60
55
50
52
53
64
51
46
61
74
38
50
50
22
59
64
57
57
44
43
61
49
64
47
57
30
53
53
52
51
53
52
49
36
40
47
45
57
53
46
63
53
49
48
51
44
60
54
48
59
49
68
40
51
52
50
55
63
44
54
46
45
57
43
51
48
59
48
48
44
65
64
53
38
41
66
46
56
57
54
52
45
51
52
47
66
49
56
47
62
40
57
41
54
56
44
49
46
44
44
59
59
46
47
41
46
44
39
41
47
53
51
47
45
34
51
41
47
45
60
45
56
54
42
52
48
39
52
52
35
46
67
54
53
45
43
58
39
57
56
35
46
41
53
44
66
45
50
39
53
34
47
60
63
45
48
49
45
51
44
56
49
53
56
52
55
42
54
47
34
49
55
47
53
53
59
52
59
57
60
39
56
54
54
50
54
46
54
53
30
39
25
63
38
49
53
50
49
74
55
51
60
48
40
36
57
46
43
40
49
35
43
55
50
65
58
53
53
54
59
56
44
40
45
53
61
54
46
44
49
51
51
29
34
31
40
28
29
27
22
35
36
26
42
31
29
29
36
30
31
39
40
38
24
34
31
27
31
31
20
25
48
17
36
30
38
39
30
34
27
29
39
29
39
26
34
44
17
34
30
24
47
47
33
32
25
49
49
33
23
35
32
39
31
37
18
26
34
44
12
44
32
32
33
24
29
31
30
23
27
33
38
34
25
33
39
30
35
27
33
44
27
31
30
56
32
29
25
34
20
46
32
18
16
27
39
34
24
25
39
40
40
31
54
36
34
26
34
39
31
39
30
22
32
39
38
41
38
50
35
29
33
29
22
32
46
31
38
20
44
35
55
44
34
32
41
34
30
32
38
45
29
36
38
27
33
20
40
43
43
29
19
38
30
63
26
37
38
43
44
29
24
36
28
52
48
29
29
32
34
46
44
20
35
37
14
40
33
48
43
35
28
20
29
37
23
38
36
26
27
30
34
41
30
32
35
38
46
31
37
48
38
34
34
34
26
40
32
47
34
28
31
38
39
27
30
54
22
33
37
33
37
41
34
40
53
41
36
53
26
23
45
42
31
36
32
29
23
33
36
32
36
