51
50
46
44
69
53
49
47
46
50
54
32
51
49
53
54
60
53
57
65
52
45
49
59
49
62
58
50
62
40
47
52
48
42
51
42
64
54
50
49
50
50
55
49
58
44
55
58
49
54
43
38
56
51
48
47
57
48
51
44
51
56
44
46
54
53
44
48
47
57
50
34
46
66
51
48
46
56
50
61
68
43
53
56
51
38
50
42
55
52
58
57
54
53
45
49
47
77
48
60
53
51
48
32
47
38
55
43
74
57
60
32
57
62
54
48
49
45
42
56
54
41
52
50
59
51
48
49
46
47
33
37
57
64
50
46
49
49
43
46
42
54
54
25
31
47
50
52
42
47
31
50
53
49
43
47
54
54
66
47
44
43
47
45
40
57
52
53
59
45
60
46
64
61
50
47
55
45
44
47
55
38
38
46
50
59
32
38
45
52
51
64
52
49
60
56
56
50
44
52
50
54
64
48
54
56
33
66
56
41
41
43
43
52
46
65
49
45
50
52
45
44
52
58
63
42
54
42
52
52
49
46
55
50
51
54
51
53
46
40
62
46
54
54
45
47
49
43
55
62
36
30
27
44
31
27
36
25
26
33
28
36
45
28
34
38
38
41
30
32
37
34
33
35
33
38
33
21
30
23
31
32
34
38
41
40
23
32
24
42
33
36
35
29
40
30
35
28
22
35
25
43
45
41
38
30
41
30
39
30
38
9
47
30
25
35
38
45
37
30
31
32
27
36
35
40
31
22
20
27
31
31
42
40
25
16
20
40
36
34
29
25
33
26
41
27
31
35
26
32
20
37
27
36
51
41
32
32
38
41
36
32
40
31
33
34
47
30
47
32
22
37
36
28
31
39
49
32
35
24
37
45
37
43
61
31
23
31
32
26
31
31
46
28
46
27
23
50
35
41
33
34
34
28
31
41
50
31
31
34
26
32
24
33
31
36
33
53
32
34
26
35
42
33
33
38
35
36
46
42
28
30
22
41
36
33
38
46
43
32
34
33
28
28
34
39
31
36
34
35
30
26
32
44
45
39
38
31
39
33
23
48
51
26
34
35
19
34
39
35
38
33
36
24
38
32
38
36
28
32
39
37
27
23
40
34
42
30
22
38
35
35
37
29
36
35
37
41
37
29
