36
32
31
27
32
31
31
34
39
33
30
25
36
42
32
30
30
29
31
43
38
25
31
37
44
23
38
34
26
59
18
23
22
35
33
36
33
40
36
23
34
25
29
38
29
35
25
34
26
31
36
38
45
27
41
24
28
42
39
34
37
21
32
36
30
38
38
37
31
33
24
31
21
33
26
46
39
34
53
27
31
41
21
30
30
29
37
35
31
33
42
28
31
46
29
39
28
43
38
28
25
25
36
46
39
52
33
34
27
42
19
34
32
50
29
28
29
45
34
39
33
40
22
34
29
36
27
27
26
39
34
34
32
38
35
31
41
45
34
36
37
45
36
37
53
41
49
28
29
33
30
48
23
40
37
34
43
31
46
49
37
28
34
38
36
41
35
46
28
33
35
36
31
35
35
43
23
31
31
35
42
52
31
38
31
50
22
28
37
35
30
25
37
33
42
24
27
33
37
30
35
23
29
37
40
32
28
51
38
28
24
36
35
6
50
27
28
37
31
28
29
41
34
29
31
29
32
34
47
37
34
37
34
41
34
38
46
30
35
43
38
35
41
36
38
33
33
27
21
24
47
52
52
46
43
46
56
55
52
41
53
62
52
57
54
49
57
43
59
40
48
52
39
44
43
49
45
60
45
40
56
49
50
65
50
54
47
47
50
50
45
51
45
51
60
52
50
59
54
45
41
52
57
81
47
73
48
50
43
50
43
53
43
41
63
48
53
54
57
68
52
65
71
48
55
45
56
58
64
48
53
56
49
54
52
48
65
43
64
38
43
61
26
50
46
53
69
47
44
34
51
60
55
51
52
44
51
45
41
55
40
50
40
45
53
53
54
67
35
40
50
39
51
49
51
65
49
58
47
49
40
47
49
45
48
46
57
48
47
50
49
43
47
45
49
44
40
53
52
50
51
47
34
45
50
59
49
55
44
57
64
45
50
52
46
48
53
55
42
72
51
55
52
47
55
59
47
51
47
58
66
53
50
44
55
50
49
62
52
51
53
46
51
48
34
54
55
29
48
60
46
64
56
49
54
54
45
52
52
44
38
46
55
66
53
41
51
51
51
53
49
50
58
50
42
58
54
62
51
56
61
57
49
64
51
34
53
62
60
36
39
43
65
53
65
48
53
52
59
53
