40
31
41
42
22
47
31
31
42
48
46
32
32
51
35
47
30
36
13
47
42
49
32
32
37
42
28
36
32
47
16
30
44
19
31
31
25
24
33
37
31
32
18
33
29
32
36
26
37
31
32
38
36
24
39
31
21
31
33
40
44
33
35
35
29
35
14
29
44
27
32
41
39
44
23
34
37
39
26
43
28
33
45
37
31
33
37
35
41
33
17
27
36
24
42
45
33
38
34
37
31
39
27
31
37
31
37
28
37
36
41
13
34
19
41
25
33
34
28
48
41
11
39
37
46
29
33
25
39
48
29
38
24
29
31
23
26
34
30
34
32
39
31
30
36
19
29
26
34
29
34
36
37
36
37
41
27
31
28
40
35
30
29
46
34
32
45
30
37
37
36
36
44
23
24
28
47
36
28
14
28
21
36
39
29
47
40
8
29
23
44
32
36
36
39
27
27
20
39
35
28
28
32
38
30
48
31
42
38
23
40
20
30
22
31
38
39
34
33
12
18
35
16
38
25
37
29
31
35
30
36
31
42
33
28
37
28
37
38
28
51
31
40
32
29
28
27
29
39
31
51
47
45
47
44
44
52
45
57
44
56
51
56
46
62
49
55
43
49
48
46
55
60
62
55
46
59
55
54
42
48
54
53
35
65
45
52
54
52
48
63
53
45
53
52
49
50
48
55
46
66
40
40
48
48
54
63
50
78
51
48
54
52
42
51
59
56
46
57
53
55
51
52
66
46
53
58
50
52
49
48
52
54
47
52
50
48
44
43
31
54
49
65
43
60
54
60
49
40
48
47
59
50
44
40
46
50
39
59
53
62
56
56
50
48
50
34
54
51
43
52
53
57
51
52
62
54
54
54
53
55
41
45
50
57
30
66
48
46
62
45
63
47
47
63
59
46
33
53
60
46
38
50
51
51
57
50
49
58
49
62
47
47
48
51
53
49
46
54
56
51
42
66
42
57
57
40
53
38
59
57
81
63
52
49
53
62
64
51
57
52
45
50
52
50
39
41
57
44
49
48
53
52
54
50
52
50
46
39
58
53
50
52
54
61
47
53
50
46
66
43
57
54
52
48
40
48
60
64
53
30
45
47
51
68
55
52
39
62
60
45
61
65
55
55
54
47
45
36
56
