50
45
48
55
63
44
60
45
53
41
68
61
40
49
55
63
53
44
47
53
45
48
37
48
56
76
56
50
49
52
51
58
52
49
55
47
54
42
49
50
59
54
48
41
49
46
50
48
41
50
53
53
41
64
60
45
42
59
50
60
53
63
52
55
52
40
50
44
64
53
39
46
58
34
45
52
46
43
55
54
48
51
52
39
50
62
60
43
47
45
60
39
53
39
66
49
59
45
53
56
58
51
55
56
35
51
66
52
45
55
63
58
65
62
42
21
47
58
52
60
54
41
54
50
58
51
20
63
55
67
47
42
57
58
42
46
55
50
48
34
58
66
52
50
49
49
56
53
51
55
57
42
46
59
57
39
40
53
51
64
40
54
47
56
42
50
42
64
38
60
55
55
44
42
50
44
49
57
44
58
46
45
53
41
48
47
66
75
53
48
47
50
48
53
53
50
50
46
44
60
72
52
51
46
46
54
45
57
70
49
51
47
62
67
52
59
55
49
53
44
64
62
49
42
48
45
50
54
60
44
54
51
36
52
49
46
40
51
51
57
60
48
50
38
58
30
60
48
51
51
43
51
31
39
34
40
14
42
39
38
39
44
26
39
40
23
37
22
36
36
33
37
36
40
26
17
40
34
24
31
28
28
40
54
36
18
31
33
33
37
49
31
30
38
33
12
36
27
27
29
40
33
28
33
27
33
24
32
38
30
31
41
37
34
12
31
36
24
28
31
25
31
34
38
19
36
33
30
45
37
39
40
28
23
26
28
46
45
27
34
34
37
33
29
32
23
35
29
27
26
29
28
28
30
23
25
28
28
27
27
37
36
28
40
51
32
35
35
29
47
33
43
40
32
47
37
29
40
28
36
29
35
31
35
34
55
44
31
30
33
38
29
44
40
27
40
42
19
32
26
38
36
37
46
29
33
36
31
36
14
29
31
47
37
53
32
39
38
42
36
37
32
28
34
38
36
34
37
39
35
41
35
34
42
33
31
20
25
37
34
38
24
35
32
21
30
35
38
33
33
36
31
26
30
30
33
38
10
28
35
36
31
36
54
31
30
52
32
24
27
35
43
27
33
43
39
18
33
39
33
32
35
31
38
33
31
48
26
40
34
43
21
34
34
47
22
34
33
30
29
