40
53
60
64
57
57
47
43
46
59
47
50
49
54
51
49
34
53
41
58
59
48
48
55
42
39
56
60
41
48
56
43
44
53
47
57
59
51
54
44
46
52
42
51
61
59
62
52
65
63
55
40
47
50
55
69
49
56
52
40
58
46
50
55
35
68
48
50
44
42
48
52
50
49
40
40
59
51
42
42
51
62
54
57
48
50
60
49
50
57
47
43
47
54
49
55
48
36
42
37
40
69
46
42
68
61
48
51
39
72
41
60
57
60
74
50
40
56
49
36
42
45
47
51
54
60
55
58
57
56
54
47
59
41
54
58
52
62
52
34
43
54
49
55
55
50
45
43
49
44
50
49
43
42
48
57
53
46
44
53
57
50
49
48
39
65
53
48
57
47
51
48
51
45
56
49
61
49
54
56
49
57
63
48
53
64
62
50
49
54
49
49
46
52
57
56
43
53
48
37
55
58
40
49
51
42
48
48
55
55
54
70
50
48
63
42
56
57
50
51
52
55
69
41
54
56
46
56
53
56
52
44
42
53
55
48
48
41
45
52
50
48
52
50
54
50
48
48
36
48
33
50
43
51
35
42
31
36
48
34
37
34
34
35
29
25
38
29
26
30
19
43
44
40
33
26
32
35
27
35
36
36
12
32
27
36
32
41
47
35
33
20
33
39
35
27
35
26
40
34
47
24
24
30
36
27
37
36
35
25
48
40
54
31
33
51
24
39
37
33
24
31
37
21
17
32
35
30
33
8
40
28
43
38
30
41
35
43
37
38
38
16
50
37
40
27
26
34
39
33
39
33
19
47
29
39
34
18
40
24
19
26
31
32
17
33
32
28
31
44
28
33
22
44
33
31
28
43
34
36
55
36
16
41
31
30
31
41
36
32
36
30
32
37
39
31
34
35
38
18
38
38
15
37
45
32
31
26
28
44
44
23
42
36
28
29
34
41
27
24
25
27
39
29
42
34
30
27
34
19
30
42
23
25
32
38
36
29
28
37
35
36
31
31
29
33
26
29
30
41
34
38
31
38
39
23
24
52
41
31
19
47
30
36
39
31
27
22
32
41
35
46
29
46
31
28
34
34
33
31
29
31
42
24
44
23
34
28
24
37
29
34
31
21
44
33
32
41
43
21
