47
46
54
58
58
59
52
51
56
40
56
58
41
51
48
54
47
37
59
49
56
64
61
48
63
55
48
71
50
51
65
45
57
53
35
72
55
50
43
52
62
49
49
50
47
48
56
30
53
40
49
67
50
52
57
42
52
53
59
53
35
47
54
47
59
56
45
59
34
65
50
53
46
48
48
44
34
49
48
52
55
46
53
42
39
43
70
30
41
57
48
37
58
54
41
40
45
49
64
41
52
45
53
38
51
68
62
51
67
51
70
49
40
52
52
60
46
45
40
44
41
43
62
47
64
53
51
42
58
53
43
48
54
47
57
61
49
47
57
59
52
52
50
62
56
42
64
40
52
33
58
43
30
46
54
52
37
41
41
53
64
47
57
54
40
54
50
61
57
57
42
49
56
51
61
55
48
41
58
59
53
53
59
56
40
50
45
45
41
54
53
45
32
40
54
55
47
48
53
60
61
55
29
52
54
52
63
62
56
57
47
43
44
51
50
53
54
51
68
43
56
52
48
47
50
54
60
52
51
44
59
55
60
50
43
48
53
57
52
50
51
47
57
47
49
50
47
50
46
53
27
45
42
35
36
34
44
42
35
34
23
26
18
37
35
33
35
38
37
23
25
29
45
34
46
39
32
33
39
47
34
31
37
30
22
35
34
24
42
35
41
31
41
44
32
28
26
12
34
34
39
26
27
29
30
33
26
14
32
36
45
33
29
26
48
25
39
31
42
39
30
45
38
29
33
38
41
39
34
36
41
37
41
30
23
42
30
41
36
41
29
29
24
39
37
31
42
34
41
28
41
35
39
30
36
37
44
28
28
30
24
35
42
32
20
22
42
36
55
27
33
38
27
37
28
46
49
59
40
27
32
29
34
36
27
27
34
25
32
32
25
39
43
28
45
40
30
23
29
35
37
17
37
33
49
37
45
30
37
23
34
40
22
38
31
45
29
38
36
33
24
34
51
49
28
31
35
31
39
36
25
27
27
28
40
36
37
26
21
28
22
45
37
39
37
33
38
26
38
30
36
26
30
36
36
18
20
39
48
28
22
25
15
37
30
24
30
40
36
33
12
28
13
37
31
33
36
38
35
38
35
18
34
51
21
42
23
36
41
37
29
54
29
32
23
34
12
36
39
43
