43
49
59
54
50
53
53
36
37
59
55
48
37
41
52
52
62
46
47
59
52
59
45
56
69
30
54
53
53
51
42
37
53
50
39
43
57
55
47
49
51
44
41
27
50
50
50
49
65
38
53
46
52
48
52
70
47
50
63
60
50
55
68
44
52
57
46
59
47
49
49
78
36
52
44
78
48
44
41
32
44
52
48
35
50
54
43
44
53
64
47
40
52
51
45
46
46
56
59
45
65
47
47
52
51
70
57
47
62
57
52
46
39
47
47
40
63
64
45
39
61
57
52
39
56
50
56
47
43
65
56
46
53
64
38
52
41
31
58
61
39
40
47
50
53
53
49
50
56
61
53
29
47
49
50
59
52
56
39
48
35
52
56
52
62
43
55
42
60
49
58
43
60
56
58
66
49
46
51
57
55
43
53
49
54
58
73
51
51
56
52
48
44
51
40
49
45
52
53
70
50
48
34
58
55
52
42
58
64
51
59
53
45
53
44
50
48
52
50
59
45
55
41
55
30
67
61
53
49
64
53
40
50
32
58
46
62
54
45
51
58
58
56
44
52
44
55
57
53
65
38
31
33
38
20
27
32
33
16
49
43
27
34
33
41
27
33
38
42
27
36
31
38
36
61
38
28
32
38
30
26
30
28
32
28
36
30
54
36
31
36
38
24
35
35
27
26
21
30
32
34
18
15
50
24
36
40
29
37
35
34
34
25
26
36
23
31
39
29
24
27
34
40
33
24
30
40
41
40
35
42
26
28
45
23
28
40
32
34
35
38
23
49
35
35
35
45
27
25
27
40
31
37
35
48
33
43
23
34
40
26
31
37
29
37
33
32
45
28
31
35
31
27
31
25
39
23
16
39
30
34
41
36
26
29
31
36
30
39
30
23
37
24
33
32
33
37
31
32
57
22
38
29
21
34
43
38
40
33
39
32
30
33
35
27
39
35
28
37
28
41
33
35
36
37
34
33
36
25
22
16
39
28
39
46
38
20
31
34
34
27
36
49
34
31
34
37
44
41
38
39
22
28
37
40
41
31
31
36
24
42
25
27
33
41
28
37
36
38
27
32
42
30
29
34
55
39
36
38
41
41
39
38
23
8
31
38
31
28
34
22
39
39
37
26
27
40
32
37
31
