43
27
31
42
50
52
43
46
60
27
53
45
19
29
45
38
18
50
52
50
54
58
52
23
28
54
50
53
50
44
51
41
52
27
51
52
47
58
46
55
44
46
53
56
56
17
44
60
28
39
45
38
30
49
46
39
56
32
56
47
31
38
55
38
14
53
69
39
50
28
50
50
37
47
50
35
51
49
50
50
55
40
61
44
41
37
52
61
53
57
51
39
43
23
29
53
34
30
47
34
10
38
32
46
36
30
33
42
57
38
22
43
52
58
34
49
39
35
54
49
37
56
55
29
53
54
56
51
62
26
26
28
42
24
52
63
14
25
67
55
31
48
29
34
51
53
35
42
38
50
73
30
53
25
35
25
32
38
49
32
46
65
49
57
52
25
34
33
29
49
28
34
40
49
49
54
49
64
36
32
53
38
45
26
35
53
50
55
50
39
58
29
58
56
52
48
46
54
48
50
57
32
44
41
50
43
46
52
50
48
33
58
56
57
34
42
34
68
53
38
45
33
19
60
64
59
41
55
50
54
55
59
29
44
23
52
47
47
51
52
6
53
5
45
37
11
22
48
34
31
52
32
50
43
18
57
47
24
30
44
37
41
28
31
35
55
36
44
55
51
50
25
36
29
35
33
40
52
25
20
27
62
47
39
35
36
29
33
53
53
36
28
44
37
29
47
64
51
35
48
62
5
32
74
57
45
50
31
54
26
41
47
57
26
53
33
34
31
39
51
30
32
36
59
38
51
59
45
49
33
53
64
15
27
27
59
40
25
64
38
46
63
49
58
52
47
27
36
39
55
48
32
64
35
45
49
52
66
41
14
64
32
50
46
63
49
58
50
30
54
47
19
53
12
38
33
44
49
38
28
46
21
42
54
33
65
33
51
46
41
16
35
32
48
50
51
35
13
37
50
46
48
42
51
51
58
55
51
51
32
39
49
35
39
52
63
54
51
33
49
33
53
40
46
63
9
58
45
50
32
29
32
56
34
49
23
46
25
52
58
41
57
61
30
38
45
44
51
33
45
37
56
47
45
37
36
51
14
45
36
41
36
35
42
31
36
41
39
50
50
60
36
41
54
26
32
47
57
36
53
32
51
42
32
52
29
44
20
42
48
39
40
53
36
29
43
52
55
25
46
