53
28
26
55
56
37
37
55
28
50
32
31
28
33
56
38
50
41
48
37
59
27
61
45
34
39
46
55
59
32
55
35
39
35
37
25
37
44
48
30
33
31
68
46
51
46
59
8
52
49
37
43
27
57
29
54
30
55
37
44
58
19
32
51
26
64
19
52
44
35
67
51
36
32
38
31
33
43
64
31
49
45
30
34
57
62
50
38
53
36
55
33
47
39
27
49
41
42
23
34
49
30
49
52
16
48
49
57
31
25
43
33
63
35
32
53
34
15
44
40
64
25
47
33
46
53
48
39
56
23
30
22
52
56
45
49
31
50
38
36
33
52
50
54
50
32
36
58
52
12
25
39
45
59
55
28
41
60
37
56
47
45
20
41
33
29
51
40
29
56
27
21
38
46
43
54
31
40
31
45
31
58
45
41
58
46
27
51
27
50
34
52
26
36
48
38
48
31
39
19
59
55
39
38
56
56
34
25
34
39
33
75
47
47
47
39
55
57
31
36
54
57
35
44
63
35
34
50
29
52
31
59
30
32
40
27
22
50
45
31
55
24
51
40
28
32
55
54
35
39
31
37
27
43
54
25
17
41
19
39
53
23
49
31
45
51
50
55
32
38
41
54
54
38
48
37
55
43
39
49
48
36
38
49
28
52
34
65
46
55
45
56
49
50
46
35
27
29
70
30
54
31
47
34
53
49
46
26
36
35
45
49
33
27
50
47
42
37
50
53
37
39
25
59
57
21
43
65
55
31
54
35
44
48
60
32
25
29
52
66
34
46
52
53
44
50
40
32
27
58
58
31
60
35
54
52
35
38
38
54
48
53
54
34
51
33
46
56
56
48
36
56
44
38
48
56
47
51
36
29
33
46
54
50
52
49
34
31
36
55
43
43
40
64
48
24
68
43
47
11
33
33
62
44
53
40
27
58
28
53
29
29
37
35
43
52
31
55
37
31
49
44
59
49
47
55
24
46
52
53
35
36
44
35
32
33
30
50
24
21
50
56
28
57
63
37
52
34
37
62
48
33
38
45
36
50
30
45
47
71
40
40
53
28
31
28
33
35
55
26
55
36
39
32
59
30
42
53
31
43
42
24
33
44
29
47
57
35
53
29
35
44
44
49
40
33
38
61
42
49
