34
47
27
47
33
45
57
57
52
38
23
62
45
57
46
43
35
52
35
45
46
50
38
59
48
33
58
50
29
42
36
51
53
32
31
49
41
57
28
52
54
35
48
43
21
46
45
22
57
35
36
54
51
36
51
37
52
24
46
51
39
58
48
58
43
49
47
50
41
33
44
47
28
41
27
55
31
44
57
42
28
31
32
32
58
34
29
43
52
18
47
53
43
36
48
62
41
52
72
46
26
44
23
29
48
39
33
56
49
50
48
34
48
40
36
42
31
46
39
27
55
36
35
53
29
30
44
36
38
55
20
46
36
53
46
30
59
31
39
49
57
50
41
39
59
29
58
56
73
26
40
49
47
45
57
31
49
32
51
55
30
21
44
28
32
28
26
51
57
31
53
58
32
57
43
28
54
32
28
41
55
25
57
28
10
37
53
39
48
43
47
55
21
34
48
35
39
55
57
31
61
41
42
33
30
53
44
43
37
34
33
46
48
44
29
54
61
49
32
51
44
57
35
40
61
66
50
35
53
51
30
29
49
38
47
72
31
44
34
49
45
31
32
60
28
54
58
55
49
38
37
50
28
56
59
55
45
40
45
52
45
32
50
30
45
32
41
29
59
34
59
31
48
35
38
41
34
47
62
48
49
51
46
49
35
37
47
38
34
46
34
48
55
31
31
28
33
36
48
44
30
38
39
31
57
36
44
45
34
23
52
38
31
50
50
31
31
28
42
35
27
20
29
58
37
29
48
50
45
24
48
40
9
37
47
26
53
50
33
53
53
19
39
34
25
61
21
33
60
52
47
57
65
42
44
50
52
37
44
52
29
46
37
28
57
30
52
46
34
36
44
41
37
12
50
29
59
54
27
43
31
47
60
53
50
38
18
53
55
31
52
39
37
49
56
24
28
56
52
40
66
43
56
33
23
49
30
48
28
39
63
51
46
51
50
48
50
54
14
67
34
51
34
36
58
20
37
48
38
47
48
44
49
34
49
52
45
57
50
56
47
53
38
45
47
30
50
47
55
53
28
59
60
58
38
46
39
37
46
35
34
30
45
28
57
17
38
31
47
43
49
54
38
49
42
48
40
51
51
59
54
47
41
52
57
50
59
58
42
50
59
37
62
45
36
46
46
46
30
49
