62
30
44
63
51
52
49
43
43
53
25
47
55
44
26
24
47
50
38
31
57
29
47
28
39
62
40
55
57
31
20
43
26
30
50
35
35
51
33
31
45
43
45
31
49
64
52
48
24
22
48
41
42
40
58
29
36
42
58
55
38
36
26
58
56
34
52
59
42
50
38
49
30
52
45
60
34
54
62
42
50
59
47
31
38
35
53
45
47
38
55
31
59
31
57
47
38
56
50
52
39
34
37
43
43
54
34
35
45
28
34
54
53
19
55
47
34
51
28
53
54
38
28
50
32
48
42
33
35
39
47
41
32
34
53
19
59
19
58
48
54
45
42
52
17
42
59
66
23
50
29
47
34
29
32
44
52
20
46
31
38
27
47
21
29
33
50
52
31
57
48
37
57
62
52
54
23
45
45
57
27
36
29
30
21
35
58
57
50
43
59
36
51
27
40
45
58
24
35
60
51
26
65
47
24
54
30
53
35
20
42
29
54
39
47
36
51
46
20
50
50
51
27
28
50
35
59
57
58
47
39
29
22
29
38
38
46
34
56
37
54
43
33
46
36
52
47
32
44
47
54
51
38
41
19
58
46
52
48
55
31
55
42
50
40
44
39
29
52
54
48
54
60
30
42
35
42
34
48
44
31
62
20
33
42
64
14
53
53
50
38
28
36
28
27
52
47
49
40
33
50
32
30
28
26
35
59
61
36
56
56
45
40
47
21
51
18
58
44
55
30
51
32
45
35
63
35
26
57
29
34
52
44
48
38
34
41
54
54
38
55
25
48
51
39
44
30
37
62
6
46
43
51
47
37
51
40
50
37
38
50
51
48
42
53
50
49
41
53
50
34
24
37
34
24
16
35
48
51
49
52
49
58
57
27
52
47
62
51
26
34
56
51
53
54
34
11
31
36
46
27
52
50
34
44
50
44
63
45
34
50
40
47
55
53
25
51
54
27
51
35
51
54
43
61
53
22
25
35
49
47
52
26
41
53
47
29
50
30
13
38
44
55
27
50
38
24
52
50
18
47
48
57
48
41
52
62
32
51
32
53
54
56
31
41
36
24
40
53
35
46
27
27
39
43
32
61
51
38
47
29
55
34
27
49
57
34
49
54
31
35
49
34
69
32
58
45
59
45
31
