54
39
54
32
51
42
44
71
32
46
37
25
47
37
44
27
25
48
48
51
50
33
24
22
51
39
40
30
61
37
45
41
45
39
30
27
50
31
30
51
55
35
33
40
50
57
52
37
13
49
58
44
30
42
42
41
56
6
43
13
28
57
43
48
32
63
43
38
28
49
36
41
43
53
28
62
40
46
41
51
29
50
53
35
53
36
28
54
63
50
54
52
48
68
52
48
28
27
52
39
23
65
39
41
53
43
57
34
24
48
49
39
24
33
39
28
62
50
57
26
29
40
47
46
53
44
46
44
43
50
38
28
39
25
49
66
46
34
41
47
51
34
33
51
51
35
43
53
23
55
35
41
27
40
34
37
54
38
43
48
33
40
15
44
36
49
34
55
32
35
58
36
25
37
42
33
24
33
37
22
33
35
48
47
54
43
47
55
52
47
33
24
48
55
36
49
57
48
52
57
46
50
47
43
49
30
46
47
36
33
39
50
48
25
34
53
57
36
54
27
43
23
32
47
56
50
44
60
38
42
49
50
47
41
45
34
41
31
34
57
50
43
51
30
48
54
36
24
30
34
47
20
38
36
42
50
29
43
35
23
33
42
42
53
29
36
35
46
49
30
32
50
26
17
40
55
52
43
41
31
48
13
41
64
51
38
54
58
53
48
47
28
48
59
55
58
49
41
44
42
41
48
46
28
25
50
52
60
30
27
40
23
58
50
53
37
30
28
40
37
37
30
32
36
53
53
37
43
26
12
32
48
53
32
26
36
29
47
36
56
47
60
40
35
42
42
33
38
26
47
50
49
30
49
51
63
32
36
21
54
32
32
29
31
45
18
42
50
48
56
15
37
20
44
38
25
48
53
48
50
29
33
16
30
51
47
45
38
30
50
55
44
18
43
54
39
32
46
30
32
47
45
40
55
29
37
43
55
29
34
66
38
49
46
47
39
52
46
47
47
41
42
31
55
57
42
49
30
28
57
50
59
42
48
45
30
29
27
50
49
32
33
32
49
49
38
44
58
35
41
55
44
48
21
45
25
51
28
31
55
18
56
30
58
51
42
45
48
46
59
46
58
39
38
35
35
50
40
40
36
38
68
37
40
55
48
37
45
46
41
44
37
56
29
51
64
38
36
51
56
