45
49
49
37
46
54
55
51
46
47
48
53
47
52
55
58
53
54
57
61
56
55
44
53
47
47
53
54
50
57
59
52
47
50
50
57
52
51
53
50
53
54
54
49
48
52
51
47
42
57
56
50
55
55
52
44
46
46
55
47
57
50
49
51
51
44
50
42
42
60
58
55
52
43
44
40
54
60
53
44
50
48
63
46
39
49
48
53
56
48
47
57
46
52
49
52
52
52
53
52
43
44
46
49
49
63
53
41
48
54
48
44
56
50
52
59
47
53
53
53
51
52
42
46
47
53
47
52
50
57
50
45
51
49
62
37
42
57
50
48
54
49
48
52
50
47
47
57
47
46
49
59
57
50
63
47
47
47
47
49
47
45
51
42
54
49
49
45
46
64
46
47
48
44
57
50
41
57
45
55
55
52
54
53
52
42
48
56
55
51
53
49
41
47
53
46
38
56
52
58
53
49
49
45
49
46
49
50
51
42
50
53
52
55
45
56
52
49
51
43
52
52
61
49
53
54
48
50
51
44
51
47
51
48
49
49
46
56
57
50
43
53
48
51
48
57
49
56
53
50
37
53
56
48
41
49
54
52
56
58
45
52
47
59
54
50
48
55
47
52
59
51
45
60
50
40
42
51
52
43
49
52
52
46
56
52
39
49
54
50
61
49
50
52
40
56
56
60
43
44
48
52
48
53
44
40
46
54
49
59
43
57
40
56
42
47
50
51
58
44
48
49
52
50
48
58
47
48
53
53
51
51
50
49
51
44
53
43
51
53
46
54
49
55
46
45
46
47
44
46
52
50
52
59
48
48
41
49
67
50
50
55
53
46
58
53
52
50
52
49
47
55
51
54
48
49
48
58
49
37
54
55
53
48
55
50
52
48
43
49
54
54
47
47
45
52
47
50
41
52
53
51
45
49
46
49
45
48
51
64
54
41
46
54
50
48
46
45
46
53
47
44
60
45
44
54
48
46
54
55
49
43
44
49
61
48
46
49
45
50
55
50
52
56
46
53
53
52
54
47
53
53
53
51
46
58
50
52
37
60
47
38
48
52
42
46
49
60
58
58
46
60
52
51
58
43
42
52
45
49
46
49
45
49
49
53
50
50
44
43
59
45
41
44
41
53
53
47
51
45
