70
32
39
43
39
57
42
34
71
58
50
45
26
56
50
47
68
63
29
47
50
50
49
35
50
33
35
42
43
44
58
33
52
59
46
50
46
61
33
51
75
52
41
39
36
31
47
51
47
53
49
54
44
36
41
27
32
36
28
26
54
40
44
28
25
58
34
59
37
35
48
34
36
55
54
45
37
38
38
35
37
51
30
36
53
55
63
32
31
35
65
35
33
48
25
47
28
44
41
31
52
33
35
45
56
49
24
45
46
55
46
32
39
44
53
39
52
42
33
29
40
42
28
29
49
49
39
45
46
29
44
23
43
62
43
58
44
46
54
54
33
53
55
63
32
41
40
65
29
39
41
18
39
47
66
23
56
57
38
49
22
59
53
43
39
43
47
25
35
47
28
45
29
38
22
42
30
51
46
34
42
48
22
44
31
40
51
28
37
35
28
50
36
45
28
31
62
48
26
32
45
17
49
57
50
55
55
51
63
36
34
25
36
58
36
50
35
29
37
50
57
45
52
38
48
39
33
37
51
51
53
45
39
56
51
45
42
53
53
49
46
45
46
40
61
47
51
17
27
60
56
35
47
54
49
53
39
36
43
30
52
44
55
37
65
27
59
30
31
38
38
33
54
27
69
27
19
38
56
48
51
49
59
25
64
49
40
34
24
32
34
11
31
59
42
51
25
52
28
41
55
37
52
35
33
29
55
56
32
62
33
47
49
58
47
39
33
53
54
41
26
28
42
52
32
50
31
47
44
30
45
27
52
49
44
43
36
37
29
52
52
27
37
46
30
37
31
32
47
27
39
32
52
56
52
68
38
52
27
60
19
32
45
51
43
36
36
38
54
58
40
49
54
29
63
64
39
38
62
30
30
35
46
52
36
24
32
53
45
41
41
39
47
51
38
57
30
58
46
40
32
44
35
31
50
51
49
62
48
52
27
57
31
48
60
43
25
35
47
33
34
49
60
56
63
63
48
41
32
54
57
34
53
52
40
47
22
60
43
20
43
31
45
48
35
51
30
32
47
50
36
25
49
20
44
34
40
56
9
56
39
46
55
38
48
31
42
36
57
30
47
24
72
57
53
33
28
55
49
27
53
42
32
35
31
33
37
49
49
57
49
57
40
53
28
31
29
58
50
55
