37
63
57
18
37
36
45
41
51
38
58
54
47
45
14
47
36
44
32
25
30
21
61
33
33
31
53
48
29
53
24
36
40
38
35
46
45
20
60
31
47
6
41
53
48
48
63
35
51
45
59
73
50
25
30
31
37
50
63
43
52
51
49
41
52
68
27
55
28
58
38
34
53
31
53
25
39
53
38
18
14
50
43
45
39
30
47
48
54
29
47
38
52
32
50
42
29
37
47
53
48
55
49
37
44
36
28
57
49
27
54
42
31
48
49
45
34
32
35
57
45
35
50
63
36
54
34
35
45
43
32
35
29
35
36
50
33
44
51
57
34
30
58
31
38
56
51
60
29
36
41
45
24
49
65
27
45
49
36
32
48
34
52
50
36
28
36
59
56
53
49
26
34
52
29
41
50
46
31
58
45
38
24
51
36
33
37
52
35
46
44
48
36
36
53
67
9
52
33
58
55
23
26
28
43
20
37
29
52
27
30
27
41
33
53
34
23
44
50
68
36
35
53
36
51
35
30
39
44
32
56
46
51
17
43
34
28
28
44
33
29
28
16
47
45
57
36
47
28
52
19
30
22
27
52
34
33
47
25
51
27
22
46
35
48
54
31
55
39
46
29
48
42
51
36
34
38
38
54
54
31
30
45
27
51
42
60
39
49
42
50
50
36
31
52
35
32
35
19
54
57
68
28
35
36
55
44
52
47
54
36
48
34
62
26
55
28
33
47
54
17
38
9
34
29
51
46
29
49
40
39
32
46
27
60
52
65
45
47
54
47
50
52
48
42
32
40
54
28
52
55
52
21
31
36
31
56
45
32
47
48
48
41
34
40
36
20
50
27
51
18
28
45
30
41
29
31
26
52
46
55
44
40
57
41
54
56
47
21
52
57
64
42
58
47
50
35
52
52
55
36
50
35
49
63
53
39
60
23
37
24
60
38
23
39
33
48
36
32
50
41
31
28
51
49
46
31
17
24
58
47
65
45
51
34
58
41
47
38
56
24
32
47
31
25
53
55
30
60
52
50
27
48
41
57
37
41
44
65
39
33
48
37
48
33
49
57
35
47
52
55
46
56
30
54
55
28
50
40
49
55
15
57
48
42
16
33
21
33
31
49
40
34
27
59
60
31
17
30
51
