49
52
20
29
48
31
32
31
28
58
44
48
59
39
34
41
36
49
29
28
21
49
53
34
26
37
45
21
34
46
38
30
31
35
31
55
29
42
48
65
52
24
30
60
63
46
35
51
50
52
52
31
44
36
49
55
66
43
48
34
31
50
51
46
53
51
72
31
34
20
56
44
64
57
51
46
31
32
31
28
54
31
45
53
56
56
32
31
14
33
17
52
29
52
59
27
66
26
41
27
54
51
37
44
34
31
53
59
58
24
53
26
55
31
49
39
61
36
47
28
41
29
64
31
49
53
24
34
33
53
68
27
21
28
19
50
52
28
29
41
47
32
49
54
52
21
25
42
58
45
63
53
46
65
57
20
40
44
47
50
55
35
34
32
51
58
35
59
33
60
49
38
59
53
43
47
42
51
50
64
36
60
57
24
46
49
27
34
41
49
57
38
34
19
34
43
49
46
28
35
36
23
26
26
31
39
40
47
59
42
25
41
29
35
49
46
43
44
31
31
36
22
38
50
50
52
51
48
37
32
34
39
55
59
37
54
29
42
46
27
55
54
38
31
29
58
29
31
33
42
40
50
37
55
49
53
52
58
55
43
58
50
44
19
28
47
42
42
38
35
51
38
53
31
56
47
60
32
27
68
39
30
20
48
47
38
52
60
57
48
39
30
51
39
54
47
43
40
70
37
23
35
36
38
38
49
16
48
20
51
76
43
54
52
32
28
25
55
45
31
38
28
52
32
48
33
41
35
68
39
60
47
36
23
45
48
29
30
40
51
53
45
33
56
52
54
51
53
18
37
28
49
53
63
51
47
12
31
34
35
32
34
48
38
59
40
58
32
46
47
44
43
47
32
29
30
39
32
28
39
43
26
52
29
48
47
39
41
41
42
30
34
46
45
46
26
48
26
29
25
37
32
33
49
54
22
35
32
48
49
38
26
43
39
38
56
28
28
50
27
43
28
55
75
38
53
47
8
56
19
59
27
50
50
49
65
37
38
49
54
50
39
34
61
47
27
29
47
38
17
41
44
55
34
45
44
29
46
48
68
26
25
50
47
30
44
52
30
46
48
45
52
36
22
52
49
47
33
52
38
53
52
38
59
41
47
56
52
53
30
47
43
42
55
50
41
43
45
28
61
