56
53
56
49
41
51
55
51
52
48
47
45
47
53
49
48
43
46
48
48
48
53
53
48
48
46
52
53
43
48
51
53
46
44
50
53
53
57
52
51
56
50
42
44
58
48
59
43
49
53
43
50
59
49
53
47
52
47
53
44
58
50
41
48
53
48
52
46
45
52
52
51
46
54
55
54
56
54
56
41
37
54
51
46
49
55
43
50
57
57
43
49
50
55
41
49
46
47
54
50
46
55
59
47
47
50
53
47
57
50
49
54
53
44
48
51
55
53
54
49
47
64
49
60
56
47
48
48
50
38
45
43
47
58
45
45
72
55
49
50
49
50
51
55
53
47
49
54
53
59
51
56
56
43
53
52
53
52
53
45
57
49
47
45
47
60
44
53
51
50
50
54
65
47
50
49
46
45
47
57
49
53
47
52
50
50
43
52
50
58
46
59
46
48
45
54
47
50
51
51
54
57
52
48
54
49
45
45
52
49
53
55
54
53
46
48
57
53
42
42
46
44
52
49
43
43
42
48
53
49
52
59
48
44
52
46
44
57
43
48
49
55
44
46
56
55
52
52
43
48
56
51
65
64
48
43
61
66
50
37
53
60
55
56
50
61
36
57
35
58
56
62
56
49
48
46
40
60
59
62
24
56
40
47
57
49
50
60
59
47
65
58
47
29
49
38
49
63
35
39
45
51
54
58
54
61
64
62
61
64
35
70
67
45
27
72
52
46
68
49
46
48
45
35
51
62
53
50
68
35
50
42
57
59
62
48
59
49
55
43
35
59
54
37
64
49
33
38
64
52
38
35
57
51
56
54
55
43
48
62
51
40
52
40
52
60
40
60
39
61
33
48
50
55
49
68
51
55
37
25
43
56
56
53
54
48
37
57
68
42
44
30
52
46
52
50
34
52
44
51
61
58
56
37
37
54
45
53
49
40
56
41
58
52
62
41
33
62
42
46
60
50
36
39
44
55
41
50
32
41
70
33
54
34
49
57
53
53
51
58
43
31
75
53
33
53
53
65
76
35
42
40
58
55
59
53
44
39
39
45
30
61
39
39
52
42
49
43
55
44
55
56
60
52
68
34
53
52
52
49
57
47
45
59
49
46
48
46
68
35
61
39
53
50
56
51
70
58
43
42
