33
46
18
61
51
50
31
46
39
37
32
34
24
31
27
47
34
36
50
29
15
29
59
53
36
32
48
28
11
37
50
28
26
19
30
35
37
68
52
32
64
33
27
62
58
37
52
50
43
34
20
47
22
32
48
44
58
43
35
50
38
55
23
29
44
36
31
35
40
38
44
48
61
42
49
40
36
59
32
26
43
35
44
31
71
36
54
37
76
29
32
53
59
56
37
63
25
37
28
38
30
51
51
17
36
31
37
4
45
33
52
31
26
40
43
39
49
23
51
37
42
53
42
36
29
44
57
50
55
28
54
45
43
27
64
49
49
61
39
28
25
53
58
45
37
34
29
52
27
40
29
62
24
63
35
64
43
57
46
35
47
54
49
43
32
27
24
52
14
63
31
57
51
45
46
26
57
22
51
50
36
51
48
57
34
62
50
64
57
30
63
27
33
43
50
49
52
57
66
34
32
37
41
51
50
53
43
48
49
39
38
67
53
77
29
17
45
30
33
28
59
36
50
62
56
42
24
31
28
26
36
37
41
46
27
35
22
52
48
52
51
59
29
40
57
49
26
37
29
32
54
24
44
34
25
30
44
57
58
44
51
35
36
56
67
65
28
18
46
41
22
50
50
42
35
36
34
35
23
35
29
47
36
55
45
30
32
49
48
43
23
59
34
66
17
58
38
15
52
37
60
52
46
38
48
29
64
31
52
49
33
36
43
21
32
36
30
30
49
62
57
33
32
52
47
25
69
42
57
44
53
47
50
47
31
53
56
23
29
32
49
29
55
34
33
68
50
46
57
57
42
59
31
31
60
54
32
34
50
58
57
70
31
49
33
45
37
54
46
54
50
35
45
27
37
50
47
34
51
39
31
48
38
34
40
30
18
36
47
30
40
50
32
33
38
52
35
46
68
59
25
60
48
59
47
58
45
47
4
44
40
45
32
48
56
58
52
36
35
41
54
31
49
47
55
32
50
47
59
29
53
51
50
34
59
38
45
52
29
32
25
23
40
55
41
47
27
41
51
54
41
39
61
37
39
35
24
54
14
33
24
49
46
31
24
41
35
39
57
38
21
60
30
60
59
38
44
28
28
52
65
32
43
27
35
38
50
34
73
53
74
37
40
56
55
39
50
38
47
35
