47
63
41
45
29
46
18
51
49
50
32
35
56
48
50
47
34
57
31
52
54
55
33
58
41
41
44
56
57
18
43
46
59
49
53
54
56
57
69
37
33
51
23
39
59
31
53
34
29
56
30
40
48
53
27
37
36
37
34
41
44
45
29
36
23
36
26
36
55
68
33
37
45
39
40
33
52
31
45
51
61
41
37
42
40
31
31
56
54
33
61
52
61
46
32
19
50
38
44
50
50
34
39
43
17
49
47
26
75
49
56
23
36
28
31
26
62
54
18
31
50
46
54
58
42
50
52
57
44
32
52
44
31
48
33
43
38
67
53
44
42
27
31
39
33
47
49
53
52
44
52
63
57
10
52
55
21
44
40
27
54
47
54
23
22
57
24
36
23
30
34
56
48
38
36
52
37
40
44
38
53
38
32
52
30
61
65
23
48
42
33
52
48
30
49
38
31
27
55
36
47
46
51
43
34
36
60
40
32
39
65
29
60
44
48
41
18
27
48
47
45
55
45
28
63
40
44
49
35
43
38
34
50
55
45
51
36
46
34
26
34
40
42
49
53
45
47
51
57
48
51
27
50
30
39
52
48
43
41
36
60
48
53
51
33
51
31
44
49
47
53
53
49
27
54
39
41
36
36
56
36
52
57
64
45
54
62
34
27
41
31
48
25
22
47
30
33
31
37
64
48
34
56
57
49
50
43
48
40
31
38
40
67
44
50
57
42
29
47
50
32
37
39
55
23
38
40
30
31
48
28
24
59
52
55
56
43
34
32
43
42
48
65
34
60
57
54
46
50
20
48
59
50
59
55
42
60
44
33
35
54
33
48
57
48
54
27
13
53
54
35
60
54
28
40
41
46
55
31
29
53
27
32
48
64
45
48
53
54
50
52
38
43
49
32
29
54
45
41
50
51
44
39
28
47
31
28
31
49
49
50
45
30
44
37
44
39
52
65
44
32
53
33
58
27
50
31
26
44
43
26
39
57
48
31
22
35
48
41
48
44
35
49
63
56
50
28
50
33
35
52
42
38
57
33
68
27
47
40
56
39
52
52
51
56
43
31
54
53
47
43
31
54
48
66
34
50
31
48
50
55
55
44
42
46
50
39
41
43
50
51
42
37
24
29
32
27
28
46
34
