49
51
54
53
58
39
69
55
44
42
48
70
62
46
52
42
42
47
63
36
64
37
45
60
59
63
64
69
50
49
37
45
40
44
64
58
55
50
59
51
60
58
62
52
39
52
43
57
46
43
71
46
48
62
57
58
43
58
62
29
46
58
32
47
58
39
53
51
57
35
51
39
48
35
69
40
43
52
53
51
47
54
56
48
35
41
62
49
47
41
33
53
48
60
37
75
57
59
40
46
41
38
61
44
62
29
65
53
57
66
48
65
36
39
28
54
56
39
50
40
47
60
43
41
42
59
59
51
44
41
61
60
51
36
50
43
54
60
47
49
52
57
54
53
36
62
30
52
40
54
37
52
22
57
52
54
58
46
50
60
47
58
66
49
47
43
31
38
56
63
57
71
43
70
24
60
63
33
52
60
48
53
43
38
49
38
64
54
60
51
64
50
73
53
67
56
50
50
59
49
49
61
52
54
37
57
58
59
52
67
51
50
39
29
35
48
40
36
46
51
50
58
45
59
41
35
36
63
47
32
46
53
45
65
47
59
38
60
42
56
55
62
54
59
55
51
53
36
62
49
37
53
56
48
41
49
54
52
56
58
45
52
47
59
54
50
48
55
47
52
59
51
45
60
50
40
42
51
52
43
49
52
52
46
56
52
39
49
54
50
61
49
50
52
40
56
56
60
43
44
48
52
48
53
44
40
46
54
49
59
43
57
40
56
42
47
50
51
58
44
48
49
52
50
48
58
47
48
53
53
51
51
50
49
51
44
53
43
51
53
46
54
49
55
46
45
46
47
44
46
52
50
52
59
48
48
41
49
67
50
50
55
53
46
58
53
52
50
52
49
47
55
51
54
48
49
48
58
49
37
54
55
53
48
55
50
52
48
43
49
54
54
47
47
45
52
47
50
41
52
53
51
45
49
46
49
45
48
51
64
54
41
46
54
50
48
46
45
46
53
47
44
60
45
44
54
48
46
54
55
49
43
44
49
61
48
46
49
45
50
55
50
52
56
46
53
53
52
54
47
53
53
53
51
46
58
50
52
37
60
47
38
48
52
42
46
49
60
58
58
46
60
52
51
58
43
42
52
45
49
46
49
45
49
49
53
50
50
44
43
59
45
41
44
41
53
53
47
51
45
