46
34
53
52
47
47
72
30
56
20
58
52
19
58
43
50
37
33
31
32
49
35
31
46
36
48
53
47
34
34
8
48
57
46
49
52
23
50
37
48
27
38
33
44
46
54
16
48
27
31
49
51
51
67
54
49
30
59
55
52
56
49
53
47
16
46
32
46
51
38
39
36
63
60
56
39
42
73
64
49
46
32
51
33
55
19
25
37
46
50
22
52
41
59
45
31
35
52
44
28
47
50
60
38
30
14
41
46
59
52
28
46
28
52
36
49
30
31
36
44
30
62
25
45
48
35
52
30
48
50
45
28
45
56
50
36
36
46
37
33
54
52
51
30
16
59
31
48
59
49
69
33
27
31
54
52
30
38
38
40
47
51
26
37
37
46
37
11
40
40
48
56
38
33
45
50
55
32
52
20
67
35
34
33
42
34
56
49
45
33
56
30
55
24
42
28
47
49
30
57
56
52
48
34
52
40
32
57
29
36
30
37
40
58
56
33
44
45
54
43
23
48
28
67
27
48
50
56
37
34
52
60
30
46
35
75
40
55
49
21
53
34
38
46
50
29
30
54
53
55
36
52
51
50
55
51
34
48
27
39
64
57
23
34
44
44
60
32
57
40
44
28
38
48
30
58
60
32
35
28
69
47
44
32
54
49
32
42
45
33
48
48
27
53
35
29
35
44
53
55
51
38
46
39
58
41
36
32
25
44
33
48
50
40
27
46
70
35
31
38
43
37
24
39
26
46
47
50
36
53
27
52
28
45
32
47
53
30
59
57
61
53
44
18
36
45
4
50
20
32
44
25
33
33
53
55
47
50
54
57
52
55
39
43
53
38
36
47
49
33
55
56
55
60
39
25
53
47
44
27
35
31
59
38
33
34
48
49
22
38
59
29
28
4
38
54
56
65
35
45
51
42
58
33
37
41
52
57
43
36
45
39
31
31
46
35
52
47
41
37
21
51
42
36
53
38
42
49
45
50
19
50
37
42
42
58
53
28
22
51
45
58
14
66
34
50
30
30
42
57
42
34
23
52
57
47
53
48
48
40
36
48
49
62
40
56
36
48
28
39
37
50
30
46
20
47
63
49
19
50
34
66
27
42
26
28
43
53
33
39
33
37
35
28
52
29
59
63
37
51
