50
51
37
33
57
45
55
34
44
31
44
53
38
42
52
34
50
29
45
44
44
29
43
46
42
45
57
25
21
45
38
42
28
59
46
31
28
32
69
54
23
31
50
38
57
59
37
32
37
55
39
27
28
43
53
34
13
33
50
36
57
54
57
38
43
23
55
58
40
47
39
27
36
34
31
49
43
60
33
40
36
57
36
47
39
58
50
48
62
39
35
40
58
44
54
39
52
36
58
67
50
54
18
57
38
27
53
55
32
57
30
34
20
36
46
56
36
48
41
31
51
42
50
28
59
39
52
30
34
35
62
49
58
35
46
46
51
54
55
37
19
34
50
45
51
44
48
37
53
47
34
48
23
55
53
52
57
43
33
49
63
44
27
57
41
28
59
46
47
38
59
45
45
53
31
51
51
38
64
43
26
48
33
47
28
23
31
14
53
32
57
63
49
50
54
18
45
29
38
34
47
32
49
42
30
40
30
55
59
50
50
34
44
50
54
41
50
53
41
53
32
52
53
49
29
32
65
48
44
43
22
33
58
66
52
25
46
32
43
41
41
37
60
37
43
40
31
41
65
24
52
42
36
52
54
27
41
55
36
28
40
59
43
47
49
61
42
37
49
32
38
32
47
34
42
51
58
62
54
53
41
34
52
21
39
33
38
36
49
50
41
45
38
44
50
30
46
24
40
31
50
49
33
22
40
54
43
54
47
53
41
41
49
48
23
36
40
48
13
56
34
35
57
52
36
34
31
62
28
60
33
40
59
57
67
64
35
46
48
26
56
43
52
53
53
33
50
54
44
22
42
36
30
56
28
51
36
42
42
50
24
27
52
29
22
44
50
55
36
40
34
54
67
30
21
39
48
51
32
49
44
55
43
46
51
45
27
61
38
30
59
54
28
53
27
34
46
41
59
38
48
54
40
29
45
69
26
28
60
27
31
46
33
55
57
51
35
22
56
57
34
36
41
47
48
34
28
17
57
46
53
44
47
37
54
38
45
49
23
27
38
36
59
39
41
27
53
58
36
28
32
30
34
47
37
26
77
64
64
44
36
14
47
37
53
47
41
28
35
35
43
35
24
42
63
49
53
47
43
36
43
44
70
38
30
48
57
34
29
52
40
40
48
59
34
33
53
63
52
45
