36
38
28
28
28
53
60
45
53
30
44
63
56
24
60
54
46
43
61
57
69
34
32
53
30
58
40
35
43
44
52
16
42
39
42
24
36
34
35
38
57
25
40
42
25
37
50
46
37
43
29
38
55
49
59
53
50
34
51
48
53
47
28
49
54
48
25
38
35
50
49
37
51
47
43
50
32
55
30
36
33
28
49
48
46
33
48
41
31
43
29
69
67
22
60
48
27
45
57
54
55
39
54
22
8
54
56
60
22
42
22
59
35
53
47
49
22
28
69
54
53
58
49
40
44
56
78
44
52
51
51
49
54
42
53
38
47
20
31
40
34
53
40
32
46
11
33
49
34
26
66
46
52
41
50
27
37
32
30
39
42
53
34
31
39
59
37
52
47
27
53
44
54
49
30
34
62
51
52
43
29
38
30
37
39
49
39
41
45
50
48
36
64
68
36
57
54
34
53
20
28
26
53
49
59
44
61
54
23
44
41
31
32
53
32
54
56
34
33
38
37
36
47
32
36
57
27
36
52
52
53
25
55
49
39
38
45
24
39
42
43
36
38
55
25
60
51
49
54
67
52
53
55
31
48
28
25
24
16
54
27
39
59
50
52
34
52
15
36
28
46
31
37
35
54
25
54
30
61
32
47
53
39
39
42
48
47
45
60
33
34
26
26
36
50
39
48
38
30
48
34
32
36
33
43
37
35
68
44
53
52
29
21
38
36
51
41
28
47
34
57
39
22
54
56
34
38
50
48
56
32
35
52
36
34
38
21
32
53
66
43
58
52
37
28
34
34
33
32
53
49
56
28
53
37
19
27
16
52
61
29
20
26
31
50
44
37
48
64
41
27
53
33
56
57
31
46
60
54
54
49
30
58
36
9
46
24
30
22
37
48
51
59
36
35
54
53
37
42
54
45
55
28
49
29
50
33
29
51
43
63
55
33
50
37
64
58
20
52
42
53
54
43
64
29
43
54
29
47
15
45
55
47
33
57
49
38
29
16
50
46
42
29
16
26
41
32
27
49
53
50
29
33
34
27
51
53
26
49
50
29
55
46
42
38
59
31
12
45
54
56
43
43
44
52
50
51
36
25
33
39
29
42
31
37
30
36
40
47
40
60
48
52
34
52
50
52
26
30
40
