32
60
42
50
19
48
60
22
36
51
28
47
51
64
62
36
56
48
45
49
60
42
52
45
30
32
39
67
54
36
34
55
57
34
52
39
49
52
55
25
42
49
37
33
49
33
42
42
34
40
58
28
57
47
35
43
29
28
33
56
28
30
62
11
49
62
49
55
57
70
30
29
50
52
40
44
50
52
58
50
35
32
37
33
28
41
57
30
26
26
40
28
46
31
42
34
57
46
59
40
24
59
25
58
49
47
51
43
36
47
39
28
52
35
50
48
59
40
35
54
31
58
69
56
52
31
36
27
28
52
37
41
38
47
14
59
47
33
37
44
47
46
43
54
33
29
31
53
51
55
57
45
63
42
44
48
48
37
31
28
38
24
49
52
47
43
27
53
50
36
35
55
28
47
63
6
49
23
56
31
55
49
51
71
48
55
44
59
46
41
59
28
22
49
47
55
37
50
42
48
28
58
18
40
18
54
33
46
51
30
42
55
22
33
45
30
51
38
51
44
41
31
61
53
43
24
39
23
44
43
57
36
38
55
47
49
34
52
51
52
42
45
45
18
47
25
30
50
58
26
27
60
50
48
50
44
59
23
52
54
36
51
48
55
29
45
34
41
49
34
33
28
27
47
9
51
16
52
49
46
33
20
65
35
62
65
20
34
45
52
33
49
52
48
25
48
32
34
53
52
31
40
27
44
45
26
52
50
78
47
50
52
51
41
20
40
31
53
23
52
36
52
31
59
52
56
52
46
49
48
30
51
43
46
54
29
28
30
28
49
47
27
80
55
46
31
31
38
30
59
36
49
52
36
36
30
52
4
52
39
47
52
51
47
29
41
10
42
55
43
49
58
37
60
43
36
42
48
46
35
37
51
43
53
58
26
47
33
50
49
37
45
55
21
50
39
35
52
56
32
27
33
38
33
42
30
22
52
38
51
39
29
33
35
20
56
37
48
48
22
39
56
33
35
28
27
55
42
49
30
49
39
37
45
52
32
38
37
28
40
30
36
50
33
34
54
41
38
47
31
32
62
65
43
41
60
25
21
39
32
49
38
34
42
54
65
37
36
40
33
50
33
34
51
54
49
57
45
40
35
50
42
51
34
36
41
25
58
36
41
33
65
28
40
59
54
37
35
35
55
