33
60
52
38
41
43
54
54
57
38
50
44
31
42
52
32
37
48
52
56
46
40
29
52
42
35
49
55
33
54
38
48
41
52
47
34
33
41
38
60
35
29
24
21
47
54
41
37
55
46
53
34
39
42
44
53
54
38
42
37
38
31
36
51
54
41
57
56
13
68
23
25
36
19
22
29
48
59
45
46
42
24
43
45
47
50
38
29
28
50
28
27
40
49
34
20
35
38
47
38
32
38
45
14
50
23
51
30
59
43
47
53
49
27
38
30
37
24
48
29
29
40
42
57
52
60
49
48
34
44
38
22
32
42
35
30
52
33
59
22
50
62
46
41
42
45
31
35
51
40
45
51
51
31
36
32
50
24
32
40
41
48
50
39
22
58
27
13
28
43
36
53
27
50
49
42
12
43
28
34
59
43
58
7
27
42
51
33
36
52
33
38
30
29
52
35
48
39
46
35
53
60
32
34
57
49
54
34
41
33
28
54
61
46
35
26
28
51
35
38
45
35
53
28
50
56
58
50
33
33
56
47
56
47
35
49
28
40
41
44
23
36
58
51
48
32
47
30
56
50
49
42
20
58
46
31
52
48
46
51
32
15
58
62
34
46
25
41
46
63
49
50
30
65
28
59
57
52
48
41
37
37
33
55
27
47
25
35
59
49
57
62
34
50
50
22
56
63
56
58
54
53
43
57
29
47
62
53
47
46
26
37
33
53
46
26
30
56
33
47
25
40
59
23
48
36
24
37
27
23
46
33
45
65
30
59
51
27
39
43
31
34
17
54
42
53
50
28
44
32
43
41
26
46
22
48
52
44
41
34
62
25
34
39
63
51
53
51
47
30
51
25
34
53
44
36
46
60
32
56
48
47
40
46
43
53
48
39
37
38
41
44
24
23
14
13
70
40
53
49
39
43
46
39
40
39
44
28
29
49
35
40
42
60
47
43
49
4
47
51
61
47
42
54
23
52
57
39
20
48
50
41
48
50
43
48
41
42
33
21
27
47
34
48
55
19
67
14
53
48
49
53
50
26
47
54
25
48
35
24
55
54
27
52
55
46
40
52
54
25
64
66
55
51
58
32
18
33
54
34
55
24
49
32
47
60
46
38
53
26
38
20
53
27
45
39
56
51
32
48
