42
33
24
58
56
51
43
31
52
37
44
31
45
48
42
39
41
47
48
49
37
37
41
33
48
51
48
49
39
47
38
42
27
57
51
53
29
68
47
58
53
36
54
47
39
62
52
62
21
52
53
53
27
19
56
43
55
47
32
41
15
41
48
33
52
59
52
43
39
28
36
29
74
53
54
37
49
44
26
41
53
52
37
37
50
48
34
52
30
47
62
51
46
49
43
52
61
48
30
32
34
41
24
44
37
51
61
57
45
36
33
46
35
47
36
59
46
38
54
30
41
54
34
27
41
52
39
57
53
39
34
44
34
31
36
63
54
62
57
17
46
35
35
29
62
21
46
46
48
52
49
55
51
30
32
62
42
37
33
32
69
53
46
34
56
34
63
62
48
26
30
41
32
50
52
23
34
60
37
52
39
49
35
55
52
42
35
41
26
44
33
61
52
47
42
66
33
38
26
60
51
32
31
57
34
41
45
37
53
43
47
45
58
32
36
38
42
52
51
47
55
29
37
37
53
32
60
56
40
47
37
56
42
49
24
44
53
32
29
30
43
33
44
53
52
39
52
48
50
50
53
30
49
39
37
63
55
41
31
49
55
68
55
29
44
50
50
42
16
32
34
38
46
54
43
38
35
52
36
52
42
41
50
56
34
44
51
43
46
48
49
35
29
48
37
53
50
56
48
57
43
63
60
45
59
46
47
55
56
41
35
39
47
47
50
57
44
63
59
38
38
52
39
30
35
53
41
44
31
70
56
24
50
40
50
30
52
54
53
24
31
31
39
30
46
49
38
40
29
50
53
25
36
63
54
31
61
35
40
27
26
50
63
31
53
51
49
29
60
34
46
42
48
36
46
22
54
60
50
41
34
70
24
54
30
29
19
46
38
33
47
27
49
24
54
44
58
37
52
47
57
32
60
17
50
46
52
61
32
28
23
36
30
36
50
32
36
54
51
61
35
37
37
37
33
41
56
50
34
62
19
28
30
41
60
44
43
48
55
53
45
51
50
48
30
43
40
56
59
39
26
44
52
41
46
51
21
54
43
39
51
37
44
19
31
54
23
67
49
37
37
50
38
52
29
29
37
37
61
47
42
65
24
24
40
37
42
37
27
21
45
24
48
32
52
42
38
66
47
48
