48
23
47
31
54
52
30
29
49
36
30
49
18
47
30
33
49
35
18
47
60
52
49
64
35
26
36
49
57
37
52
44
31
57
30
47
30
46
59
24
51
46
25
28
53
33
27
36
45
32
60
37
43
38
25
47
46
34
40
37
21
65
60
31
45
53
49
57
46
50
48
53
34
48
55
45
52
47
38
47
47
49
42
53
43
43
53
52
29
33
39
53
57
32
33
33
43
24
31
55
54
49
34
51
57
48
54
42
39
41
60
34
22
41
63
46
46
32
52
53
34
35
55
26
49
46
35
47
52
52
35
44
29
58
59
56
46
51
23
51
33
46
45
31
29
33
51
56
25
26
31
44
44
48
46
58
42
47
44
47
57
42
48
16
31
54
36
55
53
33
64
27
37
55
28
47
51
57
25
28
60
37
46
30
49
57
22
50
44
52
55
41
29
29
40
53
43
33
35
27
47
35
35
37
48
27
48
51
50
55
33
24
56
41
52
40
27
52
50
58
42
44
56
30
52
54
40
25
49
48
48
35
25
36
56
40
64
55
45
55
54
45
33
50
38
66
52
39
23
38
41
43
60
33
45
36
30
50
35
50
53
40
55
27
37
62
51
34
55
35
51
48
54
46
40
43
31
49
28
53
51
44
41
59
35
58
60
43
28
19
52
59
50
46
70
30
28
47
41
37
51
57
16
52
59
32
37
49
51
41
34
62
25
55
31
49
44
43
39
41
61
41
47
51
32
71
33
32
36
46
50
44
37
37
49
46
55
32
43
44
43
24
22
45
28
35
38
52
46
56
48
63
30
53
59
48
46
41
41
12
66
54
37
25
55
41
40
39
51
47
51
68
23
18
29
58
35
44
57
39
57
49
37
41
16
51
53
36
45
51
42
39
34
57
26
28
35
24
50
30
61
23
36
62
39
28
52
42
41
29
51
15
55
49
58
25
47
26
35
49
33
29
31
53
58
36
58
61
43
34
30
31
24
44
63
53
40
49
63
29
43
53
36
56
51
32
53
45
40
46
24
54
48
24
52
49
32
40
40
60
56
52
50
49
46
56
31
43
51
47
58
62
36
49
8
41
49
43
41
32
34
34
43
42
47
49
45
24
33
48
51
34
49
27
35
48
33
53
39
50
