46
28
48
32
28
24
36
33
48
57
22
42
22
28
53
41
64
20
36
49
40
44
22
33
50
56
58
54
34
48
22
62
32
45
50
70
56
32
55
51
46
35
57
41
46
34
49
43
26
52
48
54
42
53
46
51
63
30
36
35
52
36
48
30
46
57
29
29
50
41
48
52
53
62
59
49
50
35
24
38
51
32
47
36
50
33
40
34
35
58
59
54
44
39
53
40
30
24
51
48
47
55
60
34
48
31
64
53
48
42
37
29
53
38
53
55
41
36
27
35
44
52
33
53
50
45
33
60
51
61
32
38
37
46
44
26
24
32
63
53
31
57
62
40
43
36
51
58
47
32
34
55
55
53
51
48
27
52
58
52
35
48
41
40
40
52
27
52
48
41
55
58
30
32
17
44
34
44
44
39
50
29
53
51
33
23
43
50
55
63
40
28
59
43
31
50
39
54
64
51
32
40
48
59
35
32
42
38
51
48
33
44
49
45
56
47
40
32
45
45
24
46
52
53
26
38
54
29
31
50
39
44
41
54
37
67
33
33
46
26
22
42
44
54
54
56
64
56
30
37
34
47
51
43
38
34
41
55
37
33
46
22
54
47
52
47
62
56
58
46
40
41
21
48
77
37
22
32
53
46
24
35
53
28
51
51
50
30
57
40
33
40
41
55
36
51
50
21
37
33
56
36
33
26
66
38
49
51
55
15
46
34
52
33
28
33
45
47
47
27
47
46
47
44
37
56
57
61
49
47
36
32
34
46
17
45
21
32
75
45
38
44
25
35
42
60
45
54
49
55
39
30
46
51
31
27
25
41
39
37
54
35
48
55
46
50
44
21
35
52
44
57
28
51
49
51
57
50
25
51
50
52
50
52
55
60
52
30
48
47
37
58
31
52
34
21
57
49
53
37
50
36
49
45
29
57
30
69
35
49
56
32
39
32
45
35
57
33
51
32
57
37
50
59
34
57
47
48
52
29
45
30
79
31
42
25
30
48
52
44
68
52
17
31
46
26
42
47
29
32
29
48
58
35
44
59
34
28
34
25
39
52
52
34
25
33
24
49
47
47
24
46
37
51
33
51
27
38
37
43
48
58
52
27
45
49
53
24
53
32
48
50
22
23
31
45
54
50
45
34
