43
26
34
22
35
19
31
31
38
63
37
45
35
53
44
55
53
44
39
23
33
28
37
27
29
35
60
43
38
53
36
44
42
33
30
47
40
22
29
55
27
26
53
47
42
45
57
22
31
53
57
45
54
49
32
32
36
31
24
26
43
25
50
48
39
49
43
56
46
32
47
35
45
47
42
49
60
28
47
32
24
46
49
50
37
57
44
34
33
51
48
49
29
66
46
29
60
44
30
31
41
44
48
54
43
46
16
30
44
18
48
31
46
47
33
48
55
47
41
32
46
66
24
44
19
23
35
64
35
49
46
34
27
44
50
26
53
42
35
34
44
52
30
46
36
25
29
35
51
43
38
33
32
47
33
62
28
38
36
52
53
43
41
31
40
22
50
32
43
54
40
38
52
39
73
62
41
29
29
51
37
18
47
49
45
46
41
42
40
30
47
32
23
30
42
33
36
30
32
56
52
39
53
29
54
41
34
30
67
32
52
52
50
39
37
30
45
36
41
47
52
53
34
59
56
25
32
40
50
32
40
51
32
56
27
65
53
45
52
36
55
52
30
46
32
45
50
66
56
32
38
28
34
12
45
52
55
36
53
35
51
58
31
47
57
41
34
29
47
26
48
47
58
45
60
34
31
43
43
39
39
25
49
46
56
48
58
34
45
51
57
38
36
57
56
65
43
36
19
27
37
40
24
59
57
53
50
55
54
40
57
28
58
53
25
32
20
40
37
40
35
18
39
46
53
30
34
23
30
18
22
48
30
54
39
49
48
35
43
30
33
46
47
50
42
37
46
34
25
48
37
46
57
54
46
71
34
35
30
59
27
34
42
53
40
55
55
28
25
49
30
17
59
27
50
24
51
57
39
38
24
45
53
51
41
28
21
30
37
28
42
52
39
53
31
46
48
55
62
26
43
55
22
56
28
41
46
49
51
45
43
42
32
31
48
47
51
35
25
27
55
33
10
48
48
36
61
71
51
45
57
43
52
28
52
18
62
37
50
28
26
20
71
66
45
43
53
49
53
46
28
35
30
55
32
34
34
50
42
54
55
51
43
47
72
31
32
41
38
31
48
37
27
48
48
50
39
54
42
39
39
51
36
22
37
62
42
46
34
28
45
37
45
67
48
30
36
40
13
32
