36
41
5
47
33
35
53
49
24
24
52
53
51
48
27
72
35
61
58
38
66
31
37
39
28
53
48
56
56
34
57
27
21
52
34
51
46
24
80
50
38
25
53
31
34
42
71
63
39
47
50
52
36
45
51
56
33
37
45
20
25
25
29
38
41
30
56
42
38
47
62
52
36
39
43
50
54
51
57
35
29
32
33
35
41
52
68
29
53
22
49
49
36
38
34
53
52
63
46
39
43
47
51
55
51
25
53
46
35
59
52
49
38
54
55
34
39
38
47
41
48
51
53
44
63
52
44
36
51
33
35
43
47
48
46
40
21
36
43
26
45
29
22
52
41
48
52
51
51
30
42
48
32
42
39
28
59
41
50
35
63
52
56
48
46
39
30
51
28
53
45
48
51
44
40
54
34
47
36
64
35
27
28
44
32
22
57
30
27
50
47
61
51
34
43
53
37
49
49
33
34
37
37
27
45
59
26
48
59
51
45
36
35
45
31
33
55
42
50
44
29
60
35
50
48
33
35
52
60
49
47
37
64
13
29
53
51
34
52
52
32
48
48
44
49
53
38
67
30
34
39
37
43
23
47
32
35
32
45
66
28
54
38
49
50
52
23
66
65
50
52
39
45
29
25
51
42
72
48
38
55
46
52
38
54
30
51
55
41
18
46
53
34
39
27
47
45
42
40
43
46
31
35
48
51
56
48
27
44
65
60
47
50
50
63
46
33
34
54
54
48
39
55
41
31
22
34
32
56
32
22
31
47
45
68
63
62
52
28
38
50
54
38
27
44
37
54
42
49
58
55
21
63
47
44
28
48
49
50
56
57
46
47
34
51
34
56
31
56
45
45
29
57
47
32
58
44
62
29
31
55
30
62
38
41
55
61
60
41
44
30
54
43
27
43
42
37
30
50
48
70
54
45
60
31
63
26
46
44
44
57
17
14
45
37
34
56
50
63
46
31
34
36
34
67
27
51
45
47
51
30
43
45
43
38
53
46
51
65
54
37
57
50
25
29
34
32
47
43
40
46
35
19
52
40
33
64
48
40
51
50
47
34
27
54
54
23
37
48
36
38
29
36
23
68
56
35
47
23
30
44
47
53
34
35
33
34
26
50
57
29
37
45
54
49
52
33
67
54
48
