48
29
46
17
28
28
40
20
26
41
25
44
38
21
41
33
30
32
31
29
33
26
32
40
19
19
45
36
38
29
43
32
45
18
27
41
17
27
34
30
20
33
44
32
30
34
32
38
11
28
49
30
51
23
33
44
24
41
24
14
34
25
45
14
29
37
15
40
35
35
39
29
42
17
27
40
35
34
33
56
14
51
30
34
39
46
23
42
7
32
39
48
31
39
49
47
31
32
27
32
35
26
17
28
20
28
17
25
36
44
33
41
31
25
50
37
21
22
32
26
49
22
42
33
16
38
43
23
27
51
36
23
27
36
24
32
49
21
41
17
43
22
15
28
22
29
22
35
47
26
41
27
24
45
38
30
21
32
47
36
26
9
36
42
18
33
44
29
29
41
41
22
34
41
24
48
15
18
35
41
21
39
20
40
41
28
38
23
26
38
44
51
36
47
31
37
33
55
45
51
26
21
22
36
20
18
24
32
47
32
24
33
31
51
18
45
49
35
38
35
36
28
20
35
39
31
40
19
37
38
32
35
37
53
39
45
34
24
5
31
22
28
40
46
19
43
50
40
28
38
29
32
35
32
37
41
40
35
38
28
32
19
43
27
37
36
33
33
36
31
29
42
31
26
32
36
31
31
41
30
36
31
35
29
36
35
31
44
34
27
39
31
34
30
34
21
31
26
40
41
38
34
35
32
29
22
33
30
31
30
26
23
33
44
35
41
29
29
38
35
32
37
28
30
25
38
25
30
27
31
40
36
40
32
34
32
37
30
27
39
27
28
42
36
27
26
31
29
36
32
33
30
19
36
38
34
31
33
34
31
33
33
33
28
28
37
37
43
42
35
33
36
26
34
25
27
36
39
34
21
30
30
29
33
41
33
37
36
33
30
29
30
40
28
29
33
33
30
39
36
37
30
30
33
29
34
36
18
28
36
33
23
32
39
34
27
28
41
38
38
31
27
29
36
41
33
32
25
39
29
36
30
40
27
25
37
30
39
31
29
33
33
40
36
31
37
41
35
32
38
30
40
34
27
25
33
32
49
34
43
31
39
34
38
35
39
35
28
33
38
34
32
34
34
38
32
33
41
32
38
29
34
36
31
27
33
29
29
31
32
41
28
27
34
31
28
29
37
23
27
