40
51
51
44
57
40
39
50
15
45
59
39
52
27
39
51
32
44
34
54
43
36
21
25
27
57
23
30
64
39
31
54
46
55
33
32
45
29
34
36
33
32
36
37
29
38
51
35
29
50
34
41
52
64
23
28
29
9
52
34
37
52
42
44
56
56
48
37
17
55
54
39
44
43
29
44
4
25
42
48
54
52
42
25
51
55
44
51
59
56
49
33
37
25
32
52
46
50
6
59
35
52
52
42
38
37
35
30
57
35
55
49
51
24
49
35
52
45
51
24
21
36
52
55
28
24
28
44
22
33
56
34
55
21
28
51
54
31
45
31
28
51
57
35
29
56
15
42
64
27
44
36
43
38
43
50
44
51
39
48
50
29
43
40
41
46
49
32
38
59
49
49
52
55
31
39
49
59
52
66
51
52
66
38
40
27
29
36
47
64
49
39
27
33
23
43
36
57
54
47
35
39
20
50
34
39
47
37
43
8
63
58
51
25
59
61
26
45
23
56
32
30
37
43
19
54
38
43
42
32
61
55
13
42
47
47
44
52
37
36
53
46
24
43
62
38
52
56
64
24
56
38
54
37
47
34
48
17
43
50
49
44
59
46
30
55
47
51
14
59
21
47
41
41
30
37
40
36
27
53
16
51
45
39
50
38
29
51
50
39
29
54
27
56
29
34
54
37
13
33
28
31
57
42
51
33
58
42
42
36
47
55
48
34
46
52
53
48
30
50
29
35
55
53
36
38
30
40
34
54
42
46
39
40
31
15
51
39
28
36
50
45
15
47
52
54
48
16
24
33
53
59
50
30
54
38
30
44
48
56
39
56
48
26
57
21
54
32
36
33
53
30
50
60
54
30
26
49
51
19
45
56
21
38
30
47
30
74
47
53
51
32
59
37
30
35
55
32
29
30
48
29
41
50
52
44
55
59
50
57
49
36
49
59
32
45
28
53
23
28
53
47
34
37
48
46
41
21
53
32
20
33
49
45
20
64
46
33
47
43
48
53
45
29
53
50
36
43
41
33
34
56
32
47
50
47
39
59
49
43
52
56
46
26
46
38
43
50
26
33
28
55
35
23
37
39
57
25
33
23
22
36
57
36
55
51
57
43
29
47
52
38
43
50
36
50
30
35
44
31
