43
27
46
43
51
59
51
31
25
45
46
43
52
49
48
45
46
16
37
32
56
57
53
31
50
38
37
63
50
53
17
29
32
34
32
48
38
40
41
45
29
53
47
59
56
37
40
40
42
29
35
24
49
33
44
34
53
54
34
37
50
53
53
62
36
50
46
25
22
46
51
41
41
29
17
39
32
54
37
33
25
50
31
38
57
56
31
53
49
24
35
23
50
32
50
21
34
50
28
58
34
76
30
38
29
47
31
42
37
53
23
56
33
50
48
58
40
27
51
43
54
49
27
36
31
40
50
48
41
44
38
51
47
38
39
29
39
29
54
64
31
50
57
47
52
57
40
55
53
38
30
41
30
29
45
39
27
71
29
42
39
36
32
33
39
50
52
32
51
34
52
51
59
31
51
49
62
36
52
36
44
47
30
36
50
44
28
39
42
27
33
49
52
31
47
29
39
64
44
44
62
56
57
35
59
45
48
34
48
53
39
44
28
24
49
46
70
31
53
26
48
37
39
48
55
18
53
24
49
33
37
49
61
39
39
28
54
40
37
27
36
53
32
53
60
62
57
65
27
49
35
44
37
38
52
39
37
38
30
56
31
44
50
44
49
49
43
49
38
41
21
47
39
34
33
45
48
38
51
54
36
55
37
49
31
65
48
40
55
34
39
47
47
51
45
36
40
31
35
58
58
44
41
14
48
58
58
61
24
48
58
24
37
32
46
43
37
37
34
44
36
31
28
78
28
47
48
48
50
39
53
39
39
57
10
25
55
48
57
38
42
26
30
62
50
17
51
34
31
61
53
25
55
37
68
52
36
45
36
48
38
24
18
52
32
60
54
36
49
36
30
46
54
32
53
53
40
52
34
59
29
47
60
72
51
31
32
53
50
42
31
25
36
56
51
36
25
72
19
51
32
44
22
22
29
44
52
51
24
50
24
40
46
28
34
37
52
66
35
55
56
34
42
55
33
36
41
58
46
30
59
34
36
39
46
49
57
58
58
15
63
49
24
21
38
21
52
54
32
37
39
35
64
23
62
50
42
51
45
33
52
25
39
57
45
30
41
54
22
29
51
28
59
53
64
51
47
47
47
34
43
48
17
37
44
34
29
33
48
35
53
50
24
37
49
49
25
29
32
36
