48
29
47
32
32
52
36
33
49
35
37
49
22
47
37
37
49
22
36
47
60
52
49
30
64
27
37
35
49
23
57
31
54
52
30
57
29
47
46
36
59
51
30
46
18
30
33
35
28
18
45
26
36
37
44
60
47
31
30
30
24
46
65
25
60
45
53
49
57
46
50
48
53
53
48
55
45
33
27
52
36
47
32
47
49
37
53
43
53
43
38
52
29
25
34
40
37
21
31
53
57
55
34
54
49
51
57
47
38
48
42
43
33
54
41
60
41
39
63
46
32
46
52
33
53
35
33
55
49
43
24
31
34
46
47
52
58
59
42
56
39
46
51
34
22
32
51
46
34
26
35
45
51
56
44
44
48
46
58
42
47
44
47
52
35
57
44
42
48
29
54
23
33
55
31
53
64
55
29
33
47
25
51
26
57
60
31
46
49
57
50
44
16
31
36
52
55
33
27
37
41
28
25
28
53
37
43
47
48
48
51
30
50
55
33
22
29
56
29
41
52
52
58
40
42
33
44
35
56
52
54
40
27
35
49
35
48
48
35
56
64
37
55
27
45
55
54
33
24
40
38
66
52
27
50
39
30
41
25
43
60
25
45
36
40
36
50
45
50
50
53
55
62
23
51
55
38
51
33
48
30
35
40
54
27
46
40
37
34
35
43
49
53
59
58
31
28
60
52
51
59
50
46
70
47
41
44
51
57
41
35
16
43
52
28
59
19
32
49
30
28
51
62
55
37
49
37
41
34
43
39
61
25
31
41
47
51
44
71
41
46
32
33
50
32
36
44
49
46
55
43
44
37
43
45
38
52
37
32
24
46
56
22
28
48
35
30
63
53
59
48
46
41
41
12
66
54
37
55
39
51
47
25
51
41
68
58
40
35
57
39
23
18
57
29
44
37
16
49
36
41
39
34
51
26
28
53
35
24
30
45
23
51
42
57
36
50
39
42
61
41
29
15
62
28
25
52
26
51
35
33
29
31
36
55
34
30
49
58
31
47
49
24
44
53
40
58
58
29
36
32
61
43
40
63
53
46
24
49
63
43
53
56
51
53
45
24
54
48
52
49
40
32
40
31
36
60
8
41
43
41
32
56
34
52
50
49
34
42
46
56
24
33
34
27
43
35
51
33
39
