33
60
52
38
41
43
54
54
57
50
44
52
34
33
48
38
29
52
56
46
52
24
21
49
41
37
55
54
39
38
48
41
52
47
41
42
44
60
37
35
47
31
36
41
54
55
13
23
46
53
34
53
25
36
19
54
38
42
38
22
51
29
42
54
57
24
56
68
47
48
38
29
28
28
34
20
59
45
46
43
35
38
45
50
38
50
27
14
50
40
23
49
47
38
30
43
27
38
32
45
51
30
59
37
24
29
47
29
53
40
49
48
57
42
52
34
44
38
60
22
32
35
33
49
48
42
30
52
59
22
41
31
35
50
40
62
46
36
42
32
45
51
45
24
51
51
32
41
31
22
50
40
48
50
27
13
39
28
27
58
12
43
36
53
28
50
34
7
27
49
42
43
33
59
43
58
36
42
33
38
51
52
52
30
29
48
39
35
46
35
32
34
33
28
53
35
60
34
26
57
49
54
28
41
54
61
46
35
51
38
35
45
53
50
28
33
35
56
28
58
50
41
33
56
47
56
47
49
44
40
36
58
51
48
23
47
32
56
30
42
20
50
49
58
52
48
46
46
51
58
62
31
32
46
15
34
41
46
63
49
25
30
50
65
28
59
41
57
52
48
37
55
37
47
33
35
59
49
57
27
62
25
34
50
50
56
22
63
56
58
54
53
29
43
26
37
57
47
62
53
47
46
53
46
33
56
47
59
48
46
26
30
33
45
65
25
40
59
23
51
36
24
54
37
42
27
23
33
30
27
53
39
50
44
43
43
41
31
34
17
28
32
46
48
52
44
41
26
62
22
63
51
34
53
25
51
47
51
44
34
46
39
30
25
60
32
56
48
47
34
40
53
36
39
46
37
43
53
48
38
70
40
53
49
39
46
40
41
44
44
24
23
14
13
43
39
49
40
42
60
47
39
43
28
49
47
51
29
35
61
4
47
42
54
52
57
48
23
50
48
50
43
42
47
39
48
55
20
41
67
53
48
48
49
53
41
33
50
21
27
34
47
19
54
48
14
55
26
54
52
55
52
54
25
64
66
35
55
24
27
51
58
46
54
34
55
40
49
47
25
60
46
38
53
38
32
18
33
53
45
39
24
56
32
51
32
48
43
49
26
52
20
57
27
47
46
54
58
41
56
