33
42
28
49
25
50
29
47
46
54
31
33
27
53
26
52
52
56
23
29
21
46
50
70
28
33
30
31
20
52
45
52
33
28
27
23
75
47
50
43
28
43
40
25
40
33
31
52
39
34
57
46
51
32
54
22
62
47
55
45
51
54
51
49
41
53
37
51
50
29
26
29
47
55
34
32
41
56
51
50
41
47
60
59
33
62
31
33
39
38
33
45
81
26
52
52
35
6
31
29
45
54
38
30
36
47
45
35
34
41
65
44
28
39
54
36
69
25
47
32
38
39
48
51
28
65
42
29
54
28
53
38
57
54
63
12
33
31
5
39
60
56
27
46
28
37
14
45
32
37
32
37
34
33
36
32
34
32
64
62
61
29
54
28
51
12
50
30
47
39
52
52
53
50
60
46
26
26
55
26
54
45
39
57
38
35
53
46
33
62
44
52
52
45
46
55
52
44
47
21
36
59
50
51
35
53
48
27
39
39
52
52
51
78
38
33
35
48
46
49
43
13
53
35
52
57
33
56
29
34
29
42
33
54
16
43
56
54
58
34
43
51
30
49
55
38
41
58
24
34
31
44
50
49
39
30
48
52
48
51
46
14
30
47
43
27
49
42
46
38
30
33
39
56
48
51
50
28
57
40
54
34
74
39
52
33
50
47
43
28
26
60
32
29
27
38
34
59
49
43
46
28
40
46
41
48
50
59
47
60
23
33
29
41
53
33
58
36
60
66
17
40
64
25
48
22
50
55
46
30
52
38
28
55
45
51
44
63
31
28
59
59
54
49
24
17
54
35
24
38
46
50
25
51
54
55
43
37
55
26
49
66
34
44
54
32
50
24
48
46
55
51
52
52
46
51
51
55
50
44
46
46
20
40
59
17
45
34
33
49
38
42
47
39
32
59
28
29
52
45
42
46
44
35
29
41
56
44
33
20
51
39
29
35
41
50
46
47
34
44
49
29
37
46
38
33
42
31
38
45
43
21
43
39
44
42
49
62
33
36
29
30
26
40
24
46
31
38
55
54
37
54
42
71
49
44
18
52
37
33
29
35
45
55
36
56
47
53
52
53
56
36
49
37
47
58
20
38
58
51
29
40
47
27
54
29
64
57
48
48
36
39
48
32
55
54
37
39
49
56
