49
62
55
32
33
51
31
34
59
44
30
43
60
40
56
56
59
35
33
16
54
21
50
35
28
52
52
44
26
62
26
40
27
49
50
32
27
43
45
32
54
50
52
27
42
39
30
26
40
29
47
49
31
36
38
56
49
46
41
44
47
53
29
36
28
27
62
40
57
47
23
38
26
42
66
58
26
45
34
57
34
54
38
31
46
55
36
42
41
45
43
40
70
50
40
50
59
52
35
38
31
53
55
31
40
34
47
55
41
51
33
50
63
57
58
45
32
42
48
40
42
41
51
40
57
40
38
30
29
42
49
47
28
38
50
32
27
19
59
50
44
50
32
58
58
46
56
44
57
55
24
60
28
36
45
24
35
25
62
39
57
30
49
47
51
40
32
46
48
54
61
55
44
23
57
34
44
54
29
39
51
44
55
78
31
31
34
38
47
33
31
35
48
24
33
52
27
55
38
63
53
47
37
33
28
50
37
52
38
29
48
46
30
31
51
43
35
45
48
52
34
62
34
34
55
26
71
41
58
32
58
60
28
46
66
44
50
34
36
62
53
65
32
33
53
48
52
38
53
41
59
41
45
42
32
40
40
39
28
56
50
58
45
58
49
46
45
32
56
52
36
45
37
55
21
47
31
32
34
49
31
40
52
47
50
45
47
52
41
41
34
50
48
57
22
55
22
45
43
29
56
68
32
37
51
57
63
34
20
44
60
38
47
50
54
33
65
62
51
54
50
36
33
41
53
17
12
45
40
52
44
57
21
57
45
48
60
52
30
40
36
24
25
40
39
42
46
44
33
54
31
43
50
51
44
24
64
30
42
34
65
33
53
58
53
40
23
53
47
53
29
60
37
30
43
30
60
38
26
22
47
47
53
34
52
53
60
57
59
37
48
32
57
46
50
45
43
47
47
55
43
51
39
48
46
17
41
31
53
42
72
45
28
28
44
54
35
49
33
48
27
50
60
35
51
49
42
46
47
53
44
48
23
40
42
38
28
44
49
42
43
50
53
41
53
54
27
43
14
33
50
44
42
34
44
52
57
56
36
54
52
54
62
31
54
33
20
54
31
52
55
31
50
43
41
47
30
55
43
59
42
37
54
50
38
51
44
31
33
36
55
60
44
53
49
55
53
48
39
50
