52
69
44
45
36
61
22
54
48
56
59
43
52
51
44
40
31
52
35
50
34
50
39
23
25
38
29
28
31
31
50
49
50
46
48
29
53
51
24
25
27
31
68
31
39
57
46
46
39
53
52
48
52
31
34
34
47
51
47
50
32
53
75
57
31
46
42
34
41
41
31
49
54
40
60
45
34
37
28
34
27
26
38
39
50
59
46
35
47
53
48
47
50
35
29
29
58
26
55
50
44
29
32
53
40
47
68
51
52
34
54
53
44
34
26
31
52
50
27
51
37
20
39
53
35
36
29
58
55
39
51
37
50
38
60
40
63
38
50
51
28
30
48
34
52
46
50
29
32
47
32
43
56
39
31
40
22
68
55
44
54
44
54
33
42
37
45
38
27
36
65
52
59
24
48
51
31
56
47
45
29
36
53
49
60
37
48
69
32
50
63
53
60
23
45
24
41
48
52
52
57
49
30
50
26
69
53
30
59
30
68
51
62
55
29
16
49
24
46
42
65
57
49
30
35
31
56
39
54
39
51
16
44
21
42
38
53
34
57
57
45
23
48
38
35
51
47
45
60
30
33
76
30
44
51
46
38
46
37
31
68
60
40
65
57
37
29
59
43
32
57
23
46
44
46
33
28
44
53
54
46
32
43
45
51
37
28
74
26
66
51
39
33
44
34
23
58
25
49
31
54
47
27
54
46
32
32
37
58
48
47
19
50
16
62
42
41
40
51
29
46
49
37
31
59
49
32
50
39
49
28
48
47
60
30
39
49
60
53
60
17
60
42
33
42
52
57
36
52
42
45
51
51
58
35
44
52
60
27
49
29
50
40
52
26
20
56
45
34
58
57
30
39
50
51
36
39
29
35
59
29
38
68
29
30
31
52
61
30
29
42
22
45
40
46
57
19
25
53
17
50
35
50
52
56
49
53
56
46
51
54
29
59
32
43
52
50
51
28
27
41
48
58
45
62
54
48
49
44
65
34
56
11
24
39
44
54
39
55
33
35
56
37
50
51
63
23
47
28
48
18
31
57
38
43
47
48
49
74
49
57
51
59
53
27
64
36
41
45
35
51
27
34
38
49
44
34
60
39
22
43
51
29
37
47
59
58
75
50
50
27
39
17
34
34
58
50
43
49
45
