56
53
56
49
41
51
55
51
52
48
47
45
47
53
49
48
43
46
48
48
48
53
53
48
48
46
52
53
43
48
51
53
46
44
50
53
53
57
52
51
56
50
42
44
58
48
59
43
49
53
43
50
59
49
53
47
52
47
53
44
58
50
41
48
53
48
52
46
45
52
52
51
46
54
55
54
56
54
56
41
37
54
51
46
49
55
43
50
57
57
43
49
50
55
41
49
46
47
54
50
46
55
59
47
47
50
53
47
57
50
49
54
53
44
48
51
55
53
54
49
47
64
49
60
56
47
48
48
50
38
45
43
47
58
45
45
72
55
49
50
49
50
51
55
53
47
49
54
53
59
51
56
56
43
53
52
53
52
53
45
57
49
47
45
47
60
44
53
51
50
50
54
65
47
50
49
46
45
47
57
49
53
47
52
50
50
43
52
50
58
46
59
46
48
45
54
47
50
51
51
54
57
52
48
54
49
45
45
52
49
53
55
54
53
46
48
57
53
42
42
46
44
52
49
43
43
42
48
53
49
52
59
48
44
52
46
44
57
43
48
49
55
44
46
56
55
52
52
43
48
53
46
65
42
43
62
40
57
47
60
71
32
56
60
59
39
31
37
58
57
42
57
68
53
51
66
46
50
52
64
57
37
60
57
53
50
43
48
52
66
47
68
36
41
44
41
41
53
63
45
37
70
50
57
41
47
56
55
50
42
49
62
63
66
58
50
69
67
58
61
43
62
40
56
48
54
39
52
57
49
43
50
38
50
43
37
46
38
53
54
30
58
45
62
51
47
55
53
53
47
51
70
39
38
45
42
59
44
43
44
32
52
55
61
45
40
34
41
46
57
58
56
66
43
44
40
59
37
49
41
45
38
63
61
46
62
59
65
49
36
57
47
50
57
57
40
66
58
29
30
29
52
39
37
56
59
54
48
51
59
34
58
45
66
37
41
44
50
51
60
51
41
43
48
42
67
38
66
50
39
61
55
33
54
58
37
50
42
59
57
58
38
48
54
48
63
45
50
54
64
39
42
50
59
46
60
46
50
50
40
55
48
41
40
45
44
43
57
52
49
61
52
47
55
44
56
49
54
43
45
64
69
65
44
34
50
33
54
50
62
68
42
55
35
56
38
63
58
61
64
