45
49
49
37
46
54
55
51
46
47
48
53
47
52
55
58
53
54
57
61
56
55
44
53
47
47
53
54
50
57
59
52
47
50
50
57
52
51
53
50
53
54
54
49
48
52
51
47
42
57
56
50
55
55
52
44
46
46
55
47
57
50
49
51
51
44
50
42
42
60
58
55
52
43
44
40
54
60
53
44
50
48
63
46
39
49
48
53
56
48
47
57
46
52
49
52
52
52
53
52
43
44
46
49
49
63
53
41
48
54
48
44
56
50
52
59
47
53
53
53
51
52
42
46
47
53
47
52
50
57
50
45
51
49
62
37
42
57
50
48
54
49
48
52
50
47
47
57
47
46
49
59
57
50
63
47
47
47
47
49
47
45
51
42
54
49
49
45
46
64
46
47
48
44
57
50
41
57
45
55
55
52
54
53
52
42
48
56
55
51
53
49
41
47
53
46
38
56
52
58
53
49
49
45
49
46
49
50
51
42
50
53
52
55
45
56
52
49
51
43
52
52
61
49
53
54
48
50
51
44
51
47
51
48
49
49
46
56
57
50
43
53
48
51
48
57
49
56
53
50
38
48
53
51
42
48
54
49
58
42
40
42
55
57
59
49
56
54
53
47
47
51
60
47
44
48
54
53
51
48
47
42
60
43
42
43
55
47
54
61
51
41
45
56
49
46
56
44
56
54
49
49
48
51
53
60
44
56
58
48
49
56
47
53
43
57
47
44
49
61
50
58
43
51
57
47
45
52
46
49
57
54
54
48
48
53
50
46
45
51
43
52
56
43
49
58
43
47
51
52
45
38
45
47
50
48
54
50
53
45
51
50
57
50
47
47
55
44
44
49
51
51
45
45
56
59
46
52
47
53
45
51
34
52
50
50
55
49
53
48
41
49
42
47
56
51
53
47
49
46
59
49
53
48
52
50
51
54
48
55
47
47
44
55
57
51
49
58
42
51
47
51
46
58
45
64
41
44
50
51
55
45
47
42
54
42
51
53
44
47
48
53
48
46
53
44
38
50
62
50
59
50
53
46
48
52
51
52
47
53
44
50
47
49
45
59
57
50
44
49
52
43
46
48
47
53
50
49
52
52
53
56
46
57
53
44
46
57
53
47
52
53
48
48
51
50
48
43
49
50
