36
36
27
29
41
64
24
40
65
45
45
51
49
44
47
57
55
57
36
32
64
32
63
63
52
17
32
31
51
50
45
52
28
36
45
43
32
45
19
34
56
34
35
42
47
60
42
45
70
34
40
33
31
37
43
47
28
31
31
32
41
57
53
53
38
28
52
54
21
53
60
30
22
24
73
62
34
57
25
46
27
35
33
66
47
34
43
28
50
33
31
62
44
23
48
22
28
43
30
35
24
28
50
55
45
60
45
24
54
36
53
12
48
62
46
48
43
25
57
45
52
60
35
37
24
22
33
52
49
49
46
52
58
34
58
31
44
40
32
34
56
32
37
26
27
41
52
50
35
42
57
38
45
57
45
53
24
50
53
33
31
54
46
43
49
36
46
42
42
38
54
35
30
30
37
60
50
28
47
24
57
44
20
44
39
40
36
53
48
32
53
40
43
23
32
47
32
38
57
56
55
31
30
35
52
52
39
46
59
32
49
53
46
53
49
39
31
25
29
26
69
47
28
35
30
34
55
29
58
30
45
48
14
47
35
39
37
54
53
51
52
52
53
55
29
35
47
47
30
45
40
23
40
38
29
25
45
28
47
52
20
39
60
31
47
24
37
31
42
51
29
34
39
32
25
52
56
65
62
40
56
47
34
28
41
49
49
38
59
33
43
30
43
58
44
45
26
54
29
30
19
51
61
57
34
47
52
37
31
27
26
40
51
39
38
24
39
37
36
40
23
50
55
44
46
28
50
67
53
50
48
47
41
63
51
29
52
46
48
43
33
47
29
34
20
52
47
51
32
52
34
48
31
50
30
29
51
54
38
22
40
44
28
38
50
41
55
56
45
63
75
32
30
28
49
48
29
27
14
57
42
25
45
56
26
47
34
26
41
27
62
51
52
52
54
40
54
53
39
49
58
33
34
46
48
45
47
29
30
31
50
51
52
41
38
38
37
32
38
49
52
56
61
52
48
46
51
47
28
22
45
48
37
29
18
60
50
35
27
49
54
39
35
37
30
31
50
48
48
60
49
36
27
37
23
51
34
70
22
35
51
58
53
45
31
58
14
42
31
49
40
46
26
32
48
23
41
34
24
54
41
45
28
43
35
47
40
39
37
47
42
44
39
57
29
36
51
36
41
37
