34
46
60
55
32
33
40
33
29
60
25
45
42
45
40
29
35
44
46
53
38
47
56
43
29
42
44
61
47
55
45
30
52
47
33
37
22
22
22
27
7
52
20
41
32
26
55
49
35
43
41
35
37
43
41
59
61
58
49
43
44
66
51
15
30
36
35
24
54
14
50
56
25
64
65
42
56
44
33
31
51
35
49
21
36
51
49
35
33
30
45
26
21
59
53
26
45
57
27
52
46
39
55
36
42
51
53
49
23
40
32
46
58
55
24
52
36
39
43
44
49
19
21
29
59
45
39
42
66
39
41
44
32
47
31
26
39
34
60
54
19
46
49
49
40
52
31
23
31
34
39
28
48
50
41
26
47
51
41
36
32
47
47
21
46
50
43
34
33
51
35
51
53
60
52
19
18
54
37
42
45
20
55
32
54
33
29
28
29
47
52
34
29
56
41
24
47
25
41
26
55
64
41
53
56
35
49
59
50
38
47
63
39
48
39
28
30
26
48
34
53
33
66
49
28
59
44
53
31
40
37
47
44
50
35
25
47
50
48
42
42
56
29
26
37
56
44
37
48
29
54
27
31
32
29
41
43
49
46
29
27
27
64
47
52
40
56
49
41
46
36
32
35
38
48
48
37
30
52
52
45
16
38
52
54
37
46
61
33
53
31
50
45
50
35
54
52
49
60
38
48
50
63
26
46
36
43
29
45
23
40
27
46
39
52
46
44
21
43
44
55
40
37
56
30
39
54
51
22
8
41
25
32
21
34
30
50
29
26
48
45
36
37
42
62
31
44
32
36
33
51
34
32
48
44
44
43
25
52
28
56
46
46
44
42
42
59
47
55
25
29
59
48
44
70
40
30
50
42
59
52
35
34
52
54
23
44
27
32
65
32
45
39
44
59
52
38
31
49
41
52
54
49
53
65
52
42
57
51
33
39
37
55
52
63
45
25
39
36
42
29
53
31
50
41
49
48
54
43
34
18
29
55
57
30
49
23
35
44
49
22
28
62
57
29
31
63
52
47
54
67
48
31
51
38
57
54
38
28
46
51
23
35
39
33
30
39
40
54
37
43
28
38
47
24
32
25
35
55
37
48
28
51
30
52
28
41
48
36
37
59
53
43
33
43
49
39
55
68
34
