44
45
46
54
53
54
35
52
26
28
36
30
40
35
36
30
44
45
49
43
33
53
34
49
52
68
36
57
22
34
36
48
50
23
42
48
37
28
50
61
20
25
50
34
33
48
48
44
36
44
49
26
52
42
55
33
47
23
27
56
31
41
56
61
55
46
54
41
26
42
27
44
62
30
42
45
40
38
51
21
33
36
32
57
54
58
57
55
28
49
39
54
45
34
5
60
15
56
55
31
25
57
39
49
55
47
24
30
56
47
57
32
41
51
54
39
49
44
27
49
25
65
59
42
30
44
39
34
47
39
40
47
47
31
42
33
54
47
46
66
49
30
67
57
33
27
18
16
30
42
43
37
42
41
32
42
56
41
59
51
43
51
23
50
18
51
39
37
60
57
39
39
45
30
52
31
55
47
56
53
59
51
59
28
46
47
50
51
47
29
54
51
56
37
39
48
27
27
23
46
49
47
40
53
51
41
44
36
25
53
49
32
53
62
57
46
68
48
38
34
55
21
28
32
38
63
27
48
30
37
44
48
47
32
41
57
43
12
51
35
26
51
37
38
37
50
39
62
48
45
27
49
31
34
40
72
35
50
28
44
38
66
32
45
31
51
31
48
46
44
65
25
51
43
50
49
51
29
50
39
39
8
44
63
32
25
53
46
41
44
32
10
54
53
60
24
48
28
22
46
24
18
44
43
45
32
49
48
39
28
36
28
34
35
11
45
34
46
37
57
50
28
37
35
38
68
57
50
48
53
43
35
40
51
28
34
62
34
31
36
50
48
33
27
52
22
45
53
27
54
49
46
50
54
47
32
53
30
47
32
50
49
32
42
34
39
50
26
50
30
34
37
45
53
39
44
49
53
17
20
56
25
35
46
35
28
35
49
34
40
62
34
45
64
44
58
49
62
47
53
59
47
62
43
24
46
44
50
50
68
33
27
44
29
36
37
27
28
37
38
58
23
45
34
45
47
31
41
29
57
52
64
36
39
52
48
56
48
29
46
42
45
43
28
44
35
35
17
51
52
29
55
44
44
45
29
46
53
63
31
32
34
34
52
52
33
41
46
32
36
33
30
26
50
56
49
42
37
53
43
25
50
37
49
28
31
43
44
56
48
56
22
37
62
30
61
48
50
35
57
