42
38
27
58
56
51
43
29
52
37
44
36
45
48
42
54
39
47
27
49
19
32
33
48
51
48
49
39
47
42
41
57
15
51
53
68
33
47
58
53
47
39
28
62
36
52
62
21
52
53
53
56
29
54
43
55
47
41
37
26
37
48
52
37
59
52
43
74
34
30
30
32
53
49
34
41
44
41
24
53
52
50
44
37
48
52
33
47
35
62
51
46
49
43
52
61
48
51
36
30
41
61
34
27
41
57
45
36
46
47
39
59
34
46
34
38
54
54
52
31
36
57
17
35
35
53
29
39
44
63
30
54
32
37
33
62
57
46
62
32
21
34
34
26
46
46
48
52
49
55
51
62
42
30
41
69
53
32
23
34
46
56
63
62
48
37
50
52
60
39
35
41
26
52
49
33
33
55
38
52
26
42
32
35
44
61
52
31
34
47
37
42
66
60
51
57
32
42
47
41
45
29
37
53
37
43
47
32
45
58
36
38
52
37
51
55
42
53
60
24
56
32
29
43
40
33
47
56
49
44
53
30
53
44
39
52
52
48
30
50
49
39
50
31
53
29
37
63
55
41
49
44
16
32
55
68
55
50
34
50
42
46
54
38
38
43
35
52
36
41
34
35
52
42
50
29
56
44
55
51
43
56
46
48
49
48
37
53
50
56
48
41
57
43
63
60
45
59
46
47
39
47
50
57
44
63
59
35
47
38
38
52
39
53
41
70
56
50
40
30
35
50
44
31
24
52
53
30
54
46
49
24
40
29
50
31
53
31
63
39
30
38
25
36
54
61
31
35
63
53
51
40
27
49
60
26
34
48
50
31
29
46
54
42
60
50
70
36
54
46
46
22
47
41
34
24
27
49
54
30
29
58
19
52
38
33
24
47
44
37
57
60
50
32
46
17
52
32
61
36
50
28
54
23
51
61
41
56
30
50
36
62
32
36
60
35
37
44
43
48
37
37
33
34
19
55
53
45
28
51
30
41
30
43
50
48
56
59
44
52
46
54
43
39
51
40
54
67
49
39
26
50
52
41
37
51
21
61
47
42
65
37
44
19
31
40
23
42
48
37
37
52
38
42
29
29
37
66
47
43
46
71
24
24
76
37
46
37
27
21
45
24
37
32
43
42
38
51
19
48
