60
27
62
40
47
45
54
50
51
37
42
57
48
45
54
41
68
46
41
33
43
43
28
38
54
29
34
38
16
51
34
33
30
47
53
41
34
13
27
51
38
52
37
6
60
40
39
41
30
53
33
43
54
41
48
51
27
40
18
34
39
34
61
40
52
33
32
31
47
48
34
52
52
48
25
51
31
55
30
49
50
47
32
30
37
31
23
55
26
43
50
42
57
35
23
33
38
53
46
39
54
63
49
22
39
28
38
26
25
46
55
30
44
28
46
42
40
50
51
28
31
29
43
34
47
40
50
35
28
8
46
54
50
53
20
67
52
45
27
34
32
49
50
56
55
48
57
46
29
36
40
31
62
41
48
44
55
26
55
26
39
60
46
52
53
36
54
40
50
55
63
29
29
44
54
69
39
33
41
44
58
49
28
47
44
44
44
25
57
47
57
48
33
55
55
46
57
53
47
29
51
15
50
46
40
33
36
35
48
55
60
59
26
59
48
32
48
50
42
35
45
52
50
34
50
40
35
54
57
41
52
36
28
48
57
35
41
25
22
24
47
35
59
47
31
44
54
60
55
34
35
58
41
56
36
29
54
44
53
62
14
55
51
42
57
30
45
42
24
37
50
31
31
58
29
28
44
48
40
50
52
41
48
28
39
42
67
53
52
44
47
49
41
17
28
47
23
23
52
57
35
60
29
34
46
54
26
48
31
46
51
26
59
39
33
39
26
35
43
45
32
32
53
54
48
29
42
32
60
46
51
45
64
48
42
52
47
59
35
56
48
23
35
29
29
48
57
44
52
19
33
51
50
39
46
34
44
51
36
54
50
23
46
50
42
42
23
39
54
50
37
44
46
21
34
53
36
50
38
53
57
38
37
62
51
36
54
50
34
36
42
59
19
34
33
63
51
52
32
56
64
50
53
59
43
47
24
50
36
51
44
42
59
32
47
30
27
42
51
32
54
24
46
32
57
60
47
66
44
47
41
50
33
49
31
59
44
38
47
21
59
37
59
37
43
18
41
14
42
44
24
45
26
40
39
49
49
56
54
56
29
24
48
66
47
66
30
31
52
47
37
33
54
30
63
58
52
48
49
51
70
49
28
28
59
45
23
49
58
29
47
49
22
30
58
57
37
49
28
52
