50
52
39
52
50
47
54
49
55
51
49
47
54
44
47
49
53
49
43
52
61
50
51
53
55
54
53
50
48
60
53
55
47
60
50
43
50
53
56
40
49
47
56
55
42
38
55
45
53
61
49
44
56
48
49
56
54
54
42
56
48
52
39
53
57
57
48
52
47
41
57
63
45
41
46
55
44
58
49
45
49
50
59
44
49
50
47
55
50
48
42
50
54
49
60
62
46
50
46
46
47
55
60
59
51
47
58
54
48
50
44
45
51
50
45
50
47
51
52
50
53
56
58
51
52
55
43
44
53
46
49
48
52
51
45
48
54
61
49
52
52
46
56
50
45
50
44
54
39
51
49
51
57
52
49
49
50
52
52
57
47
48
45
49
48
49
47
45
55
40
48
45
58
52
51
48
52
47
55
47
43
54
52
59
57
42
41
43
45
54
44
51
50
52
52
54
48
54
49
49
49
47
55
44
45
53
52
45
55
51
49
45
57
57
44
44
47
43
43
55
36
52
49
57
48
44
52
52
47
49
53
51
53
51
44
54
55
53
48
46
56
41
51
44
47
54
50
53
49
46
43
47
45
52
51
55
51
46
51
40
56
49
49
45
43
49
54
54
51
54
58
52
51
47
53
42
50
52
55
47
58
52
53
49
51
53
49
42
54
50
55
59
52
57
47
47
58
53
55
46
50
45
46
48
49
57
44
47
47
49
40
49
45
49
48
47
53
56
45
53
57
60
49
42
44
44
46
57
57
58
44
42
49
43
48
42
48
47
56
45
54
52
60
61
46
49
59
53
54
44
54
51
59
60
56
53
46
50
52
44
50
48
57
48
49
52
51
50
43
55
46
49
42
52
50
51
55
58
47
48
52
51
47
58
42
58
55
44
66
50
51
58
47
51
39
53
53
54
48
54
45
51
50
44
44
42
56
43
52
47
52
52
51
56
38
49
44
65
54
45
43
52
51
52
54
49
48
49
46
49
52
54
51
57
51
45
51
41
49
51
50
51
59
48
49
53
55
60
46
53
58
51
57
45
56
64
56
60
57
53
49
45
50
54
48
55
50
55
40
51
47
57
51
49
50
47
51
47
48
44
60
58
50
56
37
47
55
44
49
39
45
47
54
47
52
40
52
49
41
45
