66
41
45
60
32
43
27
25
29
52
51
21
41
62
52
53
55
29
27
46
51
40
39
56
53
28
52
29
38
35
54
57
45
47
32
33
51
30
43
56
43
48
45
28
45
45
35
45
53
18
48
57
66
54
50
57
47
58
50
41
28
36
46
46
57
32
56
45
56
52
38
51
33
61
19
37
52
52
57
48
44
32
43
34
55
45
47
49
31
32
41
51
54
22
50
30
33
33
28
27
56
51
28
30
48
17
43
45
65
45
51
22
37
38
50
53
51
28
20
38
38
46
53
48
46
40
27
45
53
54
49
40
34
53
19
43
24
48
53
50
37
37
55
63
57
52
48
51
50
22
48
59
31
46
25
40
34
38
44
21
46
43
48
43
32
37
26
56
44
41
46
49
41
18
14
37
52
30
60
33
57
80
62
49
55
48
40
36
49
28
46
36
31
36
23
38
42
55
34
57
37
41
56
33
48
55
58
33
38
30
39
36
48
51
52
29
23
43
29
21
51
52
63
73
60
47
40
26
25
50
42
32
48
57
37
47
30
62
37
14
28
53
52
52
60
62
14
45
22
43
53
35
54
57
49
30
53
53
44
49
32
43
54
56
37
48
32
63
51
55
33
36
47
44
26
29
38
51
49
39
41
20
42
31
31
49
45
31
19
47
48
38
49
52
19
27
55
48
21
31
52
29
37
41
25
39
47
35
45
47
60
66
34
33
46
52
48
51
51
34
48
26
50
46
14
22
43
46
49
47
48
42
55
32
52
52
54
35
30
38
36
25
48
46
28
33
46
54
55
44
28
27
66
25
34
50
42
35
42
53
37
24
42
68
50
33
49
46
34
55
47
61
39
53
36
21
65
29
48
31
64
52
48
42
18
42
9
33
52
47
54
64
53
42
62
44
48
45
52
50
35
50
54
44
30
25
29
48
27
57
37
55
54
43
53
38
53
34
28
38
27
60
52
34
55
49
56
51
52
57
45
29
38
58
33
30
70
57
59
53
55
51
57
28
53
39
51
33
12
42
50
47
70
47
55
42
31
60
61
62
56
30
36
34
54
52
44
36
48
59
53
52
40
45
24
54
40
59
56
35
40
28
34
32
47
39
32
42
32
51
50
45
47
31
60
43
54
33
34
25
