33
50
42
22
39
44
60
61
53
38
29
51
36
37
28
45
36
22
65
54
53
12
24
52
50
40
50
55
44
41
43
49
49
32
38
52
44
33
48
28
27
31
38
43
37
60
66
44
25
49
47
48
56
38
29
34
52
47
38
49
34
47
26
52
40
27
60
43
38
48
30
29
57
60
47
32
32
44
50
36
24
54
46
53
29
55
51
34
68
37
30
59
52
36
57
54
43
53
43
58
42
32
29
34
49
51
31
36
63
36
48
42
64
47
25
57
64
55
35
60
45
34
58
36
35
39
40
58
45
33
19
28
42
51
29
50
63
47
59
36
50
46
49
54
36
32
51
30
63
26
47
19
59
29
35
60
57
32
43
45
36
53
49
54
33
33
59
52
52
32
44
58
53
56
44
36
38
47
59
33
50
46
51
57
33
30
34
55
17
30
28
38
69
44
36
60
35
43
52
54
34
38
28
58
47
30
34
53
28
39
43
32
60
32
31
52
55
34
39
36
45
47
32
26
20
31
39
53
56
54
49
45
50
31
51
47
53
28
61
37
49
37
30
32
56
51
40
66
52
42
50
34
39
52
19
37
58
50
53
29
33
37
57
33
33
44
51
58
41
43
27
39
58
42
47
32
49
37
57
32
29
30
37
51
28
49
36
48
50
31
44
51
40
66
49
31
42
17
33
22
27
58
56
54
57
63
55
34
43
45
37
21
40
45
53
48
53
20
36
40
46
46
26
23
44
26
37
38
47
40
33
40
34
35
26
45
35
22
55
31
35
60
44
39
55
46
50
36
47
25
47
31
38
62
29
28
49
20
36
44
18
33
49
50
40
33
38
50
36
34
45
33
23
51
40
40
59
22
38
43
35
47
59
46
50
59
47
32
45
43
55
59
37
49
65
44
36
61
38
43
76
42
55
48
69
41
58
47
55
56
24
22
58
33
47
65
36
48
35
36
40
28
43
54
60
43
25
24
27
45
32
44
52
24
42
27
40
45
47
52
62
45
42
53
31
53
50
51
38
55
68
52
54
53
46
44
35
45
41
58
28
31
48
24
43
48
33
26
49
58
51
34
49
35
47
39
31
33
47
56
42
43
54
46
41
30
43
48
38
49
29
33
39
52
47
48
26
48
42
35
