27
46
44
49
57
65
40
47
29
47
43
34
43
36
45
53
52
44
33
42
44
22
51
37
48
35
51
45
57
16
17
42
41
30
33
39
49
56
45
58
80
52
48
59
34
50
59
61
35
56
37
43
53
34
60
47
41
44
49
41
38
44
53
30
31
51
50
27
53
36
31
19
48
68
79
56
49
33
46
41
39
29
59
34
42
30
26
42
56
32
49
57
52
56
47
56
55
53
26
28
27
32
57
57
57
47
37
38
49
33
46
41
54
41
49
62
63
57
53
43
37
47
49
66
59
51
55
30
37
57
21
52
40
58
32
37
32
19
29
27
39
46
51
62
58
55
46
51
59
58
52
38
33
43
57
35
51
55
46
41
28
45
36
42
59
36
56
25
49
32
50
49
25
38
16
22
50
48
51
44
40
26
39
46
34
31
54
30
25
48
56
26
47
53
54
52
40
50
60
45
45
35
53
31
47
35
33
47
55
57
55
37
49
34
45
48
47
34
36
60
53
32
49
48
33
51
28
38
66
51
41
38
21
53
32
35
29
38
58
37
46
53
51
39
24
33
46
59
44
48
50
28
60
55
45
49
46
41
46
34
31
50
29
16
44
38
49
49
38
11
27
26
29
29
50
37
55
26
60
42
59
29
31
52
54
45
44
52
39
34
50
30
49
39
51
29
60
56
48
56
50
62
29
22
29
58
54
42
78
33
35
42
55
35
29
54
59
51
36
54
47
42
48
48
32
51
29
29
50
44
19
33
52
51
45
42
31
39
53
23
52
52
47
33
15
51
15
41
32
29
55
34
39
40
63
48
32
61
47
45
51
41
59
36
27
14
52
61
29
47
65
61
47
39
56
35
34
16
50
30
56
32
41
40
43
54
41
54
60
40
43
56
25
19
42
34
52
29
36
26
33
47
25
55
47
36
28
26
44
46
38
16
51
54
47
42
41
53
56
41
37
53
65
75
49
34
35
43
52
37
21
49
44
41
20
19
54
53
42
42
36
50
44
53
44
29
50
39
50
42
55
38
47
32
62
55
50
52
62
41
27
62
60
44
51
33
42
55
35
61
58
31
37
20
24
47
44
50
34
41
52
48
40
54
50
49
61
45
48
35
62
29
52
45
29
54
47
54
50
48
