37
41
29
43
42
48
24
49
48
59
31
39
44
39
57
45
32
41
37
51
34
59
46
42
44
42
32
51
28
49
46
33
22
53
41
56
60
40
30
69
35
51
56
52
43
58
22
43
50
30
60
40
49
26
59
43
30
71
49
32
62
38
31
47
62
52
43
38
43
51
38
44
40
36
33
19
42
47
52
42
50
27
45
32
18
31
40
53
54
51
54
39
33
52
58
40
31
39
34
42
40
51
51
59
31
52
38
29
50
58
55
59
55
63
46
49
49
41
55
36
35
64
47
56
52
42
46
30
36
25
30
36
44
24
31
51
46
53
23
50
48
55
51
53
53
49
53
8
53
31
47
30
34
25
31
66
53
36
53
34
46
31
53
33
56
50
31
52
28
40
62
49
45
74
30
37
30
54
54
50
40
54
50
36
33
24
24
44
51
41
45
33
52
50
60
55
36
37
33
46
51
48
39
39
20
63
15
32
47
40
60
51
48
33
33
25
28
53
31
35
11
43
53
31
37
52
55
24
41
41
31
45
28
31
55
19
48
53
39
48
35
66
19
49
49
63
50
25
56
57
32
30
26
34
25
60
47
37
33
51
24
50
38
18
38
32
46
32
31
45
33
35
38
28
58
56
30
53
28
46
49
37
46
42
48
44
41
54
50
64
24
38
27
41
29
31
30
50
48
50
42
46
53
47
65
55
62
36
44
43
49
66
36
38
29
47
27
41
61
21
27
22
27
45
43
39
39
47
29
53
22
33
58
30
51
55
50
64
39
42
61
33
47
30
53
49
49
38
31
33
49
30
54
40
62
27
60
48
45
33
53
36
19
54
35
34
46
38
55
35
33
29
48
53
51
32
32
52
50
36
48
55
28
36
48
47
34
41
33
35
54
36
44
66
35
38
43
53
46
32
32
61
43
6
37
29
33
32
52
28
38
49
46
51
55
34
70
32
58
48
36
37
40
55
49
31
58
37
49
29
46
41
43
19
47
39
52
38
30
42
58
28
48
47
43
41
46
41
29
33
51
52
48
48
55
33
46
44
53
22
58
33
36
47
35
63
56
65
16
48
36
41
47
11
55
26
27
33
33
37
28
7
47
38
46
27
36
41
48
36
69
45
57
56
22
37
37
42
23
30
