53
48
40
31
44
39
25
34
33
43
47
37
37
49
40
49
49
51
51
42
35
62
53
30
65
30
41
34
47
46
53
31
51
54
38
54
31
43
13
41
63
47
42
32
51
29
45
20
46
58
58
21
32
64
49
35
39
61
76
51
60
47
60
51
38
44
50
38
38
48
51
23
23
39
37
32
16
40
50
39
43
60
43
47
25
37
60
28
52
25
51
45
53
67
38
42
61
45
32
29
36
56
51
50
45
30
47
38
29
42
45
29
42
42
49
20
39
49
54
19
42
42
53
46
49
57
43
21
33
50
23
50
57
23
35
46
49
40
46
44
48
29
47
24
41
60
50
38
63
60
39
38
32
45
36
58
55
36
29
31
40
54
54
46
25
36
36
42
54
37
28
58
26
23
26
39
50
31
56
30
36
45
49
21
58
37
34
38
27
34
41
45
52
50
25
31
54
35
38
55
57
30
33
17
39
40
21
49
48
48
46
29
46
43
30
39
44
47
16
27
50
50
51
43
57
57
24
63
47
29
53
23
50
15
38
62
49
33
46
53
34
29
43
51
25
60
33
45
43
49
53
41
31
45
37
31
55
64
50
49
40
30
31
51
60
41
39
39
25
30
45
46
49
57
21
55
52
41
46
41
43
23
38
44
36
44
29
65
28
47
48
41
33
56
47
32
30
48
39
51
37
18
48
35
45
33
24
38
47
54
39
60
36
36
52
22
22
53
31
33
40
59
47
46
56
55
31
54
43
42
42
57
56
53
28
35
56
42
32
39
38
5
56
40
38
34
29
17
42
53
62
32
49
37
53
23
57
49
53
49
49
42
70
52
44
52
59
53
42
45
30
29
27
55
32
20
38
27
62
58
49
49
47
34
39
47
48
39
49
37
36
31
15
44
49
47
52
28
36
34
52
47
44
57
67
17
53
32
45
59
35
53
62
52
64
39
50
27
44
47
51
40
31
41
53
36
55
58
25
53
50
39
33
58
39
41
52
23
49
50
28
63
25
32
49
48
52
27
32
58
38
44
53
60
59
28
32
39
43
29
64
53
33
41
29
29
28
48
46
58
48
36
41
32
36
31
34
27
50
41
19
37
33
39
31
18
51
32
36
52
56
33
11
44
32
50
27
45
55
35
