59
59
38
54
30
56
28
34
55
31
22
63
44
39
45
47
33
46
44
30
52
53
40
54
38
56
46
49
33
65
33
66
49
55
46
45
36
36
34
46
40
56
32
29
44
55
35
39
57
56
65
35
31
50
37
47
30
42
44
56
50
44
41
39
48
28
32
66
22
38
44
65
41
63
49
52
38
43
48
38
53
49
35
55
53
39
30
55
56
50
29
44
55
49
48
35
62
48
31
22
48
23
58
34
46
34
31
53
19
49
35
47
57
45
46
54
61
46
51
44
48
58
52
32
27
34
40
34
50
20
27
26
40
16
26
59
39
65
33
61
57
30
51
51
43
37
34
75
28
61
51
53
48
43
47
44
56
56
40
46
6
43
36
50
39
53
57
34
47
49
46
55
55
39
34
41
34
59
36
45
52
32
50
31
31
57
35
47
27
53
50
38
22
25
50
43
46
49
47
53
55
27
54
21
38
26
27
45
56
48
50
58
47
43
44
23
52
28
52
43
39
54
21
36
47
19
7
27
29
23
60
34
50
42
27
36
46
47
59
32
43
59
47
60
53
31
63
52
52
33
32
26
48
36
26
67
61
25
43
53
68
52
53
26
35
53
44
47
38
36
54
32
48
39
53
41
23
33
47
34
43
44
26
33
37
55
50
37
28
32
39
48
21
56
27
44
33
26
63
44
59
39
37
36
12
32
37
53
51
31
31
28
33
36
38
49
43
50
28
60
55
52
34
39
29
30
46
30
36
50
29
58
40
61
32
62
59
29
59
55
31
32
15
31
49
40
58
29
48
29
45
57
55
24
47
43
19
34
30
20
23
50
37
52
55
32
55
53
54
37
50
41
48
51
47
40
35
44
29
52
27
28
54
17
46
56
47
34
39
51
47
55
32
34
70
38
30
25
37
32
40
14
41
37
57
54
27
46
55
30
52
36
55
31
32
45
33
16
40
5
44
62
56
41
63
54
50
50
51
30
24
37
47
29
49
52
58
52
43
37
38
50
47
46
52
41
46
46
48
53
49
18
46
46
31
55
55
49
27
53
43
51
50
56
53
41
34
35
48
53
31
53
53
37
48
56
49
30
33
40
43
54
29
23
57
51
42
44
52
42
41
50
41
42
40
50
34
52
43
47
