25
53
46
18
28
27
33
39
28
61
33
37
51
44
38
51
22
58
24
49
30
43
40
31
52
38
51
40
31
34
55
35
27
28
58
47
41
38
52
33
49
43
52
45
61
40
54
50
35
41
44
28
37
25
49
41
60
31
50
26
48
47
36
54
46
41
42
43
26
39
55
38
30
50
46
25
30
39
49
39
26
30
50
56
57
53
56
16
50
35
24
53
50
51
55
60
51
48
48
64
31
53
58
5
42
26
34
41
52
35
31
49
46
62
58
26
45
38
40
33
30
38
38
30
56
47
40
57
35
34
60
54
38
40
38
39
58
35
25
47
34
24
24
35
32
39
53
47
24
29
45
42
32
44
65
48
29
58
39
24
31
62
49
35
32
39
46
52
47
37
51
36
52
54
52
31
66
54
48
30
23
16
60
43
55
40
41
35
51
52
40
51
49
40
48
42
37
54
43
32
42
62
16
40
52
40
54
33
47
48
40
46
58
48
60
33
47
54
47
32
63
57
14
33
58
32
41
53
53
45
27
35
63
46
56
55
42
27
32
45
42
50
46
66
24
48
45
36
68
60
38
50
38
52
29
24
32
25
40
51
22
39
39
39
35
50
42
42
32
34
55
36
54
45
60
47
36
30
41
41
26
37
50
57
34
30
57
34
59
41
27
41
59
55
38
42
34
32
56
38
40
32
19
26
34
41
22
25
60
50
35
46
41
28
61
43
42
55
48
48
46
64
49
45
43
26
43
41
38
26
58
20
34
40
53
57
37
43
55
27
45
38
48
31
30
30
62
36
30
39
54
25
27
60
45
27
31
26
28
51
31
43
33
55
37
54
46
37
45
68
49
35
52
38
42
29
45
46
13
27
39
46
58
59
52
50
45
51
18
57
42
33
31
40
28
24
43
23
48
48
47
32
47
20
35
56
64
40
37
38
53
41
68
39
51
56
40
60
46
30
60
49
52
29
51
35
18
59
39
37
52
35
34
42
58
51
31
29
49
38
28
42
53
44
41
47
45
36
27
32
52
31
58
32
27
37
53
51
31
50
33
31
53
36
35
59
42
50
54
49
52
24
53
22
57
36
39
28
43
28
52
68
59
40
51
51
28
43
22
48
37
50
33
49
32
59
31
31
17
27
