23
17
61
30
13
17
38
31
48
39
20
53
29
34
31
12
19
40
53
38
32
25
31
31
39
26
30
45
34
12
18
25
31
36
38
27
35
13
38
14
37
34
52
31
15
37
22
32
22
38
48
36
36
39
8
31
37
48
18
39
46
41
36
29
31
31
21
34
32
51
21
47
17
48
32
30
44
30
25
38
11
22
31
40
37
29
18
51
43
28
37
27
35
25
35
19
16
46
42
24
30
44
46
51
15
28
34
33
38
31
39
51
31
28
45
44
50
36
39
41
35
36
45
34
38
21
33
41
48
41
23
48
26
17
42
38
35
31
30
23
25
38
41
49
20
28
42
35
41
34
28
31
25
20
36
32
29
35
30
43
34
23
40
27
30
24
32
34
42
31
36
29
22
40
31
39
28
31
23
28
23
42
30
26
42
12
21
40
40
27
38
41
33
32
39
21
48
24
44
28
28
31
37
40
36
14
48
33
30
41
42
36
26
45
28
29
23
32
32
20
36
47
19
21
36
17
32
11
32
12
39
43
22
32
27
34
16
9
37
37
16
31
21
24
20
23
39
33
27
29
29
32
35
32
37
41
40
35
38
28
32
19
43
27
37
36
33
33
36
31
29
42
31
26
32
36
31
31
41
30
36
31
35
29
36
35
31
44
34
27
39
31
34
30
34
21
31
26
40
41
38
34
35
32
29
22
33
30
31
30
26
23
33
44
35
41
29
29
38
35
32
37
28
30
25
38
25
30
27
31
40
36
40
32
34
32
37
30
27
39
27
28
42
36
27
26
31
29
36
32
33
30
19
36
38
34
31
33
34
31
33
33
33
28
28
37
37
43
42
35
33
36
26
34
25
27
36
39
34
21
30
30
29
33
41
33
37
36
33
30
29
30
40
28
29
33
33
30
39
36
37
30
30
33
29
34
36
18
28
36
33
23
32
39
34
27
28
41
38
38
31
27
29
36
41
33
32
25
39
29
36
30
40
27
25
37
30
39
31
29
33
33
40
36
31
37
41
35
32
38
30
40
34
27
25
33
32
49
34
43
31
39
34
38
35
39
35
28
33
38
34
32
34
34
38
32
33
41
32
38
29
34
36
31
27
33
29
29
31
32
41
28
27
34
31
28
29
37
23
27
