54
43
46
37
33
51
42
36
46
27
55
66
79
35
56
50
48
41
80
65
38
52
51
28
31
49
54
37
47
58
35
50
56
67
33
51
51
35
35
33
21
47
45
33
46
55
46
45
45
34
57
49
52
55
40
43
33
35
49
45
36
37
45
50
37
48
35
28
52
35
34
36
32
32
52
44
48
41
30
41
57
55
43
46
15
57
48
53
47
14
46
26
58
51
37
47
48
32
46
54
45
15
40
52
36
27
57
34
28
48
28
52
33
44
63
48
57
48
64
41
25
56
47
68
49
47
54
63
33
33
34
33
26
29
56
49
33
42
48
57
63
39
53
56
50
56
22
52
44
27
43
46
50
24
53
33
48
55
30
30
31
49
53
48
29
54
45
36
57
52
34
54
17
28
28
61
61
31
57
37
14
39
50
29
45
51
46
52
65
56
24
40
54
45
16
41
35
55
11
29
34
36
51
52
33
63
59
33
45
62
30
42
39
48
49
55
42
32
58
41
24
48
19
26
33
41
71
41
40
30
65
60
34
36
40
56
23
34
48
22
47
49
32
32
60
50
32
34
51
48
40
49
35
63
50
48
43
42
45
32
50
48
34
48
30
44
64
20
46
48
40
34
26
50
48
40
25
48
34
36
52
42
32
59
54
48
41
42
38
22
55
53
43
51
39
35
55
27
34
33
62
35
55
52
37
46
52
52
41
45
44
42
53
56
49
60
33
32
52
21
31
54
63
45
29
42
48
31
44
39
56
30
32
66
30
55
54
48
43
59
39
54
60
46
43
38
22
48
51
45
38
37
41
50
39
35
35
32
37
48
49
27
53
30
69
66
23
45
30
58
49
41
37
36
48
32
46
45
38
16
40
59
31
26
54
40
56
46
27
42
53
55
16
26
25
23
25
40
18
47
28
46
52
51
64
52
45
31
53
51
48
40
51
47
48
36
26
52
24
43
42
19
75
35
34
33
49
55
51
49
48
31
32
35
41
47
33
52
25
43
41
37
57
38
58
30
25
59
34
37
44
36
41
50
51
32
43
38
32
52
55
33
37
55
53
29
34
29
42
53
32
70
34
31
36
51
58
39
31
63
22
38
54
60
36
37
54
47
52
51
37
38
45
35
60
33
42
36
41
49
