56
34
39
49
46
29
18
68
34
55
38
55
30
18
24
45
38
41
36
44
40
39
45
51
47
43
30
46
33
33
47
38
57
41
7
35
52
36
44
43
48
22
53
35
47
57
29
45
54
42
26
24
38
40
45
31
67
51
37
36
51
57
54
29
32
18
43
36
47
58
61
24
45
50
29
54
21
48
43
81
50
40
47
57
48
57
31
35
44
30
51
43
53
36
53
35
54
60
21
56
32
40
38
45
43
62
58
54
54
56
41
53
35
62
47
29
38
29
26
43
34
38
49
40
54
21
52
32
25
66
38
33
34
52
46
26
56
52
32
52
33
50
50
36
46
35
25
74
48
53
40
54
49
35
47
36
20
55
48
37
49
41
49
35
49
53
39
40
28
34
48
31
48
36
35
48
59
34
29
44
46
42
29
46
58
39
49
60
42
22
57
55
32
42
33
50
30
48
38
46
37
39
39
51
23
33
61
49
66
46
35
29
42
50
42
30
47
41
52
44
39
54
48
54
53
27
40
26
59
42
65
50
37
55
39
54
41
42
59
45
51
26
42
51
42
54
28
50
36
55
60
31
52
24
47
42
38
47
50
52
57
19
33
45
51
54
30
46
39
48
39
28
51
5
28
35
45
37
29
33
39
49
51
59
40
55
54
30
40
44
46
43
47
43
65
41
46
47
42
45
57
58
47
31
26
40
27
44
33
30
47
26
30
28
45
48
27
41
37
54
54
30
20
61
53
26
47
31
36
30
52
46
46
36
32
24
31
50
29
36
40
48
60
37
57
64
32
37
35
42
51
37
52
43
25
46
29
41
59
43
56
59
42
38
51
13
25
60
30
31
38
53
55
50
42
33
52
51
32
43
36
30
23
29
58
58
27
43
33
30
42
55
43
33
42
42
56
29
52
43
23
45
24
30
50
33
35
52
45
40
53
50
48
44
59
53
28
47
50
53
40
43
28
41
27
56
41
66
60
31
29
51
24
62
32
45
56
29
57
51
44
30
34
68
50
62
40
55
51
38
48
35
51
31
62
43
34
18
32
54
27
32
75
53
50
44
29
58
28
39
52
43
31
48
35
31
36
50
33
54
42
32
47
34
49
65
24
38
40
48
59
37
27
22
53
21
31
44
46
36
