35
51
40
40
39
49
43
39
59
52
25
53
52
52
49
26
51
46
55
19
21
38
47
61
45
38
29
52
39
35
22
28
60
30
46
63
33
52
17
41
39
38
47
52
46
33
19
40
52
69
32
33
38
45
40
55
35
36
48
41
34
55
27
29
51
29
22
48
40
50
38
35
57
29
50
44
51
28
52
50
39
32
66
50
44
52
56
47
52
35
21
40
63
49
33
42
35
35
30
41
54
32
29
12
50
20
55
46
49
48
26
44
37
36
25
27
36
39
31
23
45
42
33
38
22
50
35
37
56
50
56
42
43
38
6
54
52
56
31
32
23
45
52
44
29
34
48
36
24
46
22
38
55
45
47
27
29
46
17
49
37
60
48
39
40
55
37
40
49
24
31
56
44
26
51
45
42
39
30
62
35
51
29
34
51
67
51
28
24
53
44
62
52
19
47
53
44
39
40
27
31
43
51
29
50
49
59
52
31
51
24
53
41
37
54
60
36
31
37
64
38
52
36
48
33
34
66
34
52
50
53
47
33
64
38
42
28
41
53
22
28
56
31
56
41
25
43
36
47
32
42
53
54
48
35
31
36
48
23
56
24
39
34
34
48
30
34
38
45
40
53
46
56
51
50
36
33
54
51
75
40
49
36
57
46
53
31
40
60
25
52
31
51
45
36
27
43
47
44
44
40
50
58
38
44
14
54
65
44
61
44
46
38
29
51
20
45
31
27
30
34
41
49
23
40
59
42
48
48
48
50
30
28
47
36
39
38
59
28
51
45
52
46
47
54
55
52
55
46
36
52
15
44
44
49
32
32
46
58
42
28
33
43
45
46
33
42
31
37
29
36
55
47
42
43
48
44
56
70
46
47
53
30
48
39
41
44
52
49
53
32
28
44
35
60
50
58
33
52
53
57
34
26
32
40
61
46
48
40
52
35
43
35
23
62
30
47
36
40
34
57
40
33
52
29
47
25
50
48
30
32
35
55
25
25
40
37
54
33
21
27
47
50
40
30
41
29
52
35
30
36
53
38
36
57
51
39
39
46
45
32
29
48
48
57
27
29
28
38
48
50
30
37
56
56
36
44
36
31
52
45
28
33
37
43
16
46
52
53
31
41
41
62
27
54
57
57
38
32
36
