52
48
44
49
38
25
56
59
23
35
51
32
53
39
27
36
50
49
50
37
28
43
59
33
21
38
41
34
30
47
31
31
36
47
44
58
37
33
25
30
48
31
38
39
23
40
41
39
35
51
32
56
51
51
60
65
46
33
43
49
34
29
42
59
31
57
48
41
51
42
37
49
32
50
55
60
66
57
52
29
57
53
33
46
50
46
48
21
34
41
32
34
41
48
32
45
41
47
60
38
39
51
40
52
50
48
24
33
50
48
39
52
24
54
49
31
53
53
33
44
19
32
36
49
49
53
43
40
37
53
50
34
47
53
46
60
12
48
41
58
42
41
51
52
24
38
55
52
32
28
47
43
41
37
51
28
49
21
31
38
21
52
33
63
29
55
51
53
34
45
49
55
54
49
57
50
47
29
48
58
44
23
41
38
25
36
34
45
43
36
27
59
47
47
54
38
50
37
48
35
22
58
40
63
54
51
41
33
53
56
47
50
28
29
31
37
46
55
25
63
47
40
52
43
24
34
36
54
40
41
35
31
62
49
37
55
22
50
16
31
50
50
59
40
29
51
28
51
53
39
54
43
54
41
40
58
36
44
54
34
37
49
52
29
46
56
22
44
42
60
36
34
42
61
46
33
39
35
28
32
34
49
46
36
35
33
17
34
34
35
61
29
58
50
32
49
9
48
48
25
38
35
37
48
50
33
59
51
51
50
41
27
39
19
63
36
46
34
52
36
30
44
50
48
62
45
41
43
46
51
43
55
16
52
42
54
32
32
25
51
33
59
33
30
59
31
52
26
36
26
48
55
33
57
50
50
42
59
27
39
44
53
52
49
18
58
32
34
49
46
44
36
40
45
53
35
16
56
35
54
41
26
52
53
42
35
48
47
28
55
52
54
35
36
32
25
23
53
28
51
39
53
33
27
45
46
55
42
40
20
22
34
28
50
36
50
25
62
54
66
53
39
44
49
32
38
38
53
49
46
35
14
38
43
42
19
24
54
40
55
51
60
26
34
30
29
31
55
49
47
25
34
47
58
54
58
37
33
33
40
38
51
45
63
60
56
78
31
34
35
51
39
53
57
55
40
38
54
55
40
54
52
40
43
50
52
56
24
40
36
48
30
52
31
40
51
40
24
38
25
