35
29
47
58
49
35
61
34
34
57
43
40
37
33
34
53
23
45
35
22
50
38
50
36
29
47
37
39
26
20
44
47
44
46
31
56
38
25
69
48
55
35
46
33
51
41
34
47
41
27
52
22
58
57
34
59
43
48
53
36
30
43
38
42
58
57
59
56
43
41
31
54
25
37
40
56
32
49
49
23
43
25
35
49
39
40
33
26
40
41
25
45
35
49
34
33
38
57
25
49
34
24
48
36
64
40
34
59
47
43
49
27
44
51
32
39
51
28
40
28
55
49
28
57
47
41
28
47
46
46
58
41
50
49
34
52
38
43
39
29
50
32
49
60
38
56
54
56
38
52
47
76
69
37
37
38
31
32
52
51
64
52
19
45
51
52
44
25
31
50
38
32
62
47
44
49
49
52
53
43
68
48
44
39
34
46
21
26
49
49
43
32
46
47
43
52
34
47
24
51
49
57
48
26
31
61
70
26
54
50
53
41
29
39
60
60
18
37
38
47
50
47
50
27
24
30
58
27
48
46
30
27
45
38
14
52
43
49
55
27
19
40
36
49
45
48
66
51
47
57
41
35
56
41
31
59
28
50
61
58
46
30
45
61
25
37
63
61
50
45
46
25
32
39
57
41
49
35
26
30
31
26
49
46
44
37
49
35
31
53
31
54
33
64
33
41
62
56
25
38
22
50
39
67
31
50
35
52
37
64
47
50
34
61
45
44
79
28
32
41
32
51
53
17
31
58
42
42
63
51
50
50
66
38
55
49
52
47
49
52
34
28
28
53
55
45
34
37
31
33
49
22
61
41
47
36
42
32
29
50
35
35
45
47
30
33
49
42
47
40
36
40
35
51
51
28
55
36
65
32
39
27
62
48
32
45
41
39
31
46
31
55
56
49
22
41
53
31
28
28
59
31
34
41
21
45
60
54
49
51
50
28
42
35
44
59
42
28
40
43
60
41
45
33
46
42
49
28
53
30
52
56
56
37
23
50
40
55
29
33
29
36
32
46
51
53
38
37
51
56
40
31
42
47
41
33
35
37
54
70
34
58
35
49
48
40
35
36
55
54
35
41
34
35
33
39
52
48
59
29
44
46
53
50
57
34
46
41
56
55
43
23
53
47
47
58
31
32
38
47
