37
29
57
34
30
47
27
32
28
54
34
50
46
62
64
42
31
68
47
21
46
46
51
48
44
48
37
52
45
55
44
27
42
34
48
36
51
54
52
39
32
64
69
48
33
55
65
34
38
30
57
31
53
47
76
38
60
38
47
34
27
53
18
50
48
47
60
35
51
56
57
46
41
30
20
28
56
41
21
28
50
50
53
50
43
41
49
62
44
53
28
21
53
50
52
34
52
52
52
36
48
53
48
46
62
28
50
50
54
52
58
52
42
31
49
34
18
49
56
37
48
33
31
35
57
56
36
35
38
51
25
48
33
62
46
34
41
36
33
49
46
48
33
28
55
50
52
41
36
24
60
37
49
54
42
44
55
45
23
45
27
29
33
39
26
27
49
47
44
50
44
16
50
55
54
54
47
49
45
50
31
25
49
31
54
65
50
27
45
48
59
48
43
29
55
36
34
52
52
42
50
57
51
26
58
46
36
37
55
48
57
43
49
46
50
30
48
26
49
23
52
37
55
46
34
34
38
39
19
42
42
43
46
33
37
60
40
28
37
54
59
46
55
65
24
51
54
47
54
40
44
47
42
31
47
49
50
37
36
24
59
55
60
50
57
19
35
35
26
32
58
40
32
51
54
27
60
29
62
31
60
56
40
57
27
49
49
21
43
43
62
23
59
48
47
40
48
40
31
46
49
45
53
36
30
53
33
29
28
53
28
47
27
57
35
52
30
67
26
52
33
35
39
34
22
47
22
47
34
50
53
55
58
34
49
49
49
36
40
51
37
66
29
28
43
69
42
60
31
32
63
22
24
36
44
41
38
29
32
30
43
39
55
27
34
34
26
40
48
49
49
30
35
38
36
53
55
43
49
4
46
45
61
31
40
50
32
43
29
47
50
64
27
37
65
57
60
58
36
50
62
20
44
45
48
47
25
55
38
51
55
44
37
50
49
56
44
63
26
37
56
60
40
48
51
49
57
31
50
52
57
55
47
33
52
46
25
31
40
34
37
53
20
32
34
55
49
44
37
35
38
48
47
50
55
41
25
16
42
35
49
46
46
50
42
68
41
52
31
37
22
55
21
49
27
61
54
38
52
27
51
41
34
55
45
38
29
28
50
45
33
30
55
54
30
49
44
62
23
38
