42
44
31
23
44
36
55
29
56
59
44
52
31
59
52
38
30
60
48
40
52
53
23
24
66
21
39
37
50
52
41
34
31
40
47
55
43
47
27
42
27
35
28
44
51
43
48
51
46
58
38
19
32
26
62
38
45
59
56
47
29
52
22
49
43
52
61
56
48
47
45
47
36
38
37
43
31
53
32
48
41
45
51
50
37
51
70
33
42
31
58
54
32
33
14
51
47
22
55
29
54
60
30
63
27
33
32
42
60
40
24
52
48
15
58
36
36
38
17
34
47
54
31
29
56
48
62
34
26
50
49
48
48
50
35
49
52
45
50
54
26
34
37
50
24
64
52
52
28
56
41
48
25
44
47
23
36
38
35
55
52
65
47
54
23
39
22
65
48
38
27
35
33
49
27
77
43
52
32
44
64
52
32
31
47
24
32
47
48
57
31
53
62
46
32
54
38
41
49
57
41
34
37
37
52
26
53
31
33
53
44
38
56
42
21
38
32
33
47
41
38
64
53
53
36
35
56
49
19
49
75
47
41
54
29
60
45
54
32
43
47
47
13
40
23
49
59
38
52
64
59
48
60
40
34
61
52
31
32
45
30
50
66
32
38
51
25
48
72
48
53
55
64
30
47
21
24
32
41
44
43
40
53
36
53
40
38
61
51
37
45
45
38
34
28
33
46
45
31
34
36
30
48
44
27
38
43
49
41
43
40
50
54
33
33
45
61
59
49
53
72
55
40
47
33
54
37
45
34
40
44
36
43
55
33
34
43
31
56
32
22
56
48
42
48
50
45
43
59
38
51
50
35
47
32
37
32
44
49
41
46
37
50
48
11
47
25
40
34
37
45
62
37
32
39
39
61
50
40
45
51
45
31
39
30
35
45
38
27
60
47
59
47
56
53
41
57
24
48
47
48
38
25
37
50
31
55
40
43
51
34
55
45
39
43
60
33
28
52
28
70
34
43
45
62
20
40
32
54
38
43
43
27
51
31
37
45
41
39
15
54
50
38
48
17
51
23
50
45
55
41
58
42
33
45
36
34
44
55
60
56
55
49
40
38
37
49
45
47
56
59
53
38
29
49
45
48
39
59
51
46
31
43
64
35
51
39
55
30
36
30
25
51
28
31
43
50
48
28
52
