33
28
35
57
50
27
40
51
51
31
47
30
38
52
46
45
24
33
41
43
36
30
30
56
38
56
19
40
50
36
47
45
25
22
36
60
48
31
64
25
52
39
53
40
25
54
27
48
48
32
63
53
52
31
52
29
50
31
52
31
56
44
53
56
19
43
40
30
28
59
35
37
51
29
30
44
37
50
37
60
65
46
35
53
49
47
60
50
26
45
56
16
43
37
42
33
53
29
41
28
44
31
28
54
44
50
43
32
34
48
28
41
48
55
39
61
49
46
50
31
49
36
44
71
45
39
24
51
52
28
41
32
31
56
48
45
32
49
47
41
49
46
29
57
51
51
60
54
46
43
48
29
24
36
30
37
48
48
28
45
27
35
37
54
47
35
52
57
52
48
20
30
46
41
35
47
49
39
49
40
36
32
27
52
54
40
37
53
36
36
58
44
61
48
47
17
56
33
59
34
43
23
35
45
51
49
32
54
42
29
51
61
32
36
33
36
49
39
29
47
50
34
35
56
60
33
37
38
34
29
51
55
31
46
52
43
29
57
50
58
55
20
53
49
54
48
33
30
41
46
50
62
40
56
58
41
36
52
35
33
33
40
41
55
39
29
37
33
48
43
45
60
33
54
45
62
32
45
55
27
38
40
52
36
15
42
32
58
55
52
30
50
35
25
29
22
52
28
50
33
35
54
46
17
51
48
22
53
32
33
30
48
33
35
60
33
55
36
34
45
47
44
44
48
30
51
50
29
36
56
51
50
48
30
51
52
58
43
42
39
29
41
35
58
47
42
52
46
49
33
57
33
37
40
50
27
28
46
30
45
47
51
45
63
58
30
25
37
35
23
50
42
51
47
48
50
64
48
51
29
45
35
28
33
32
52
47
31
26
45
54
32
33
29
30
29
32
34
24
36
43
36
28
20
18
35
37
16
43
38
27
38
39
34
47
53
50
46
44
57
28
41
26
31
45
52
40
45
56
35
43
30
28
43
29
28
34
52
48
50
31
40
48
43
60
27
52
32
51
22
28
24
34
53
19
37
37
47
50
39
30
46
21
40
37
52
33
61
44
28
32
50
21
53
34
41
32
27
58
52
38
61
32
53
14
44
58
41
47
45
43
55
43
52
50
29
49
38
55
25
