55
44
52
25
38
64
49
23
53
29
50
30
40
23
46
19
34
50
46
39
58
53
37
55
23
37
15
45
17
56
59
17
63
49
31
47
38
60
41
51
24
52
52
59
59
48
36
33
32
51
50
47
27
58
29
40
33
44
23
53
29
38
57
47
33
19
40
33
46
45
46
52
44
29
42
62
48
57
57
59
37
59
63
57
39
46
44
53
38
52
50
50
51
54
63
47
21
53
50
37
50
46
47
43
33
50
35
29
51
51
52
27
31
45
38
43
46
49
54
35
30
32
23
44
22
45
32
49
28
41
45
41
42
36
31
60
27
38
69
54
48
32
55
40
31
39
19
21
53
46
33
59
31
33
31
47
45
59
57
28
58
49
35
55
34
28
50
59
37
22
36
30
55
36
55
48
62
17
58
36
49
36
38
49
42
35
65
48
31
49
55
29
69
34
28
31
29
57
45
42
19
50
30
52
36
50
47
39
30
45
27
53
15
33
53
39
41
24
53
39
56
34
42
37
32
52
34
76
33
43
27
50
49
60
51
33
32
38
28
31
35
53
46
34
32
36
46
47
50
51
36
33
50
58
54
32
60
38
48
37
42
39
16
40
47
23
36
52
54
46
60
26
32
37
25
23
46
29
54
26
27
61
34
33
48
59
49
47
33
28
49
22
19
43
53
53
51
36
55
32
28
58
39
54
48
29
45
26
31
42
35
55
40
31
47
54
57
30
54
27
45
29
40
66
50
56
43
35
28
66
57
50
53
52
55
52
37
21
35
31
32
30
31
53
32
28
42
29
29
60
48
36
61
50
27
28
42
32
59
37
50
43
46
33
48
56
47
41
45
44
21
55
59
36
47
47
49
50
57
41
50
48
47
42
35
55
46
35
52
40
48
54
18
47
50
24
34
45
28
37
50
37
23
50
23
44
53
29
30
15
36
29
36
28
46
50
27
48
34
35
44
29
61
32
31
54
67
32
37
45
40
25
42
35
57
52
46
30
33
49
31
47
57
42
23
48
46
30
57
34
52
24
67
40
35
50
49
57
48
26
51
65
53
53
29
15
48
45
25
49
37
48
32
63
41
26
31
49
51
35
29
62
45
53
36
47
46
36
52
25
48
29
62
50
33
21
27
29
32
47
