51
59
48
50
63
34
33
42
30
49
31
48
41
48
35
52
51
51
46
44
39
44
45
33
37
35
47
53
52
52
41
51
55
29
51
53
33
42
44
49
43
27
38
50
46
30
29
43
40
38
41
41
56
37
37
59
48
54
34
36
27
33
34
32
40
28
47
55
29
37
54
21
52
53
50
37
51
51
41
64
30
30
32
42
43
41
29
36
62
58
32
43
47
52
28
49
18
49
47
58
30
28
50
68
28
39
36
28
55
51
38
58
50
35
58
29
58
57
46
51
38
41
30
51
52
59
63
60
57
28
53
42
38
55
29
38
56
29
48
28
49
33
55
53
31
35
41
34
51
33
39
49
26
56
30
41
42
41
80
54
52
49
40
35
50
37
55
39
34
42
67
59
41
36
53
33
22
38
26
47
49
53
30
29
50
64
36
34
33
55
35
68
52
54
31
38
50
30
23
31
44
66
31
28
23
52
48
28
52
47
46
46
38
51
52
41
28
39
64
42
50
35
48
56
34
51
44
55
48
38
53
55
29
36
54
34
52
27
52
58
39
54
39
31
36
23
54
40
52
34
42
48
47
28
32
34
53
46
40
40
55
36
33
52
50
33
33
25
53
56
48
57
46
40
37
55
52
41
44
55
19
15
40
45
35
51
36
42
51
42
17
44
48
29
36
50
23
19
30
24
48
33
37
31
61
52
45
37
51
55
53
37
55
50
49
35
33
41
32
33
37
42
57
35
35
47
53
54
29
36
31
47
48
60
48
53
49
47
42
41
30
48
55
53
52
45
45
40
48
49
26
50
48
49
33
32
62
59
51
23
53
30
72
43
70
60
31
37
40
38
42
47
47
56
26
36
33
22
33
48
38
60
50
50
33
31
54
40
30
31
48
65
43
51
33
53
52
28
43
58
42
70
45
56
32
43
49
37
57
50
52
44
41
38
44
22
37
44
56
36
34
36
29
50
60
24
37
57
48
56
52
32
55
46
39
50
44
44
51
52
32
43
59
53
47
53
49
57
40
52
50
28
37
48
58
46
49
42
52
31
47
42
51
38
50
47
39
25
44
16
26
41
42
38
28
22
37
49
47
48
49
60
42
16
52
15
62
21
38
32
48
50
52
53
51
47
52
23
33
49
