39
44
36
29
21
43
31
36
47
43
49
30
21
31
32
36
35
48
38
54
77
54
52
46
59
38
53
63
43
33
48
43
51
69
51
58
53
41
55
22
64
46
58
61
46
43
53
36
51
31
38
20
40
30
32
51
37
38
38
26
33
51
55
32
50
62
23
41
55
39
18
59
50
52
57
37
54
42
42
51
48
27
52
38
70
43
36
37
45
27
46
60
67
51
33
47
32
45
64
50
47
34
54
33
18
47
29
62
20
34
36
41
50
32
42
40
58
38
32
24
55
54
49
40
49
50
14
27
52
45
55
30
52
38
38
29
52
46
28
53
38
46
40
36
61
21
36
65
44
34
24
28
49
22
58
38
31
59
55
49
48
28
44
58
33
49
66
21
49
60
19
48
44
43
27
59
52
19
41
37
53
41
47
32
25
51
48
49
50
44
13
37
52
39
33
59
17
19
34
47
29
47
49
29
31
39
56
56
33
46
35
34
57
53
38
54
52
29
60
36
47
34
47
36
49
36
50
48
50
39
38
41
55
29
41
47
50
49
50
59
29
20
53
31
31
43
37
53
49
57
53
55
53
39
41
30
33
33
39
48
42
52
45
47
37
57
33
37
44
36
50
29
43
54
33
27
52
65
55
64
66
33
54
31
49
38
32
27
28
55
30
47
27
47
48
64
25
57
40
5
21
52
64
51
50
58
27
37
51
44
57
52
41
30
50
49
30
60
40
50
53
37
56
21
49
50
40
49
62
18
56
39
32
50
41
29
39
22
60
25
38
35
48
36
45
50
29
39
43
45
29
40
25
33
46
49
50
56
57
40
51
34
51
39
32
42
28
23
29
51
41
36
37
30
54
50
29
43
47
51
25
26
27
40
52
41
25
32
50
57
49
52
58
50
49
38
16
30
51
33
47
37
28
47
51
21
32
57
58
57
54
44
35
69
43
27
47
52
53
43
45
32
33
27
21
68
53
37
48
30
37
43
54
31
32
36
49
52
39
38
45
47
30
48
59
29
53
22
35
33
55
43
41
55
38
31
47
46
34
49
56
53
67
58
46
55
51
48
41
40
38
52
57
49
24
55
49
43
51
51
35
30
56
42
57
33
47
35
32
29
56
53
50
55
32
53
51
51
41
34
