33
61
38
51
29
20
33
31
51
62
27
50
54
25
29
22
38
32
47
52
26
56
32
62
32
35
43
34
35
52
30
37
51
49
35
44
49
33
20
47
46
26
53
29
47
44
51
36
43
34
50
41
34
50
27
52
67
37
43
54
40
35
29
35
48
34
61
44
47
33
44
51
53
40
29
53
64
47
27
48
48
39
38
47
31
56
48
48
43
45
34
58
53
42
58
41
44
13
61
32
43
25
43
44
37
64
56
31
40
34
27
45
39
18
61
45
37
30
38
35
50
46
43
36
51
42
46
57
35
50
55
59
34
33
42
57
37
41
37
68
38
35
49
55
33
47
69
37
40
32
69
37
19
48
49
42
36
28
14
46
44
50
50
42
42
48
52
63
43
35
55
48
32
38
43
55
35
50
24
27
48
40
30
33
50
29
32
49
50
46
51
51
44
23
37
52
52
48
23
42
28
28
41
74
28
43
48
37
38
36
27
38
30
39
30
49
56
42
44
39
28
13
33
32
23
44
55
50
47
50
12
41
53
43
59
25
29
18
31
33
19
64
47
48
43
35
40
27
36
28
31
53
53
55
53
59
33
41
38
54
32
35
58
48
46
44
42
38
49
57
17
37
50
31
52
46
38
58
59
43
23
48
29
28
38
58
31
36
25
47
46
50
26
71
44
44
47
34
47
48
49
31
37
50
35
34
66
35
54
59
39
22
44
51
57
47
36
35
44
53
42
73
33
35
40
31
55
42
60
34
52
51
66
45
59
29
70
30
24
37
50
47
47
43
24
22
31
43
40
50
38
52
44
39
45
45
29
54
43
40
55
34
57
33
55
23
34
31
47
33
55
55
30
53
33
47
45
75
29
28
27
23
44
31
33
45
31
32
30
55
48
32
42
32
56
51
50
32
45
43
39
30
30
37
49
25
57
46
66
42
46
37
46
56
44
47
57
33
56
60
33
41
43
16
61
53
65
37
54
53
31
53
33
38
60
43
41
45
50
59
45
54
32
31
37
41
36
48
65
45
41
30
59
38
52
37
57
42
45
37
40
24
42
41
57
30
61
43
49
51
42
51
52
52
51
50
48
46
50
30
41
24
30
47
56
23
41
34
59
40
45
48
57
30
46
28
32
40
42
25
