46
34
53
52
47
47
72
31
56
32
58
52
35
58
43
50
31
48
34
34
49
8
23
46
36
37
53
47
27
38
33
48
57
46
49
52
27
50
31
48
51
30
16
44
46
54
16
48
32
38
49
39
51
67
54
49
36
59
55
52
56
49
53
47
46
46
32
46
51
33
19
25
63
60
56
39
42
73
64
49
22
45
51
31
55
28
50
37
46
50
38
52
41
59
30
35
52
44
47
14
60
46
41
28
28
36
59
30
52
46
31
52
36
49
30
44
25
35
30
62
45
45
28
48
52
36
48
36
50
45
37
33
56
50
46
30
16
54
31
33
52
51
59
27
31
48
30
59
49
69
54
38
26
37
52
38
11
40
40
47
51
37
38
33
46
37
40
32
20
48
56
45
35
34
50
55
52
33
67
34
42
33
30
24
56
28
49
45
56
30
55
32
42
29
47
36
49
57
40
56
52
48
34
52
40
57
33
30
44
54
37
58
23
56
45
28
27
43
50
48
34
67
30
48
35
56
21
37
52
60
46
75
34
40
38
55
49
53
50
46
54
29
30
36
53
51
34
55
52
51
27
50
55
48
64
39
23
57
34
44
44
60
32
40
38
57
44
30
28
35
48
58
28
60
32
32
69
47
32
33
44
54
49
48
42
45
29
48
27
35
44
53
35
53
55
39
41
36
51
38
46
58
44
32
50
25
33
48
40
46
27
35
70
31
38
43
39
37
24
50
26
36
27
46
47
53
52
28
32
45
30
47
53
53
18
59
57
36
61
44
45
4
50
20
32
44
25
55
33
33
47
53
39
43
36
50
54
57
52
55
53
38
33
39
47
49
25
55
56
27
55
60
53
47
35
31
44
59
34
38
33
22
48
38
29
49
59
38
28
4
54
35
33
37
56
65
45
51
41
42
58
52
57
36
39
31
43
45
46
31
35
21
36
38
52
47
41
37
51
42
42
53
49
19
45
37
42
50
50
58
42
53
28
51
45
22
58
66
50
14
34
42
30
57
42
52
30
34
57
47
53
23
40
48
48
36
48
49
62
40
56
48
37
50
36
47
28
63
39
30
49
50
46
20
19
66
42
53
34
35
27
52
26
59
28
43
33
63
39
33
37
28
51
29
45
37
43
54
47
53
