47
36
55
44
52
27
20
65
58
43
55
48
34
37
49
53
27
53
57
32
52
58
39
46
33
57
46
52
32
59
49
44
20
52
51
46
31
54
25
49
57
54
45
45
55
35
33
65
42
34
52
45
43
50
58
39
48
49
39
44
49
31
37
43
43
47
49
35
25
47
27
36
45
34
63
46
44
57
31
52
45
36
55
52
52
30
38
50
53
52
38
56
33
46
39
30
47
35
57
62
66
49
37
54
42
38
36
38
52
34
37
58
60
31
37
42
28
58
45
53
55
40
37
45
39
42
35
46
39
26
31
42
40
55
9
37
42
50
48
28
20
47
48
62
24
55
55
47
59
65
47
30
38
59
30
50
55
44
41
28
53
28
28
30
38
51
27
30
53
46
43
46
65
52
61
34
46
56
41
31
39
62
44
34
42
63
38
57
51
31
62
44
28
53
51
42
46
51
24
31
34
45
44
53
49
26
41
29
39
37
50
53
47
59
57
57
48
55
63
51
25
49
27
44
39
36
27
58
51
52
35
31
54
52
37
32
34
51
50
27
55
45
30
51
32
33
40
43
55
50
44
42
30
53
51
40
24
62
43
60
52
17
53
44
34
38
26
32
45
47
48
55
38
40
59
56
59
33
54
39
54
56
48
45
59
30
39
46
19
52
51
24
54
50
39
52
54
56
63
65
17
56
17
42
39
42
52
30
47
31
21
59
29
51
32
52
68
55
32
44
50
43
54
48
51
48
20
28
36
51
53
44
36
40
49
48
27
29
42
43
43
26
36
44
39
53
48
28
24
31
40
31
53
53
54
54
39
44
63
36
49
48
46
80
38
52
53
52
31
61
46
33
33
42
30
45
49
29
27
65
34
48
49
51
37
43
36
35
32
41
44
48
30
49
55
28
38
51
48
30
53
56
39
67
41
54
40
50
59
31
38
59
39
39
36
48
35
16
49
37
48
63
51
14
32
52
24
13
58
45
31
33
37
60
34
53
59
59
56
47
34
40
19
40
48
43
44
49
37
11
63
55
63
31
62
27
31
40
34
56
27
35
43
37
30
41
41
21
56
55
61
52
28
57
29
41
31
41
61
41
34
40
47
36
41
52
38
55
56
50
48
45
50
51
53
47
18
54
14
26
