27
33
45
38
35
30
35
30
24
38
34
41
32
26
42
19
17
19
41
32
22
16
49
41
44
21
32
47
23
25
34
33
28
35
22
23
12
18
20
36
50
38
34
18
37
42
50
34
50
28
33
40
21
26
31
26
26
32
31
35
47
38
34
36
42
34
17
26
39
31
30
25
26
35
31
35
24
48
27
26
26
36
40
41
23
37
19
50
44
36
37
28
36
45
32
48
54
38
11
36
43
33
38
20
29
28
47
34
24
39
32
33
44
37
43
18
44
25
17
27
35
49
42
32
37
37
30
5
45
24
37
28
47
25
54
33
41
14
23
30
41
46
37
51
41
26
31
18
38
22
19
26
19
48
41
37
50
33
44
42
23
48
33
30
24
28
37
39
48
52
36
41
33
33
32
28
25
41
20
38
29
25
22
39
27
37
42
55
52
21
41
45
48
47
31
35
35
28
30
36
25
20
44
22
29
24
30
21
36
18
37
28
44
34
26
35
26
43
52
21
33
22
19
32
16
42
37
56
38
27
36
24
55
17
45
12
46
14
36
44
39
39
40
36
35
50
37
19
22
32
36
32
38
41
31
30
38
37
42
35
46
37
32
35
35
29
37
31
26
35
35
38
39
30
30
37
36
43
36
26
36
40
35
38
22
39
32
33
33
35
27
35
38
33
29
34
25
36
43
27
32
39
31
28
23
28
34
28
30
36
43
29
30
31
37
32
30
31
33
36
45
34
35
34
39
36
30
31
41
37
35
39
35
24
36
44
40
34
33
28
27
30
32
27
30
46
35
39
28
30
34
37
34
34
36
34
32
27
31
37
38
38
33
31
35
40
29
38
36
27
23
29
25
34
46
45
33
35
35
31
38
36
33
23
43
31
37
30
30
25
31
37
41
37
32
31
31
23
33
36
36
27
30
36
33
30
29
31
40
38
28
43
33
29
39
36
31
28
31
37
29
31
29
38
30
41
44
31
34
37
37
21
36
35
33
26
30
28
31
28
32
40
31
40
36
26
35
25
31
32
30
27
35
28
28
35
37
37
28
46
35
29
30
30
30
42
40
40
39
33
37
24
38
31
26
37
34
35
36
37
31
38
27
29
32
32
28
26
23
33
34
25
38
22
41
33
24
24
37
36
