36
61
23
49
20
56
52
38
53
50
36
70
49
37
28
28
53
42
32
54
48
57
57
58
33
53
54
44
50
48
53
50
44
17
47
26
45
46
48
38
35
46
23
21
40
61
21
27
51
13
64
47
33
56
27
34
36
58
49
65
39
48
41
37
34
46
35
31
58
38
49
35
31
29
34
48
35
37
35
67
23
31
34
38
44
51
39
56
33
40
30
49
49
23
73
33
28
34
55
45
55
18
26
73
62
39
45
22
33
53
55
26
33
48
68
36
48
27
48
28
41
32
42
48
57
51
66
43
44
53
41
48
34
55
58
26
31
35
38
46
33
49
33
51
48
55
56
45
60
30
32
27
61
44
45
45
34
36
61
49
54
41
49
33
39
39
34
32
38
34
47
37
34
24
45
59
61
25
62
44
40
48
49
36
57
51
58
51
50
43
45
59
48
37
33
30
51
35
46
51
49
56
51
45
56
50
35
32
38
12
51
25
45
50
26
45
49
35
34
27
30
57
52
57
43
57
42
35
52
54
37
25
36
55
22
51
41
37
60
63
36
45
32
47
46
61
53
45
53
46
67
50
54
65
35
24
53
57
51
59
36
59
46
52
39
41
56
39
51
49
35
45
32
24
52
45
47
40
50
49
24
44
48
53
43
41
46
23
48
25
27
36
58
42
59
25
42
45
32
50
54
47
29
37
46
34
35
50
36
34
34
47
48
49
53
26
53
52
58
56
52
48
59
41
52
36
20
30
33
35
45
16
31
32
29
34
49
35
29
48
43
43
41
45
34
46
21
31
49
40
49
52
36
56
38
26
48
54
41
28
57
54
35
32
30
52
34
44
39
37
52
28
37
48
28
32
52
38
54
43
67
37
35
31
21
29
51
45
45
40
56
31
43
37
30
31
28
51
38
53
41
50
57
9
34
39
31
32
55
51
42
54
44
33
28
38
50
40
49
53
37
53
35
30
55
39
31
53
37
29
25
56
38
43
50
52
61
28
32
33
41
42
39
37
38
36
23
46
37
58
27
35
47
44
54
37
39
31
54
47
37
58
33
48
25
47
46
52
48
73
58
24
33
25
33
49
32
49
40
44
16
45
40
49
44
43
41
57
54
35
36
49
42
47
35
31
48
37
59
31
