60
37
51
48
53
22
51
37
53
54
35
52
55
47
50
54
29
35
50
48
66
31
53
28
30
43
51
33
53
33
53
22
52
49
48
34
32
41
59
35
54
49
57
24
33
11
53
36
50
44
50
36
33
32
41
34
46
45
39
54
42
42
64
52
57
58
37
29
51
39
33
31
38
54
57
47
27
31
40
29
31
34
27
30
40
43
38
52
45
48
23
55
31
45
31
56
32
37
33
30
29
51
59
44
51
55
55
45
47
44
59
52
47
45
55
49
52
56
37
25
40
41
34
52
31
52
49
32
52
29
49
35
39
33
26
50
35
33
36
41
53
50
34
47
50
14
53
22
41
35
44
33
50
32
49
51
34
52
52
37
40
49
49
57
45
50
51
44
37
51
50
46
48
45
33
64
51
54
53
59
51
37
47
49
49
56
54
37
30
31
32
39
49
52
29
65
70
45
58
49
30
29
63
50
37
57
46
44
29
31
39
63
44
55
33
57
48
26
59
49
14
53
40
39
49
33
34
48
31
57
37
31
48
52
34
53
41
46
61
34
42
50
62
52
50
42
27
43
46
62
55
38
28
48
38
29
48
46
49
34
50
52
36
53
34
29
65
37
38
32
40
55
32
36
29
55
42
28
56
64
37
51
50
28
52
49
30
52
30
52
55
45
29
33
45
33
49
52
69
55
31
35
54
39
24
51
49
48
49
23
61
34
27
23
53
42
52
42
29
58
47
68
42
41
48
41
34
46
54
34
49
50
51
33
53
48
46
59
41
24
57
50
47
51
55
49
48
42
52
51
31
23
39
54
30
31
53
49
24
58
46
17
34
55
46
38
54
32
51
50
30
50
56
59
24
55
48
47
56
33
32
57
34
47
29
53
52
58
54
38
36
29
41
34
35
25
46
36
32
56
36
49
43
55
64
59
19
47
26
20
32
50
26
47
34
37
42
47
18
35
65
59
47
30
38
51
45
22
52
48
33
35
48
43
24
46
48
56
52
53
53
25
16
45
56
56
43
46
40
50
53
52
43
35
47
51
27
42
60
34
34
54
45
36
27
45
44
55
25
63
49
49
33
35
46
43
34
54
36
54
40
41
48
50
51
41
34
42
54
36
22
29
46
34
55
54
50
53
34
43
