42
46
18
38
44
33
44
36
55
56
59
44
50
52
59
31
27
52
60
48
40
52
41
26
53
15
66
39
37
50
52
29
22
30
41
47
34
55
31
23
36
29
31
47
44
51
43
48
51
46
38
30
23
24
58
21
62
45
59
34
56
29
31
40
43
52
52
61
56
48
27
47
42
27
35
47
28
38
19
43
32
26
53
48
38
51
50
47
51
22
70
42
49
43
45
58
36
38
54
37
51
55
31
54
32
41
45
60
63
42
37
60
40
33
52
31
32
33
14
47
48
58
47
54
31
29
56
22
29
30
48
62
50
49
27
48
48
50
49
52
33
32
24
45
15
50
54
50
36
64
52
52
36
56
41
38
17
48
34
44
47
34
38
55
26
35
26
52
65
34
37
24
28
47
25
54
23
65
36
48
49
35
23
39
77
22
38
52
44
64
27
35
52
47
33
47
48
27
57
62
46
43
54
32
38
32
49
31
24
57
41
32
37
31
53
52
32
41
53
34
53
44
56
38
37
26
47
31
33
38
64
53
38
53
42
56
49
49
21
75
47
54
32
60
33
45
54
41
43
47
47
40
49
59
52
64
59
36
35
48
60
40
34
19
41
61
29
52
45
32
30
13
23
38
50
31
32
66
32
51
48
72
53
38
64
47
32
44
25
43
40
53
48
55
30
53
40
38
21
24
41
36
61
37
51
38
34
45
28
31
45
33
46
34
36
30
45
48
44
43
49
40
27
50
38
54
41
61
43
33
59
33
49
53
45
40
72
33
55
37
34
47
40
54
36
33
45
44
43
34
31
55
32
43
22
48
50
56
56
38
42
48
45
43
35
59
32
51
37
50
47
44
49
32
41
11
25
34
32
46
37
50
50
40
48
47
40
37
31
45
62
37
39
39
61
45
51
39
45
30
35
27
24
38
45
25
38
60
47
59
37
47
56
31
34
53
39
43
41
33
57
28
48
47
48
28
34
20
50
55
40
40
32
43
43
51
27
31
45
41
55
45
60
39
15
52
48
70
43
45
17
62
54
23
38
43
41
51
37
54
50
38
51
50
33
34
45
55
58
38
42
45
36
44
55
60
56
37
55
49
40
49
39
45
43
47
35
56
39
59
30
30
53
25
28
38
31
29
28
49
