41
54
28
37
37
49
43
45
41
45
59
27
57
49
32
32
26
66
30
47
57
53
47
51
44
42
48
26
31
51
46
35
52
37
56
31
49
45
55
22
33
40
41
54
49
38
41
48
40
58
14
50
53
49
46
48
43
50
41
36
47
40
22
32
49
29
54
45
36
40
42
51
33
55
51
39
57
46
34
32
51
53
20
40
52
47
36
31
51
7
34
59
45
63
55
20
43
20
51
20
44
57
29
34
58
37
38
35
24
40
52
55
39
54
64
50
63
49
48
47
50
51
34
36
40
27
54
49
57
29
49
24
64
40
37
54
30
22
47
59
30
46
52
59
42
24
30
39
28
36
36
43
56
38
38
52
39
24
48
51
51
62
40
48
50
62
36
50
64
54
55
47
45
43
34
47
62
54
56
34
30
37
62
46
38
59
54
52
31
33
41
38
42
32
32
51
56
52
43
38
32
35
48
50
44
31
46
36
35
49
62
45
78
53
22
52
30
66
44
53
47
53
39
20
19
30
37
28
35
23
42
57
21
28
50
53
51
35
43
35
51
49
46
52
39
50
58
61
19
51
44
61
22
28
33
56
50
40
42
48
29
48
39
39
60
25
48
52
25
49
51
17
36
58
46
66
33
29
37
56
48
55
55
42
49
37
62
36
31
32
30
38
43
61
38
50
33
44
43
37
40
57
43
41
14
57
45
45
46
42
26
52
35
45
43
32
51
56
33
24
32
36
47
40
58
43
47
57
34
40
64
55
51
52
52
40
33
42
45
31
35
48
31
40
28
38
49
29
43
58
39
53
37
46
33
27
37
36
52
60
38
25
31
51
28
41
56
53
54
51
44
52
26
51
23
39
36
62
59
17
39
50
54
19
27
56
29
48
41
33
49
61
61
65
52
63
47
57
24
39
29
32
35
58
28
50
35
51
31
45
60
39
31
34
50
34
49
55
58
49
44
60
23
29
32
42
44
71
51
31
41
33
51
53
38
52
50
35
57
26
51
61
31
25
65
52
53
39
37
24
36
49
54
23
8
40
38
74
45
60
45
38
14
33
30
49
25
37
32
41
60
53
40
48
56
47
46
37
50
51
54
60
36
53
32
53
52
39
45
15
35
28
38
32
36
30
47
48
14
29
