29
63
57
24
38
35
45
41
51
45
58
54
20
45
31
47
6
44
41
63
35
25
61
53
48
30
53
36
31
40
27
46
60
28
34
47
31
25
53
38
48
18
14
48
51
45
39
30
59
73
50
37
50
48
29
38
63
43
52
51
49
41
52
68
55
58
32
38
29
53
53
47
39
44
53
36
50
43
28
27
42
45
47
54
31
34
47
32
52
35
50
36
42
34
37
53
35
48
32
55
49
37
57
49
35
29
35
54
48
36
49
33
45
35
57
45
44
34
50
63
54
30
45
43
31
50
29
51
57
58
36
41
24
49
36
38
32
34
56
51
36
28
60
36
45
65
27
45
26
34
29
49
31
45
48
52
50
59
56
24
53
36
49
52
33
37
35
41
50
46
58
36
36
38
9
51
52
46
33
44
23
48
26
53
28
37
29
67
27
52
58
55
30
27
43
20
33
52
34
41
53
23
44
36
50
68
35
36
53
39
44
32
51
17
35
30
34
28
56
46
28
33
51
29
43
44
47
28
16
36
45
57
47
28
52
19
30
52
51
22
27
34
33
46
48
54
47
55
25
46
27
22
35
31
48
39
29
42
36
51
34
38
54
38
54
45
31
51
30
42
27
60
39
49
36
31
35
35
42
50
19
28
50
35
52
32
54
57
68
55
44
52
36
36
47
34
54
26
48
62
28
47
55
33
17
54
38
46
49
40
9
46
34
60
29
51
52
29
65
45
39
47
32
27
40
28
54
21
47
50
31
36
52
31
48
42
32
54
52
55
52
56
45
47
48
48
32
36
41
20
50
51
34
40
27
18
45
41
28
52
46
55
30
29
44
57
54
56
31
47
26
40
52
41
57
21
35
64
42
58
47
50
36
52
35
52
55
50
23
49
63
53
39
60
60
38
48
50
51
49
37
46
24
58
47
65
51
58
47
23
39
56
32
33
36
32
47
53
41
55
31
28
31
60
52
50
17
24
45
48
57
41
34
65
41
48
38
48
24
33
31
49
57
25
30
47
55
27
46
56
54
41
55
37
50
44
49
55
57
39
33
48
37
42
33
49
40
35
59
52
60
51
56
30
49
57
28
40
40
41
43
15
50
50
72
16
33
21
49
31
38
58
34
27
55
53
31
17
30
36
