35
52
41
26
34
45
52
59
57
58
53
32
48
36
50
43
40
47
52
17
51
48
52
48
35
34
50
44
30
53
37
54
34
57
34
52
50
30
43
33
42
55
71
54
49
57
32
43
29
54
43
39
30
51
51
59
57
46
55
58
41
51
31
41
29
57
45
57
33
55
27
36
31
30
28
49
45
54
54
60
28
38
56
17
36
66
34
54
29
21
52
46
46
57
57
60
53
47
33
31
34
38
43
51
47
43
57
47
58
44
35
42
34
31
53
40
63
60
19
30
52
42
53
40
39
32
49
32
29
39
38
48
19
30
46
24
40
48
45
52
35
52
33
63
58
53
17
50
34
35
64
52
44
18
35
30
32
34
37
33
68
46
45
43
56
57
51
26
55
48
43
25
33
43
39
42
62
39
47
18
57
52
40
34
48
29
51
33
36
48
59
47
52
48
31
49
55
54
38
40
47
49
50
35
29
50
47
35
29
9
52
48
37
53
48
70
52
51
58
51
49
28
24
44
26
57
55
57
28
49
53
44
44
56
41
57
41
27
31
32
55
41
50
38
49
45
29
47
49
34
30
52
56
40
51
58
48
26
61
56
35
51
47
56
40
54
49
34
25
62
37
38
44
59
45
56
52
52
31
46
15
51
37
49
44
47
50
35
41
27
31
51
52
45
27
28
57
58
50
27
48
27
57
26
31
56
50
51
49
45
37
46
23
29
37
47
47
33
58
53
53
40
51
42
30
58
38
25
52
27
47
48
50
52
45
47
27
30
32
39
67
61
50
46
44
49
58
46
36
46
52
31
49
53
49
27
46
44
33
38
57
61
29
39
35
26
48
29
57
51
37
41
60
39
54
36
53
38
40
39
34
56
47
50
45
65
41
60
47
44
52
31
36
21
61
33
27
34
50
48
34
64
52
32
32
33
32
45
53
29
49
52
42
49
36
31
32
31
56
61
44
46
32
46
31
62
24
49
50
58
60
33
47
48
51
32
46
59
57
35
50
59
46
53
39
27
59
52
51
40
52
37
31
59
49
55
40
55
35
20
49
37
52
62
20
30
49
40
32
35
46
59
50
31
30
25
35
58
33
51
55
51
15
41
66
48
59
47
9
36
64
52
14
45
42
57
33
28
52
36
