46
34
53
52
47
47
72
27
56
38
58
52
33
58
43
50
27
31
51
30
49
16
32
46
36
38
53
47
39
36
46
48
57
46
49
52
32
50
33
48
19
25
22
44
46
54
16
48
45
31
49
28
51
67
54
49
50
59
55
52
56
49
53
47
38
46
30
46
51
14
46
28
63
60
56
39
42
73
64
49
28
36
51
30
55
31
36
37
46
50
30
52
41
59
25
35
52
44
47
35
60
30
41
45
28
36
59
36
52
46
37
52
33
49
30
44
16
31
33
62
27
45
31
48
52
30
48
38
50
45
26
37
56
50
46
11
40
54
38
33
52
51
59
32
20
48
35
59
49
69
54
52
34
33
38
40
34
33
47
51
37
46
30
24
37
40
48
28
30
56
45
50
32
29
55
52
67
42
56
36
49
40
33
44
45
54
56
55
42
23
47
28
49
27
57
50
56
52
34
48
34
52
40
57
30
37
30
58
35
21
56
45
34
43
48
38
46
67
29
48
30
56
36
37
51
52
60
46
75
40
55
49
34
53
27
50
54
53
55
39
52
23
34
44
51
50
32
55
48
64
40
57
44
60
57
38
30
44
35
28
28
48
32
32
33
58
60
48
32
29
69
47
35
44
44
54
49
42
39
41
45
48
27
53
35
53
36
55
51
32
25
38
46
58
44
33
48
40
50
46
70
43
39
27
26
46
35
31
38
47
37
24
53
50
36
52
45
27
28
32
47
30
53
53
59
57
61
18
36
44
4
45
20
50
32
44
55
25
47
50
54
33
57
33
53
52
39
55
43
36
53
33
39
25
27
38
47
49
55
56
55
60
35
31
53
47
38
44
59
33
34
48
49
59
22
38
38
54
56
29
28
4
65
35
33
45
51
42
37
41
58
36
39
31
52
57
43
45
46
35
52
47
41
31
21
36
37
51
42
38
53
42
19
37
49
45
50
50
58
53
42
22
58
42
66
28
51
50
42
57
45
42
14
34
30
52
57
47
53
30
34
48
23
48
36
48
40
40
49
62
56
36
28
48
37
50
47
63
49
39
50
66
42
53
35
52
59
63
30
46
51
45
20
19
34
43
54
47
27
53
26
60
28
62
43
33
42
48
39
33
37
28
58
29
44
37
54
53
53
64
