54
46
72
67
45
42
61
55
36
47
43
58
44
59
48
57
52
52
49
47
56
50
55
35
65
57
66
37
68
47
46
47
51
47
56
43
44
42
47
30
52
68
63
60
32
41
74
57
58
40
40
52
49
43
60
55
47
51
59
47
58
53
50
39
47
50
48
51
60
77
59
67
38
56
55
48
55
57
57
55
40
54
65
72
44
48
62
52
41
64
54
55
53
51
66
64
49
58
49
34
36
49
46
55
64
53
36
63
42
62
57
49
56
39
65
51
44
44
54
59
41
48
49
39
42
51
50
63
51
46
49
48
52
44
61
62
54
56
59
33
48
45
51
52
25
35
60
47
66
37
60
64
49
48
42
42
51
43
59
44
50
52
60
42
47
52
46
53
49
41
48
45
54
61
57
60
49
54
58
57
56
51
42
68
49
47
52
41
63
31
47
60
62
55
56
56
34
52
61
42
54
50
74
67
53
55
59
47
55
59
45
53
41
38
55
43
53
50
41
41
65
50
37
49
50
52
28
50
55
50
53
39
28
46
55
53
46
45
44
30
34
38
38
61
38
63
52
29
76
36
59
50
53
45
52
58
47
51
47
50
52
58
46
60
51
52
36
47
50
57
49
49
47
48
49
48
48
53
51
52
52
49
52
60
58
47
50
51
55
49
59
51
45
49
55
52
49
48
48
54
40
49
44
44
53
52
48
45
57
56
48
54
56
54
49
50
52
51
52
51
57
56
52
43
46
59
59
56
39
44
49
49
53
55
51
49
45
45
43
52
60
45
46
55
50
41
44
49
56
55
55
54
48
51
45
50
59
48
59
47
62
50
49
39
52
49
46
48
58
52
56
50
57
59
46
45
58
52
52
52
46
46
48
42
47
53
55
47
39
41
43
41
45
45
51
51
48
52
52
51
45
48
57
52
45
50
46
50
46
53
44
46
48
50
47
50
50
38
52
42
48
53
51
52
47
42
55
50
49
50
45
51
52
52
53
51
57
54
61
53
48
57
48
54
52
45
51
58
55
55
55
51
57
56
49
38
51
60
54
55
39
53
52
44
52
51
48
55
43
52
45
40
52
51
51
43
48
41
50
52
55
56
52
44
52
54
50
51
51
43
50
53
44
42
61
55
50
41
41
44
