42
45
27
52
50
36
32
42
34
41
50
40
44
31
33
16
40
60
42
61
23
39
29
27
41
43
56
33
49
65
58
49
40
45
46
55
43
47
54
36
49
34
52
32
51
37
33
21
14
27
42
49
51
33
44
49
32
31
49
40
50
24
32
47
29
47
40
26
57
54
52
52
31
32
37
30
51
41
24
44
49
33
41
25
53
48
47
51
34
42
52
40
35
44
59
30
42
55
58
34
45
37
51
43
46
38
48
46
62
37
41
55
44
36
55
47
30
51
46
28
32
54
49
29
48
34
29
57
32
59
30
27
24
49
36
41
39
40
33
47
45
40
51
52
26
31
36
32
33
47
35
58
50
45
46
44
31
53
40
36
33
53
48
46
27
39
31
37
37
46
40
49
42
53
43
36
78
38
54
29
53
46
50
29
48
49
47
46
48
51
57
53
46
44
29
36
49
58
53
40
35
48
59
48
44
57
33
37
20
37
53
35
29
57
40
53
27
58
32
43
34
49
56
52
62
38
49
34
53
37
38
17
48
36
29
31
41
37
48
46
59
49
30
32
48
48
27
44
43
21
39
47
53
18
32
50
58
48
53
38
50
34
47
37
44
49
38
45
41
30
11
31
39
30
42
40
32
32
48
27
49
47
60
51
32
53
36
45
51
52
39
40
48
38
50
37
37
51
54
28
50
31
30
49
58
66
50
43
48
25
32
29
44
12
59
49
33
48
55
59
54
53
54
28
53
37
42
55
40
14
52
58
49
34
33
54
54
51
22
57
33
28
54
52
39
34
57
47
63
29
53
57
38
51
48
30
53
33
54
48
50
36
41
49
45
42
46
48
57
58
35
54
39
48
36
56
43
42
23
15
41
30
32
12
39
40
48
49
37
24
36
62
27
35
57
49
34
24
53
50
42
50
56
48
53
26
47
47
52
40
39
51
45
24
60
41
37
56
36
19
44
28
53
33
57
70
51
36
52
51
52
32
34
51
43
63
48
43
19
38
50
64
44
47
50
49
49
29
45
46
50
36
35
51
37
50
61
44
42
52
59
49
34
29
40
27
44
34
51
32
30
47
60
34
43
59
45
26
49
45
32
51
52
47
52
45
15
32
50
32
38
44
53
21
58
49
52
31
38
44
