53
27
46
52
35
52
30
31
63
56
31
59
48
68
52
34
48
42
48
35
50
56
50
50
49
44
53
53
34
32
39
53
23
51
53
49
26
55
62
52
54
37
27
29
54
56
27
44
31
43
56
62
53
51
56
33
46
20
23
44
50
28
50
32
46
34
56
28
41
43
41
30
49
17
48
30
28
35
48
46
54
58
40
44
52
52
49
35
51
47
37
30
45
59
56
50
38
34
32
48
24
44
62
32
58
23
35
45
40
33
36
39
43
39
36
14
47
49
52
48
55
36
32
59
54
12
42
52
46
38
47
24
49
37
44
16
34
41
39
63
37
34
55
12
29
34
25
49
47
70
32
39
45
36
43
43
60
38
25
36
57
46
35
50
32
53
41
54
54
44
62
34
43
35
49
59
48
33
33
26
24
55
50
53
53
64
62
37
47
52
50
48
27
38
20
56
37
28
52
47
54
33
41
51
49
6
52
49
48
48
40
41
53
28
34
46
34
62
60
64
52
50
59
55
30
46
46
40
45
49
52
54
56
57
39
42
48
34
51
37
52
11
33
58
52
31
50
47
30
52
39
63
41
35
49
38
47
38
53
52
37
43
47
22
55
24
45
66
51
53
46
37
56
63
45
53
41
60
30
46
53
29
47
32
33
37
37
28
34
43
19
44
33
53
35
48
41
52
43
45
53
44
39
34
52
37
32
53
41
55
62
32
45
34
53
41
51
23
51
32
40
40
36
27
29
34
49
50
38
47
36
36
50
31
54
52
39
51
31
45
31
22
43
48
54
51
30
46
44
49
20
35
55
47
31
26
70
34
30
39
30
36
44
35
48
31
53
29
46
40
29
37
53
34
36
34
46
53
31
48
37
29
53
35
51
45
34
34
23
52
19
51
43
52
54
34
52
49
29
57
25
58
35
51
39
51
42
48
12
23
19
41
26
30
21
63
57
58
48
26
50
37
38
28
34
52
28
36
48
55
27
30
50
53
24
33
68
51
35
57
59
23
30
40
33
13
45
51
41
43
49
42
54
38
32
43
31
28
41
54
49
43
46
24
46
33
57
53
46
43
40
35
49
23
36
37
18
31
26
34
51
49
47
74
39
48
35
46
13
50
64
27
29
43
27
52
43
47
58
42
