51
34
53
44
42
45
55
61
45
36
41
50
52
41
38
54
56
58
50
55
43
44
55
46
28
21
50
27
48
31
41
24
26
51
41
53
39
34
40
52
31
29
43
34
36
39
38
52
42
21
46
62
39
52
35
38
29
35
48
28
46
37
49
42
41
57
39
30
56
41
42
50
28
71
43
32
28
39
33
39
41
41
6
63
50
68
50
24
34
38
56
43
46
38
56
30
55
45
52
26
49
28
41
55
53
60
33
41
26
43
68
33
42
45
33
39
52
47
45
32
50
61
62
31
44
53
25
47
78
51
50
50
53
39
32
17
36
37
15
41
36
33
36
57
24
49
46
44
26
36
49
27
43
38
27
37
50
31
31
53
36
35
58
57
42
50
49
43
55
31
52
29
49
46
52
56
34
22
45
69
44
29
53
46
21
27
41
44
23
51
46
42
38
43
48
46
53
47
54
40
31
37
13
48
43
38
51
38
47
34
30
31
37
56
40
48
31
52
49
48
16
47
41
45
38
33
50
47
70
38
44
53
53
38
51
42
51
52
53
23
49
49
42
35
50
51
35
31
20
42
41
54
47
41
43
65
22
32
35
48
51
57
40
50
24
50
48
56
54
39
41
43
51
29
56
49
24
52
63
29
4
26
37
41
45
62
49
32
48
36
42
57
52
61
53
30
36
33
35
47
68
44
55
52
56
40
33
46
29
43
31
31
27
38
26
33
66
46
41
68
53
17
45
32
57
41
58
40
27
34
48
52
46
40
43
32
52
36
34
22
51
62
59
33
31
60
54
50
29
57
9
47
25
32
26
60
33
45
27
32
28
68
29
61
60
29
47
42
60
45
52
42
51
59
56
23
60
35
43
62
46
48
37
40
46
60
41
53
31
29
53
55
35
31
32
37
50
29
35
23
44
44
53
35
50
36
31
46
38
71
30
32
43
53
65
54
32
26
42
34
59
56
47
34
37
45
32
46
42
42
42
42
49
50
48
54
44
36
36
39
48
39
55
52
56
53
46
50
45
59
40
31
29
53
57
56
42
67
37
31
53
50
56
45
29
58
26
54
53
24
55
44
31
34
43
28
28
38
37
48
67
24
50
47
39
20
41
63
36
57
58
40
39
33
44
49
52
32
36
24
