30
31
40
70
43
50
51
54
63
44
49
27
39
33
48
39
35
54
35
38
33
26
44
28
54
33
37
64
60
25
33
39
28
51
40
56
48
35
38
39
31
29
51
30
59
48
45
43
35
37
35
34
56
67
23
50
27
46
40
54
54
28
40
62
50
47
25
33
55
34
36
32
61
71
47
44
50
52
27
35
53
65
44
51
30
59
36
49
47
51
33
43
34
48
36
31
48
45
53
47
18
56
42
38
38
50
37
47
27
28
38
30
34
24
54
39
54
37
33
58
59
48
32
37
52
29
52
31
30
35
47
42
43
49
36
51
52
38
61
52
55
60
48
32
27
44
34
31
38
55
30
45
47
39
34
46
50
24
51
46
29
62
59
56
56
21
57
44
58
39
50
37
47
34
45
48
45
50
60
27
44
30
50
61
26
35
51
46
20
32
52
58
47
49
32
52
32
30
35
42
25
50
60
41
53
45
63
40
35
37
47
59
48
45
46
52
19
43
72
38
41
50
48
32
50
51
43
30
66
57
52
33
47
50
29
16
55
24
49
34
48
46
45
42
35
50
37
47
38
48
30
26
39
56
44
60
17
53
35
24
54
51
34
70
43
31
41
55
53
59
51
27
41
58
27
37
23
35
29
31
63
68
55
54
49
28
78
55
51
33
22
23
40
25
49
62
32
52
61
36
50
37
35
26
26
57
28
56
48
57
25
21
36
36
16
30
52
28
63
49
54
40
35
42
48
49
20
39
31
38
63
43
55
44
60
43
54
50
37
30
31
39
30
34
66
42
55
44
59
31
32
32
28
44
57
27
37
59
68
43
32
43
29
18
42
52
55
45
40
32
47
34
38
47
33
65
36
43
56
33
54
40
56
33
57
44
55
24
29
50
21
56
51
38
53
42
30
56
39
38
32
20
59
51
57
22
51
56
47
52
30
54
41
58
54
38
48
51
42
22
58
41
38
57
20
59
51
45
57
47
24
23
27
38
57
58
36
52
42
27
24
45
55
51
31
47
24
53
55
38
55
29
52
39
34
52
49
38
53
45
48
31
47
48
27
45
51
43
52
32
36
41
54
52
47
25
37
44
59
35
41
51
30
48
27
36
32
34
29
28
60
46
68
23
29
50
54
54
48
46
