56
50
39
49
46
43
29
68
25
55
26
55
34
29
18
45
38
41
34
44
40
38
30
51
47
18
24
46
36
39
47
38
57
41
45
43
52
30
44
43
48
33
53
35
33
57
7
45
54
35
36
22
47
40
29
42
67
51
26
24
51
57
38
45
31
37
36
36
47
58
61
54
45
29
32
18
43
24
50
81
50
29
47
57
48
57
54
21
44
30
51
48
53
43
53
35
54
60
40
56
31
40
35
45
43
62
58
54
54
56
43
53
36
62
47
21
32
38
41
43
35
29
49
38
54
29
52
26
34
66
38
40
21
52
46
32
56
52
25
52
38
50
50
33
46
34
26
74
48
53
40
54
32
33
36
35
25
55
48
49
49
35
47
36
49
49
20
53
37
41
40
35
48
39
48
35
48
28
34
59
44
46
31
42
46
36
58
49
34
29
60
42
29
39
22
57
32
55
50
42
33
48
30
38
46
37
39
51
61
49
39
23
66
33
46
35
42
29
42
47
52
44
50
39
54
30
41
48
54
27
53
59
40
26
42
65
50
55
54
41
42
37
39
59
26
42
42
45
54
51
51
28
50
36
55
60
31
24
52
47
42
38
47
50
52
57
19
45
33
51
30
39
54
39
28
5
46
28
35
37
48
51
45
39
49
51
59
29
33
40
55
54
44
30
46
43
47
40
43
65
41
46
45
47
42
31
26
57
40
27
58
33
30
26
30
47
28
44
45
47
48
27
37
41
54
30
54
20
26
31
61
53
47
52
46
36
30
46
36
32
24
50
29
36
48
60
31
37
40
57
64
32
37
35
37
42
43
51
52
46
41
59
25
29
43
38
13
56
25
30
31
59
42
51
60
53
55
38
51
32
43
36
30
23
50
42
29
27
43
33
33
52
58
30
58
42
55
33
43
29
43
42
23
24
42
56
30
52
45
35
50
33
52
45
53
50
40
48
44
59
28
53
40
47
28
27
41
50
53
31
29
43
24
41
32
56
66
29
60
51
62
30
34
45
56
57
40
51
44
68
50
35
51
31
62
55
34
18
32
51
27
38
48
62
43
54
29
32
28
39
75
53
31
50
35
31
36
44
33
58
52
32
43
34
48
50
24
38
54
42
47
49
27
22
65
21
31
40
48
36
