30
43
59
39
38
46
37
53
27
48
38
40
58
38
33
50
44
56
46
46
25
29
42
34
25
31
31
33
23
39
56
38
62
30
40
48
48
41
60
25
42
36
36
36
52
35
33
53
60
35
34
53
37
39
61
49
44
49
47
26
55
36
59
26
45
47
27
29
51
43
40
61
40
36
25
39
49
28
11
48
44
59
34
57
41
40
38
31
51
59
48
41
27
27
39
45
27
52
24
41
16
55
47
51
35
45
49
42
37
33
47
49
22
46
55
47
50
43
62
34
51
37
31
52
51
27
37
29
17
54
32
48
49
25
32
54
23
43
33
29
41
58
36
49
33
51
30
58
55
57
40
36
31
53
54
45
25
52
45
59
40
45
57
39
51
52
43
28
52
40
54
32
30
54
51
49
30
50
30
45
43
29
32
38
28
24
29
47
37
52
60
51
36
59
38
45
43
46
55
22
26
34
45
49
46
49
46
59
47
25
59
55
31
52
26
37
56
55
32
50
41
56
44
43
53
28
32
30
46
38
37
36
58
38
57
40
36
32
36
21
57
52
28
49
49
49
50
38
47
38
40
29
57
43
31
46
24
45
59
34
64
56
58
52
34
49
45
52
36
41
57
43
35
56
27
23
65
17
53
36
59
56
34
36
21
37
41
32
64
53
30
36
40
50
44
19
53
29
43
29
43
48
39
38
65
51
44
36
55
56
29
45
23
55
37
44
38
41
22
56
35
25
31
39
46
74
30
40
50
54
17
63
36
30
42
25
52
35
29
43
34
51
37
62
53
59
25
24
69
34
52
49
53
32
49
51
33
36
51
27
32
55
37
53
24
24
51
45
53
16
52
29
30
40
59
24
17
45
52
41
47
31
51
75
56
54
25
28
63
20
55
51
48
51
57
35
43
47
36
59
65
47
48
55
45
48
60
32
48
37
34
50
49
57
33
53
48
58
42
38
49
57
50
54
30
42
54
53
33
41
47
31
41
31
29
55
44
54
36
28
46
36
39
49
53
36
52
52
50
42
61
58
37
16
35
71
48
29
34
50
34
49
42
55
51
58
47
32
28
51
60
57
30
44
49
51
40
47
66
40
56
70
33
27
51
32
52
25
46
50
49
54
32
25
31
45
66
48
10
35
