34
56
56
30
45
60
41
22
28
51
51
51
60
59
32
36
43
33
32
33
31
50
20
69
46
39
32
27
51
33
24
30
26
39
45
56
46
51
52
24
49
58
38
20
68
51
46
27
57
32
36
49
33
30
39
71
41
44
37
54
33
57
33
35
46
46
40
42
33
43
60
38
29
38
55
29
43
36
49
59
57
47
24
32
20
54
53
45
36
46
51
34
60
49
38
41
31
59
34
50
54
31
60
44
40
50
33
32
46
57
51
62
52
33
34
41
49
56
53
46
45
57
45
22
37
51
44
55
54
32
27
40
21
37
32
24
49
46
46
47
51
52
31
49
18
49
31
41
40
48
47
39
35
48
53
54
49
60
28
27
32
33
30
39
36
47
13
47
41
37
30
25
40
55
51
28
39
61
54
52
39
61
48
33
29
32
37
31
32
38
47
47
38
24
69
45
60
52
51
27
28
37
53
62
49
35
43
32
33
48
52
30
46
54
51
55
33
52
37
50
49
49
31
44
55
36
12
29
78
49
43
63
54
49
57
26
50
57
46
25
53
53
35
28
33
38
45
41
28
32
51
33
40
35
63
45
48
48
22
29
31
56
39
53
64
54
50
37
40
37
57
64
30
55
35
51
69
36
44
48
53
29
61
46
47
57
28
47
31
57
56
34
36
69
29
32
62
48
30
35
32
31
52
34
24
33
16
42
42
37
50
35
62
59
57
22
28
31
25
30
58
35
56
28
41
45
35
27
54
57
46
33
41
23
25
47
29
54
32
33
30
45
46
52
52
42
47
40
56
43
50
50
49
46
49
40
61
32
36
54
31
40
55
30
35
35
39
55
29
48
37
39
56
35
34
62
46
48
46
29
31
44
32
37
51
44
54
61
28
26
33
36
43
30
45
58
34
44
61
14
40
55
52
49
78
41
51
43
25
51
40
45
60
23
55
47
54
47
21
50
48
54
39
59
64
51
32
32
16
64
30
20
40
34
32
50
47
33
48
45
39
45
37
37
52
59
38
33
45
53
34
37
40
63
32
33
52
38
35
30
30
47
51
55
49
33
48
67
42
57
17
37
57
71
63
67
54
37
32
52
31
31
40
50
59
50
31
38
39
56
32
52
52
31
38
51
40
50
43
46
