51
42
29
48
51
26
28
34
49
47
29
35
31
34
36
44
36
38
39
40
50
46
33
27
21
42
43
31
40
34
60
45
21
45
46
33
45
53
29
41
42
35
49
38
39
23
38
50
37
50
28
38
31
35
30
51
36
35
20
56
17
51
37
33
54
20
65
25
40
34
33
58
34
56
46
41
52
51
40
38
71
58
28
38
45
49
45
39
50
43
35
59
47
70
55
34
51
35
44
49
25
32
41
40
38
43
38
22
48
23
29
33
62
63
49
31
49
35
48
50
63
47
29
24
50
35
43
37
40
53
34
30
25
33
61
32
48
34
61
38
52
55
30
43
23
36
40
48
54
37
34
34
17
52
33
45
33
36
47
45
29
38
46
30
49
64
32
56
49
35
32
52
62
31
27
49
28
32
46
54
38
54
60
32
57
54
44
60
50
12
48
39
47
46
26
28
22
29
41
55
60
44
47
55
23
29
35
54
34
50
59
38
56
47
62
42
30
29
28
43
44
34
43
63
40
58
51
38
39
56
58
54
58
39
30
42
63
49
30
49
62
28
54
61
42
53
37
53
55
26
56
48
53
57
40
43
32
49
36
46
9
55
33
43
35
40
27
57
56
56
27
36
25
39
36
57
31
35
51
47
34
49
47
42
19
51
47
50
38
39
37
42
58
50
41
54
30
57
39
55
27
36
19
30
53
37
29
52
50
52
24
41
33
54
47
41
50
18
47
55
60
42
61
49
39
32
32
42
53
29
27
51
49
28
58
35
47
31
52
24
51
50
47
35
45
52
51
27
41
50
58
36
43
33
47
55
38
40
55
58
33
47
51
33
59
29
43
68
60
33
50
49
36
54
68
48
47
48
45
59
52
50
25
54
32
56
54
35
54
42
55
35
18
55
50
28
53
41
52
28
49
36
56
27
36
47
33
28
52
47
51
40
49
46
59
34
29
24
52
44
51
58
37
56
56
55
40
42
62
55
61
53
55
50
41
48
59
27
37
33
62
45
46
29
48
27
34
57
50
30
26
26
52
57
38
22
38
30
42
36
29
57
45
48
55
33
50
62
32
21
24
29
27
41
23
52
25
31
51
49
34
32
46
48
45
43
49
41
12
65
39
48
25
27
30
37
41
54
44
49
