45
38
47
61
32
49
29
47
53
20
33
52
43
43
44
64
49
37
54
31
65
32
40
37
34
49
48
63
55
59
41
39
37
33
35
37
25
48
34
42
27
50
53
52
36
40
47
54
54
63
51
52
38
30
30
32
51
30
33
48
50
54
45
32
27
46
47
45
49
30
35
20
65
28
24
35
49
48
47
22
53
57
48
48
31
58
31
59
37
57
30
35
54
47
59
60
46
43
48
26
51
50
30
30
49
28
53
50
46
40
40
33
31
59
37
51
51
63
67
41
51
30
58
35
53
47
57
35
50
35
50
57
40
54
44
36
48
53
58
35
44
33
48
55
36
50
45
59
59
17
36
49
29
40
42
56
30
53
44
35
38
56
35
30
38
35
64
44
51
46
36
42
42
51
50
66
47
44
52
52
38
46
56
37
34
36
54
30
31
41
55
29
44
32
30
52
36
28
43
32
42
47
31
39
45
48
45
60
20
30
33
45
22
42
41
54
26
39
45
40
48
35
47
53
33
42
31
42
57
48
37
46
44
32
25
45
60
40
32
51
51
35
28
23
34
24
51
44
36
44
45
36
17
40
53
40
60
31
22
55
24
39
29
27
62
52
44
34
39
47
48
17
23
43
53
25
50
58
43
36
29
30
24
56
49
22
31
55
31
51
46
61
51
30
43
52
41
38
32
24
56
59
62
54
45
54
39
16
26
53
50
41
18
36
35
43
43
31
72
27
26
28
29
53
44
53
28
53
59
16
53
40
34
50
35
55
58
43
53
50
58
34
52
48
24
47
30
49
55
28
29
46
26
31
49
57
46
52
26
35
53
31
36
52
51
32
64
58
33
50
16
37
29
57
35
32
57
48
29
28
27
28
31
36
58
27
57
41
23
54
31
55
40
49
52
30
54
50
31
55
32
50
46
40
52
51
55
28
42
46
33
50
35
51
29
40
38
53
55
39
61
30
42
45
52
68
29
30
55
55
34
52
50
37
31
30
52
35
33
51
38
48
49
32
43
34
50
50
40
56
42
31
52
51
51
52
50
45
5
56
30
29
25
52
48
47
50
46
16
31
33
36
48
37
56
57
27
55
47
27
34
28
30
36
50
54
48
22
25
48
39
52
34
52
23
55
67
40
62
31
