32
51
51
44
57
34
36
50
21
45
59
39
52
25
39
51
27
44
23
54
43
30
31
33
32
57
45
29
64
39
34
54
46
55
36
33
32
36
29
35
29
23
28
37
29
38
51
9
34
50
34
41
52
64
37
37
17
39
52
43
29
52
42
44
56
56
48
44
4
55
54
25
44
25
51
33
37
42
48
54
52
42
55
25
32
44
51
59
56
49
52
6
35
35
30
46
50
59
35
52
24
52
42
38
37
57
35
24
55
21
49
51
49
36
52
28
45
51
52
24
28
22
55
44
33
34
21
56
28
51
55
31
54
31
35
29
45
15
28
42
51
57
56
64
27
44
36
38
43
39
43
29
50
40
44
51
48
50
41
43
46
32
49
38
31
59
49
39
40
49
52
55
49
59
27
29
52
66
51
52
66
38
47
64
36
39
27
33
49
43
57
23
36
35
20
54
34
47
39
50
47
39
37
43
8
63
51
25
58
26
59
61
23
32
45
56
30
43
37
54
19
38
43
61
42
55
32
13
42
37
47
47
36
46
44
52
53
43
24
38
62
24
38
52
56
37
64
56
54
34
47
17
48
43
50
14
49
21
41
44
59
46
30
55
47
51
59
47
30
41
36
37
40
27
53
51
45
16
39
50
38
51
50
29
54
39
29
56
54
27
29
37
34
57
13
33
51
58
28
31
42
33
42
42
47
36
48
55
46
34
52
30
53
29
48
50
55
53
35
40
36
38
54
46
30
34
42
51
39
39
40
36
31
15
28
15
50
45
16
47
52
54
24
48
53
59
54
33
50
30
44
48
38
30
56
39
26
56
48
57
21
54
32
36
53
33
30
50
30
26
60
54
49
51
19
21
38
45
56
47
74
47
30
30
53
51
32
59
55
48
50
37
52
30
35
32
44
29
30
29
55
41
32
59
50
57
49
36
49
59
45
53
53
47
28
34
23
48
28
37
53
49
64
46
46
41
21
32
47
20
33
45
43
20
33
48
53
36
45
29
53
50
43
34
56
50
41
47
33
32
59
49
47
39
43
52
26
56
46
46
43
50
28
38
55
26
57
57
33
35
36
55
23
37
39
25
57
33
23
22
36
51
47
52
43
43
50
29
38
50
42
36
57
54
39
29
30
35
44
31
