45
49
49
37
46
54
55
51
46
47
48
53
47
52
55
58
53
54
57
61
56
55
44
53
47
47
53
54
50
57
59
52
47
50
50
57
52
51
53
50
53
54
54
49
48
52
51
47
42
57
56
50
55
55
52
44
46
46
55
47
57
50
49
51
51
44
50
42
42
60
58
55
52
43
44
40
54
60
53
44
50
48
63
46
39
49
48
53
56
48
47
57
46
52
49
52
52
52
53
52
43
44
46
49
49
63
53
41
48
54
48
44
56
50
52
59
47
53
53
53
51
52
42
46
47
53
47
52
50
57
50
45
51
49
62
37
42
57
50
48
54
49
48
52
50
47
47
57
47
46
49
59
57
50
63
47
47
47
47
49
47
45
51
42
54
49
49
45
46
64
46
47
48
44
57
50
41
57
45
55
55
52
54
53
52
42
48
56
55
51
53
49
41
47
53
46
38
56
52
58
53
49
49
45
49
46
49
50
51
42
50
53
52
55
45
56
52
49
51
43
52
52
61
49
53
54
48
50
51
44
51
47
51
48
49
49
46
56
57
50
43
53
48
51
48
57
49
56
53
50
43
47
45
52
51
55
51
46
51
40
56
49
49
45
43
49
54
54
51
54
58
52
51
47
53
42
50
52
55
47
58
52
53
49
51
53
49
42
54
50
55
59
52
57
47
47
58
53
55
46
50
45
46
48
49
57
44
47
47
49
40
49
45
49
48
47
53
56
45
53
57
60
49
42
44
44
46
57
57
58
44
42
49
43
48
42
48
47
56
45
54
52
60
61
46
49
59
53
54
44
54
51
59
60
56
53
46
50
52
44
50
48
57
48
49
52
51
50
43
55
46
49
42
52
50
51
55
58
47
48
52
51
47
58
42
58
55
44
66
50
51
58
47
51
39
53
53
54
48
54
45
51
50
44
44
42
56
43
52
47
52
52
51
56
38
49
44
65
54
45
43
52
51
52
54
49
48
49
46
49
52
54
51
57
51
45
51
41
49
51
50
51
59
48
49
53
55
60
46
53
58
51
57
45
56
64
56
60
57
53
49
45
50
54
48
55
50
55
40
51
47
57
51
49
50
47
51
47
48
44
60
58
50
56
37
47
55
44
49
39
45
47
54
47
52
40
52
49
41
45
