29
43
48
57
43
63
51
62
45
68
46
48
65
43
45
47
48
46
41
56
40
71
57
57
34
52
45
79
69
47
55
60
75
39
60
33
44
59
40
45
48
52
49
49
57
49
54
61
45
51
58
65
57
38
34
46
57
70
41
49
54
65
43
50
41
51
58
52
56
45
51
52
50
60
48
38
69
68
80
53
38
39
55
43
59
62
54
56
50
51
54
39
55
37
42
57
48
55
59
47
53
65
61
57
35
45
65
44
57
62
68
55
48
46
40
50
53
54
44
45
45
53
51
59
43
56
49
52
52
65
63
56
53
58
63
47
32
65
45
51
45
50
46
58
40
62
69
49
57
52
63
43
61
64
50
31
66
54
41
50
45
43
51
54
47
49
30
59
49
57
60
48
54
64
62
47
47
73
43
61
49
52
48
67
41
77
51
58
57
45
53
45
66
56
54
62
74
50
43
47
56
51
39
51
62
43
73
34
51
56
69
37
59
66
56
55
54
48
53
71
52
49
50
49
54
41
29
40
60
39
52
53
60
55
53
36
51
35
45
57
66
29
50
38
41
62
65
52
51
58
67
46
57
34
35
65
40
52
45
44
38
45
57
64
39
63
37
70
51
57
44
35
38
40
63
59
60
49
40
58
44
55
33
58
33
35
55
66
65
34
38
16
45
44
64
46
48
40
51
57
50
59
62
31
51
44
54
53
47
55
35
46
51
47
53
51
42
46
32
43
66
34
30
52
56
36
46
55
53
40
49
66
71
49
30
53
56
55
61
52
61
46
41
38
28
45
58
38
46
57
57
22
73
42
60
49
61
52
46
30
52
55
44
55
45
53
41
53
51
44
46
49
40
62
40
44
49
66
37
57
56
56
67
40
47
66
54
44
54
54
32
58
53
60
54
42
58
61
53
36
41
33
53
58
62
63
58
58
54
51
34
49
44
46
56
50
44
32
45
57
36
55
58
56
55
60
44
60
58
22
34
32
52
52
54
64
35
21
53
51
51
48
49
54
52
52
42
52
67
56
32
36
78
28
45
66
41
64
56
41
47
62
58
37
43
51
52
53
48
47
58
25
69
54
44
46
55
62
62
74
54
68
53
65
25
46
41
48
56
52
54
59
27
44
52
62
49
47
47
60
