32
24
45
51
43
33
35
38
44
47
65
32
23
36
49
47
49
40
54
41
31
31
30
47
75
51
46
56
21
28
48
49
39
42
44
46
56
49
37
48
58
21
32
52
29
46
12
59
30
51
47
37
40
51
49
29
43
41
54
46
22
43
57
42
49
40
33
45
51
50
50
56
55
58
30
21
14
46
53
36
30
30
52
54
44
48
40
35
33
48
23
57
37
24
51
29
24
52
44
36
45
49
58
49
40
50
33
49
52
44
51
32
37
52
58
64
23
13
47
55
47
26
47
57
45
37
39
49
47
45
52
47
32
51
23
58
56
35
56
62
52
52
38
42
31
56
72
35
26
51
46
48
43
4
25
27
42
58
35
57
53
35
44
57
42
61
43
60
36
56
50
42
34
53
53
56
45
26
37
32
55
46
58
32
33
53
40
38
25
53
53
68
53
30
42
33
47
45
51
44
53
46
55
32
52
22
42
52
27
43
42
35
36
35
52
49
29
49
49
41
48
18
24
24
50
34
37
51
29
43
49
57
50
39
30
29
45
58
36
39
43
21
59
58
53
48
31
43
43
33
50
37
36
19
38
50
57
29
60
26
35
54
59
47
33
16
22
51
52
51
32
28
38
45
37
50
32
43
36
38
41
32
34
51
55
28
48
18
45
34
48
34
44
32
58
65
25
34
41
58
34
36
47
32
64
35
39
45
27
35
52
55
34
59
29
30
31
37
40
55
56
50
48
42
32
58
42
23
53
57
35
50
31
53
53
20
28
27
49
67
43
47
49
52
40
45
55
60
31
50
50
44
31
26
56
66
46
26
36
37
24
20
35
74
50
63
26
63
33
33
35
32
31
53
49
61
38
44
54
22
32
53
55
40
47
39
44
53
49
50
45
31
39
34
25
34
58
52
35
59
49
35
34
31
52
31
54
39
20
57
52
36
38
45
29
44
57
31
28
47
51
25
40
35
36
31
51
51
52
34
64
31
38
49
48
46
55
52
50
58
58
57
42
57
29
50
38
23
25
52
55
52
59
23
48
51
48
47
60
31
31
34
48
21
29
45
26
47
69
58
24
38
49
51
47
29
39
39
52
35
40
47
29
29
68
56
47
46
50
55
45
47
59
20
37
56
57
50
61
44
