59
46
54
46
37
49
27
39
31
27
36
24
53
46
60
51
42
34
46
31
39
17
41
50
51
36
35
50
23
41
22
29
33
54
50
42
38
22
52
52
46
56
33
57
34
43
11
58
45
38
42
50
49
34
43
38
41
27
47
45
37
36
36
33
49
31
55
37
43
48
51
52
45
30
60
39
53
36
32
29
50
36
52
43
47
41
54
27
28
31
39
50
38
44
39
34
52
39
38
36
45
25
52
41
44
59
49
48
31
52
46
38
36
34
62
34
31
40
30
24
41
32
46
37
54
45
48
40
33
42
44
29
39
34
30
50
54
27
65
50
58
66
37
30
46
48
51
48
52
68
37
35
34
34
47
66
47
52
50
56
23
32
50
48
44
49
52
37
36
50
49
32
30
54
30
43
34
38
45
53
30
55
49
27
37
50
59
28
25
23
33
40
53
27
39
22
48
36
53
23
55
44
61
51
38
40
50
51
48
32
36
40
29
53
55
36
58
18
49
55
55
29
56
29
29
39
51
49
40
59
14
37
32
36
49
34
42
56
49
48
46
37
34
50
27
46
34
30
43
50
30
45
32
57
47
59
41
27
47
24
43
57
52
38
57
44
21
39
36
53
39
36
55
40
46
54
52
35
30
44
55
34
27
47
49
47
49
64
56
20
55
53
46
32
29
26
18
54
38
62
38
45
63
42
58
35
29
51
46
33
44
49
53
23
31
55
27
44
54
29
37
57
31
52
35
61
42
33
45
32
25
54
56
59
23
51
28
54
11
49
36
33
30
65
40
52
55
34
36
51
40
38
48
36
18
51
33
22
48
34
45
30
53
51
76
60
45
43
32
50
50
29
52
37
31
26
49
51
52
41
50
25
49
55
54
30
41
61
44
57
35
28
54
38
41
54
50
50
49
52
57
54
56
47
30
58
39
38
58
40
44
31
37
48
24
47
45
53
27
63
57
27
51
44
44
51
37
51
32
26
27
25
29
28
38
38
44
25
56
45
55
48
47
35
34
52
40
25
54
50
40
29
51
31
60
28
37
14
14
33
49
47
35
43
52
52
7
46
31
50
29
46
44
19
52
41
47
48
33
47
64
27
24
52
37
48
25
51
39
51
18
51
23
50
31
62
36
30
46
52
