64
40
38
66
51
59
62
59
51
65
36
68
48
68
61
44
56
50
43
56
54
52
46
65
53
48
59
60
37
31
49
59
57
30
54
55
27
49
32
52
66
58
63
46
54
33
38
54
43
53
53
50
55
49
55
48
50
52
55
69
49
45
78
27
34
61
63
57
40
53
43
44
75
44
46
40
42
59
50
64
62
56
51
45
49
49
56
42
54
58
49
57
52
57
57
48
60
42
51
57
49
55
40
42
49
42
50
56
46
56
48
49
36
53
54
51
57
38
54
43
41
36
46
56
47
59
45
52
28
55
25
52
35
43
49
54
50
44
54
26
29
35
62
47
41
40
51
34
63
46
39
62
68
43
35
21
81
48
58
62
27
52
52
57
54
53
57
64
52
56
56
42
57
47
40
57
43
58
42
19
47
55
42
62
47
42
54
54
47
48
37
47
50
34
53
56
54
55
48
61
60
51
46
47
56
58
65
50
44
52
53
46
51
37
30
51
55
47
49
54
38
70
31
54
55
48
59
59
58
52
53
48
70
42
43
48
43
61
51
45
60
53
63
47
32
47
39
41
43
45
37
53
56
48
41
49
54
52
56
58
45
52
47
59
54
50
48
55
47
52
59
51
45
60
50
40
42
51
52
43
49
52
52
46
56
52
39
49
54
50
61
49
50
52
40
56
56
60
43
44
48
52
48
53
44
40
46
54
49
59
43
57
40
56
42
47
50
51
58
44
48
49
52
50
48
58
47
48
53
53
51
51
50
49
51
44
53
43
51
53
46
54
49
55
46
45
46
47
44
46
52
50
52
59
48
48
41
49
67
50
50
55
53
46
58
53
52
50
52
49
47
55
51
54
48
49
48
58
49
37
54
55
53
48
55
50
52
48
43
49
54
54
47
47
45
52
47
50
41
52
53
51
45
49
46
49
45
48
51
64
54
41
46
54
50
48
46
45
46
53
47
44
60
45
44
54
48
46
54
55
49
43
44
49
61
48
46
49
45
50
55
50
52
56
46
53
53
52
54
47
53
53
53
51
46
58
50
52
37
60
47
38
48
52
42
46
49
60
58
58
46
60
52
51
58
43
42
52
45
49
46
49
45
49
49
53
50
50
44
43
59
45
41
44
41
53
53
47
51
45
