38
61
32
51
26
32
51
32
62
50
35
54
47
34
35
30
37
35
52
56
44
62
33
43
46
26
52
29
36
51
34
41
49
49
34
27
20
37
47
53
35
29
47
35
44
51
43
34
50
33
50
44
40
52
53
67
43
27
54
40
48
39
31
43
61
41
44
47
51
13
32
53
29
25
64
31
47
48
48
38
47
34
56
48
27
48
45
34
39
58
53
42
58
44
61
18
43
37
43
38
44
36
37
64
56
40
45
35
61
34
33
45
42
37
30
35
37
50
38
46
43
51
42
35
46
57
50
55
55
59
57
41
33
40
32
68
37
49
19
47
42
36
69
28
14
37
69
48
42
35
49
32
38
46
44
35
24
27
40
50
50
42
48
30
52
63
43
55
48
33
43
55
29
32
50
48
23
50
37
23
49
42
28
28
50
46
41
51
51
44
52
52
48
28
48
74
43
38
37
38
36
27
30
49
39
56
30
42
44
39
28
32
13
33
23
55
50
44
12
41
43
47
25
50
29
18
53
59
19
64
31
33
48
47
43
35
40
27
28
31
36
53
33
53
55
41
38
32
53
35
44
59
54
58
48
46
17
37
31
42
23
29
38
49
57
28
50
52
46
38
38
31
58
36
59
43
48
58
47
46
25
50
26
44
34
71
31
35
34
44
47
47
35
48
49
39
37
22
50
66
54
36
59
44
35
42
51
33
57
47
40
31
44
53
73
35
42
34
55
60
51
52
29
66
30
37
45
24
59
22
70
31
24
50
47
40
47
38
43
52
43
50
45
45
44
39
29
54
40
43
34
33
23
34
55
57
31
55
47
33
55
30
55
33
53
47
45
29
75
27
28
44
45
55
23
31
48
56
33
51
31
32
50
30
32
45
42
32
32
49
57
43
39
30
46
66
46
30
46
37
25
42
37
33
56
33
44
47
57
41
56
43
60
61
53
65
54
16
53
53
37
60
31
33
45
50
59
38
45
54
43
41
41
32
48
31
37
65
45
59
38
52
36
41
30
37
42
57
42
57
45
61
49
51
51
52
52
37
40
24
41
30
51
43
50
42
48
46
50
47
30
56
59
48
57
46
42
33
57
41
24
30
23
58
52
41
34
40
48
45
30
41
50
49
60
28
32
40
51
25
