52
48
44
49
31
36
56
59
33
35
25
32
53
50
30
31
49
50
43
38
39
59
38
23
41
41
47
39
35
32
46
33
34
44
58
37
48
29
31
42
40
37
32
29
21
51
34
56
41
51
51
60
65
43
49
42
32
34
59
57
48
32
41
51
38
49
50
55
60
50
24
66
33
57
52
57
53
33
46
50
46
48
41
48
45
41
47
39
24
31
33
19
60
39
32
51
40
52
48
36
50
48
52
54
40
49
37
34
53
53
12
44
41
49
49
42
53
43
41
53
24
38
32
50
47
53
46
28
41
60
48
37
58
51
52
55
28
52
49
47
21
31
43
51
21
33
38
52
29
34
63
55
51
29
53
44
23
38
25
45
36
49
55
54
34
49
57
50
45
47
48
58
41
59
47
54
38
43
50
48
58
36
63
27
47
37
35
54
22
40
33
51
41
28
53
56
47
29
50
31
37
46
25
55
63
47
40
43
52
24
54
41
34
36
40
31
35
62
22
49
37
55
50
16
50
31
50
59
40
51
51
29
53
54
54
41
28
58
39
43
40
54
49
36
44
52
34
46
56
37
44
29
60
36
22
42
42
34
61
33
39
46
49
35
46
61
28
58
32
50
49
34
48
48
48
36
35
33
17
34
34
50
59
35
29
32
9
51
25
38
51
35
50
39
37
63
33
46
52
41
27
19
36
44
50
34
48
62
45
41
36
30
43
16
46
42
51
32
43
32
25
55
52
54
59
30
59
52
48
55
57
50
51
42
33
59
33
31
26
36
26
44
33
53
52
50
49
58
27
39
49
44
18
45
32
53
56
54
34
46
41
52
53
42
36
48
40
35
47
16
55
35
26
52
54
35
28
53
35
51
53
36
45
46
55
32
40
50
25
25
62
54
23
28
66
39
33
53
27
49
42
32
38
20
53
49
42
22
54
34
28
50
36
39
44
40
55
51
60
55
49
38
46
47
47
35
58
54
58
14
38
43
19
24
51
26
34
45
63
60
56
78
30
29
31
25
34
51
53
57
37
33
55
54
55
54
33
40
38
31
34
52
50
52
56
36
48
35
52
39
40
40
51
40
46
38
40
55
47
40
50
53
43
24
55
43
51
42
40
59
63
30
55
31
55
39
52
24
38
25
