39
37
51
41
44
65
29
49
55
41
50
53
21
48
49
39
43
28
57
47
31
48
52
43
51
36
47
48
47
33
46
57
22
35
59
27
44
49
50
21
56
53
58
54
55
39
54
29
26
55
28
38
35
33
37
55
21
51
46
53
32
49
41
49
44
28
32
38
48
46
47
35
54
33
59
55
35
25
53
39
44
29
44
60
39
60
57
48
30
48
46
19
33
31
65
38
49
49
31
33
51
53
55
63
50
38
38
33
35
59
31
59
43
41
50
46
51
62
41
33
43
29
45
30
44
51
41
40
33
35
51
31
41
34
49
27
51
23
58
26
33
21
46
55
39
28
42
60
31
46
32
42
42
51
35
48
39
23
32
44
32
29
67
43
31
28
45
35
37
32
35
47
56
46
26
30
49
43
40
52
22
64
35
40
55
42
30
49
36
35
25
23
40
38
26
22
28
62
40
41
34
40
13
26
39
50
41
49
52
52
63
38
48
34
39
39
55
33
53
49
45
51
18
51
48
59
49
51
41
35
38
54
59
34
46
44
45
33
41
42
27
30
47
44
30
45
21
37
48
40
32
50
36
39
35
47
36
28
41
48
65
52
26
32
28
47
65
55
41
38
52
50
32
57
41
44
49
31
32
39
42
44
47
41
37
53
25
68
32
45
52
54
40
34
50
28
37
49
49
51
52
26
52
45
45
51
54
52
50
38
19
44
56
54
54
57
55
56
34
39
24
39
52
41
46
52
31
34
41
48
40
32
52
49
33
50
44
37
59
46
57
53
54
46
42
37
44
56
51
35
46
22
56
31
50
70
27
39
41
51
45
27
55
31
38
33
55
45
34
16
40
52
46
45
62
21
51
43
34
57
58
51
24
40
51
28
53
48
45
49
51
61
37
56
32
29
52
30
48
36
56
32
45
50
26
45
51
54
42
65
36
59
31
53
60
23
22
56
40
28
49
39
37
45
46
37
32
43
49
36
47
48
46
5
43
47
43
52
42
50
48
29
49
31
36
42
57
48
12
54
49
44
46
39
56
38
64
39
53
48
58
33
35
65
55
32
48
51
41
43
39
26
48
45
49
42
48
35
41
46
55
52
28
28
42
28
31
50
52
31
52
29
57
49
17
42
33
47
45
31
