35
35
57
34
26
35
37
29
34
47
30
54
50
46
62
27
32
64
68
28
34
42
47
31
46
51
21
44
48
52
46
48
37
45
55
44
34
48
51
54
27
52
39
64
42
69
48
55
36
32
65
33
34
57
53
38
47
30
76
60
31
47
38
34
53
50
48
38
47
60
51
56
57
27
18
35
46
30
20
28
41
56
50
50
53
41
50
43
49
62
21
28
44
53
53
50
52
34
52
41
52
52
48
53
48
28
46
62
50
50
54
52
58
21
52
36
28
42
49
31
49
34
18
37
56
48
33
57
56
35
31
35
36
38
25
48
51
33
46
62
41
49
34
36
46
48
55
50
33
33
52
28
41
60
36
49
54
24
37
44
42
23
27
29
33
39
55
26
45
45
49
27
44
50
44
47
50
55
54
47
16
54
49
31
45
50
49
25
54
65
50
31
45
27
48
48
29
59
43
55
52
52
42
36
50
57
51
34
58
46
36
55
48
57
26
37
43
49
46
50
48
26
49
30
23
46
34
34
38
52
37
55
42
39
42
43
46
19
33
37
60
40
54
59
28
46
55
65
51
54
37
24
47
44
47
54
40
31
37
36
42
47
49
50
59
24
19
35
35
26
55
60
32
50
57
32
58
27
40
29
51
54
31
60
62
60
40
49
56
57
27
21
49
43
43
23
62
40
40
59
48
47
48
31
36
46
30
33
29
49
28
45
28
53
27
53
35
53
30
47
26
33
35
39
34
57
22
52
22
67
52
47
47
34
50
53
55
34
58
49
36
49
37
29
49
40
28
51
42
31
66
32
22
24
43
69
60
36
29
32
63
44
30
55
27
34
34
26
41
38
43
40
30
35
38
39
48
49
49
36
53
55
43
4
31
49
40
46
32
45
61
50
29
43
47
50
64
37
27
65
57
36
60
20
58
50
45
62
44
48
25
47
55
55
38
37
56
51
44
26
44
50
37
49
63
56
60
40
48
51
49
57
31
47
50
52
33
25
57
31
34
55
37
20
32
52
46
40
34
37
35
53
55
49
44
38
41
25
48
16
47
50
55
42
35
49
42
41
52
31
37
22
46
46
55
27
50
68
21
27
49
61
34
54
45
38
29
28
50
38
33
30
52
51
30
41
55
45
23
38
