66
41
45
60
41
43
29
52
27
51
62
51
39
52
53
55
46
53
28
40
29
56
35
52
45
32
38
33
54
30
57
47
43
51
28
45
56
43
35
48
45
45
53
45
48
18
50
28
57
36
66
54
50
57
47
58
41
46
32
46
38
33
57
56
45
19
56
52
51
61
52
52
37
57
44
32
48
55
47
49
43
34
45
31
41
32
51
50
54
22
56
51
30
33
48
33
28
27
28
30
45
65
17
43
45
22
37
51
38
50
53
28
20
51
46
53
48
38
38
40
27
46
45
53
54
34
19
49
40
53
43
48
24
53
37
50
55
63
57
52
37
51
48
48
59
46
40
50
22
31
46
43
25
48
34
43
38
44
21
32
37
56
44
49
26
41
41
52
60
46
18
57
80
14
37
30
62
33
49
40
55
48
46
55
57
41
36
49
28
36
56
31
36
23
38
42
34
55
37
58
33
39
48
48
33
51
52
38
30
36
43
29
51
52
63
23
29
73
21
40
60
47
50
48
57
62
26
25
42
53
32
37
52
52
47
30
37
60
14
28
62
45
53
54
57
49
14
53
22
43
53
35
44
49
43
30
54
56
63
51
32
55
33
36
37
48
32
47
44
51
49
41
49
45
26
29
38
47
48
39
38
20
42
31
31
49
52
31
19
55
48
52
37
39
19
27
47
35
21
31
45
29
47
41
25
60
66
33
46
52
48
51
34
51
34
48
50
22
43
46
49
26
47
46
14
42
55
32
52
52
48
54
48
46
54
55
44
35
30
38
36
25
66
50
28
33
46
42
42
53
28
27
37
25
34
68
50
35
49
55
47
24
42
61
53
33
65
46
34
48
64
52
39
48
36
21
42
29
52
31
47
54
64
42
18
53
9
33
62
44
48
45
52
42
50
50
54
48
57
55
35
54
43
44
30
25
29
53
27
38
37
53
38
60
52
34
55
34
28
49
27
56
51
52
57
58
70
57
59
53
45
29
38
55
33
30
51
57
53
39
42
50
47
28
70
47
51
33
12
55
42
60
61
62
56
36
31
54
52
44
48
30
59
34
45
54
59
36
56
40
53
52
40
47
24
42
40
50
47
35
60
28
34
32
54
39
32
58
32
51
44
45
55
31
41
43
42
33
34
25
