60
28
62
40
47
24
45
54
50
32
51
42
57
48
45
38
54
35
11
35
68
46
19
38
43
55
27
43
37
54
41
41
33
38
51
28
38
29
34
47
16
53
34
33
51
30
41
34
13
52
27
60
53
43
54
41
38
37
6
40
48
39
51
39
61
41
30
33
40
52
27
47
48
52
40
52
18
48
34
51
55
49
34
33
32
31
50
34
25
47
23
43
50
31
30
32
30
37
42
31
57
53
46
55
26
35
23
33
38
54
39
22
63
39
49
28
38
46
44
26
25
46
55
30
50
28
51
42
40
28
29
31
47
50
43
46
54
50
34
53
40
35
28
67
52
45
34
50
8
20
56
27
55
32
49
29
48
36
31
41
57
46
48
40
62
44
55
55
39
60
26
26
46
52
53
54
36
29
29
40
50
55
39
63
33
44
54
41
69
44
58
49
28
47
44
44
44
57
47
25
57
33
48
55
55
46
29
15
57
53
47
51
33
50
46
36
40
48
35
26
55
60
59
32
59
48
42
48
50
45
52
35
34
50
50
35
36
28
35
41
40
54
57
41
25
52
48
57
47
22
24
35
31
59
34
35
47
41
44
54
36
60
29
44
55
14
42
30
45
42
58
24
37
56
31
31
54
53
62
55
51
57
29
28
48
28
50
58
44
48
39
40
42
47
41
50
17
28
52
41
23
67
53
23
52
44
35
49
34
47
52
26
57
31
26
39
33
39
60
29
26
35
46
54
48
32
46
32
29
51
59
43
45
53
54
48
42
32
35
60
46
23
51
29
29
45
64
44
48
19
33
42
52
39
47
34
59
56
36
48
35
23
48
57
52
42
23
39
51
50
46
44
51
21
34
54
36
50
38
46
50
38
37
42
54
36
50
37
34
36
44
46
19
34
33
53
50
53
32
57
62
51
54
50
43
42
24
59
36
63
44
42
51
52
56
30
64
42
50
53
59
24
47
32
50
51
59
32
47
27
41
51
33
49
31
32
44
38
54
21
46
37
59
57
60
18
47
14
66
44
24
47
26
40
39
49
50
59
47
59
37
24
43
41
42
44
30
31
45
49
37
56
54
30
56
29
48
66
47
66
52
47
28
28
33
54
23
63
58
29
52
48
22
30
49
51
37
70
28
49
