54
43
46
28
36
51
42
39
46
33
55
66
79
4
56
50
48
41
80
65
38
52
51
37
33
49
54
36
47
58
27
50
56
67
35
51
51
35
28
31
37
47
35
33
46
55
46
45
35
33
57
49
52
55
21
43
45
33
49
45
45
34
45
50
40
48
33
35
52
35
36
37
37
35
52
44
48
41
28
34
57
55
43
46
36
57
48
53
47
32
46
32
58
51
30
47
48
41
46
54
45
15
40
52
14
26
57
37
32
48
15
52
36
44
63
48
57
48
64
41
27
56
47
68
49
47
54
63
34
28
28
33
25
33
56
49
33
42
48
57
63
33
53
56
50
56
34
52
44
33
26
46
50
29
53
39
48
55
22
27
43
49
53
48
24
54
33
30
57
52
30
54
31
29
45
61
61
36
57
34
17
28
37
28
31
50
51
46
52
65
14
39
56
54
29
45
24
45
40
16
41
35
55
51
11
52
33
29
63
59
34
45
62
42
39
48
49
36
55
33
30
42
32
41
24
58
48
19
26
33
41
71
41
40
30
65
34
36
60
56
40
48
23
34
22
49
47
32
60
50
51
32
48
40
35
63
50
48
43
32
42
45
34
50
49
48
48
32
44
64
34
30
20
46
48
50
40
48
34
26
40
25
34
48
52
59
54
48
36
42
41
42
32
55
38
22
53
43
39
35
51
27
55
62
55
34
52
37
52
33
52
35
41
44
53
56
46
45
49
42
60
52
33
31
32
54
63
21
45
42
48
29
31
44
30
39
56
66
32
55
54
48
43
59
39
30
38
54
60
46
22
38
37
41
43
50
35
35
32
48
51
37
45
27
39
48
30
49
23
53
69
66
30
37
45
36
58
32
49
45
41
48
16
31
46
26
40
38
56
40
59
54
27
16
26
25
23
25
40
46
18
42
53
55
47
46
52
28
51
64
52
31
45
53
51
40
36
48
26
51
47
24
48
19
35
34
52
43
42
75
33
31
32
35
41
49
33
55
25
51
41
37
49
48
47
30
25
52
34
43
57
36
38
58
59
32
43
38
32
37
44
33
41
55
50
29
34
29
42
51
32
52
34
31
55
37
53
53
31
70
22
38
36
51
36
37
58
39
63
51
37
54
60
54
47
33
52
36
41
38
