59
56
27
54
47
33
52
39
38
47
21
45
36
56
44
29
36
30
30
49
51
36
39
34
50
51
60
51
42
40
19
54
48
53
35
40
54
31
41
34
38
48
37
45
53
52
52
55
33
55
29
58
35
34
16
58
25
61
29
42
66
23
64
65
49
58
55
39
41
50
50
53
46
55
53
45
75
50
19
43
34
28
47
55
44
58
54
67
62
40
51
50
58
46
60
34
28
26
37
52
45
30
35
51
49
31
43
41
28
48
40
53
49
59
56
30
57
37
42
29
45
28
49
63
31
30
52
38
53
47
42
31
41
27
36
30
54
31
29
55
40
48
62
34
51
37
31
44
50
46
35
48
58
51
49
39
43
49
42
38
20
59
52
48
57
39
32
69
56
35
43
53
48
62
41
27
47
33
47
57
20
25
46
55
42
9
28
64
42
46
65
57
23
27
44
35
48
39
44
42
29
53
44
53
40
36
38
25
45
46
33
54
55
35
12
27
21
59
53
39
51
36
19
57
39
45
43
49
37
29
57
50
40
33
30
42
28
46
31
49
38
49
42
34
51
27
32
66
46
47
48
43
38
50
30
50
42
54
34
27
53
66
48
46
34
45
32
23
58
48
27
57
49
35
28
32
56
48
36
7
30
32
53
62
49
53
55
41
47
45
32
52
37
42
64
37
53
48
53
54
62
53
23
41
56
48
30
47
51
42
23
58
44
52
40
57
41
33
61
29
30
36
47
61
60
38
52
36
56
63
35
57
39
42
52
36
52
47
37
47
61
50
26
58
36
37
37
38
64
62
23
41
49
49
51
52
38
35
38
50
43
32
47
26
46
39
29
31
22
34
33
51
15
44
51
56
51
33
53
10
43
66
27
59
27
26
44
35
63
47
37
31
28
20
37
46
27
52
27
32
57
42
53
56
60
45
48
41
29
70
66
17
31
70
50
58
35
55
46
56
48
65
25
50
38
40
50
51
58
51
54
22
59
55
48
63
53
42
66
45
63
40
43
42
53
44
65
42
37
33
48
50
32
47
49
53
28
36
60
55
50
28
24
39
50
28
51
28
37
28
53
64
34
35
53
37
32
26
52
63
17
48
43
54
42
20
65
55
50
37
56
26
17
72
55
50
57
44
44
33
