32
56
56
36
45
60
33
32
33
51
51
51
60
59
31
20
43
46
39
32
27
50
24
69
30
26
39
46
51
33
45
24
38
20
56
51
27
52
49
32
58
68
33
41
51
46
57
37
36
33
49
30
33
39
71
44
35
54
46
57
33
46
29
29
40
24
42
43
32
60
38
38
20
55
43
34
36
49
59
57
47
54
38
41
31
53
45
36
46
51
60
34
49
59
31
33
33
50
34
54
60
41
44
40
50
32
45
46
57
51
62
52
49
45
22
37
56
53
46
57
32
51
27
21
37
44
55
54
40
32
24
49
18
31
39
28
46
46
47
51
52
31
49
49
27
41
32
40
48
47
35
30
48
53
54
49
60
33
39
36
13
47
37
30
25
47
40
41
55
28
39
39
51
61
54
48
33
52
61
47
29
47
32
37
31
32
38
38
24
27
69
45
28
62
60
52
51
37
53
35
49
43
48
32
52
33
46
30
33
54
51
31
55
52
37
50
36
49
49
44
55
78
12
49
43
29
26
25
63
54
49
57
50
57
46
35
53
53
45
28
41
51
33
38
28
32
35
63
33
40
45
48
22
48
56
39
53
29
31
37
40
64
54
50
57
64
55
37
30
36
35
51
29
69
44
48
53
28
61
46
47
31
57
47
57
56
34
69
36
62
30
29
32
35
48
32
52
31
42
50
34
24
62
33
16
42
37
35
59
28
57
31
22
58
56
54
25
30
35
28
57
41
46
45
35
27
33
41
47
54
45
23
25
29
32
52
52
42
33
30
46
47
32
40
56
43
50
50
49
46
49
40
61
54
40
55
55
36
31
48
30
56
35
35
35
39
29
62
37
46
39
34
48
46
29
44
37
51
44
31
32
54
28
61
43
45
58
44
26
33
36
30
61
34
55
52
14
49
78
40
43
41
51
51
60
55
47
25
40
54
45
23
47
21
50
48
54
39
32
59
64
51
32
64
34
50
16
47
30
33
20
40
32
48
39
45
45
37
52
59
37
45
53
63
52
35
38
33
47
51
34
37
40
55
32
33
49
38
67
30
30
42
57
57
71
33
48
63
67
54
17
37
52
50
59
50
39
37
32
56
31
31
40
52
52
51
31
38
50
43
32
52
43
31
38
51
40
57
65
46
