33
68
28
47
54
51
15
31
32
58
39
36
40
52
34
30
45
49
44
58
40
34
65
48
36
46
34
25
51
41
48
23
44
53
42
53
54
33
33
30
48
38
48
58
27
52
55
52
68
35
38
54
62
38
26
52
48
57
58
40
51
49
34
38
38
44
29
54
33
47
56
47
29
40
43
57
61
59
53
45
56
48
30
50
51
31
45
50
44
49
56
49
41
47
38
34
55
50
50
17
39
51
48
52
60
45
66
57
44
30
54
63
28
45
63
42
36
44
51
30
50
40
31
47
48
20
46
29
59
46
48
37
46
46
40
50
70
26
52
52
42
33
26
43
29
57
57
58
51
24
57
49
42
31
50
35
56
60
44
29
57
49
51
44
34
29
52
37
21
55
23
32
37
57
61
27
40
46
46
44
35
25
60
52
50
32
43
30
60
67
41
46
37
33
29
43
53
36
53
36
42
72
51
54
51
60
30
47
41
52
56
69
37
40
36
27
54
30
35
41
60
48
41
37
13
56
48
58
50
45
49
48
20
37
34
50
21
49
54
47
30
47
49
56
17
33
44
34
52
52
52
33
40
52
27
47
49
53
56
21
29
29
64
34
52
39
57
47
48
54
42
62
30
50
47
17
33
28
33
27
49
55
59
42
56
56
52
53
22
53
56
39
47
36
31
32
33
55
47
47
42
35
52
41
48
34
54
53
56
48
52
37
40
37
38
29
32
43
38
26
39
33
41
56
62
47
35
41
57
33
46
31
43
57
50
33
39
66
38
30
49
51
50
54
40
46
44
23
51
32
60
26
17
54
28
39
46
41
49
46
59
39
40
55
48
39
38
51
61
62
48
47
32
48
22
28
17
53
68
40
28
28
56
54
38
32
35
26
54
31
60
34
40
53
57
36
47
48
40
52
41
50
32
48
48
37
53
24
29
46
26
18
46
53
31
53
33
51
47
65
32
46
50
45
40
52
42
41
40
47
25
29
47
31
52
31
12
47
25
49
51
40
49
57
54
32
39
36
48
33
55
48
62
51
44
56
41
38
27
37
50
46
36
63
38
56
45
66
68
37
48
45
32
49
54
55
53
53
59
49
69
55
69
39
56
49
51
37
26
64
46
45
56
43
46
20
60
72
54
51
