59
59
55
54
36
56
50
31
55
16
32
63
27
39
45
47
35
46
37
22
52
53
40
54
38
56
46
49
30
65
28
66
49
55
46
45
34
31
22
46
44
56
33
44
44
55
30
38
57
56
65
33
33
50
36
47
36
42
44
56
50
44
41
34
48
40
32
66
29
35
39
65
35
63
49
52
31
43
48
37
53
49
30
55
53
39
28
55
56
50
32
22
55
49
48
35
62
48
38
44
48
41
58
38
46
38
35
53
39
30
29
49
47
44
57
46
54
61
46
31
51
48
58
22
23
34
52
34
40
31
19
35
45
44
32
50
27
59
34
65
61
34
20
57
51
27
26
51
40
43
75
61
51
53
48
43
47
44
16
56
26
56
39
46
33
43
30
37
50
53
57
34
47
28
40
49
6
46
36
55
41
39
59
34
55
45
39
34
34
52
50
36
32
31
57
53
50
50
43
46
49
31
47
35
47
27
38
22
53
55
54
56
48
50
25
27
58
21
38
26
47
43
27
45
44
23
28
43
21
36
52
19
52
39
7
27
54
47
60
29
50
42
46
47
59
23
43
59
47
34
27
36
60
32
31
53
63
33
52
52
48
67
61
32
26
43
53
36
26
25
68
26
52
35
53
53
38
36
44
32
39
23
47
33
54
48
53
34
43
44
33
41
37
47
28
26
32
39
37
55
50
21
27
48
33
26
39
56
44
37
12
32
37
63
31
44
59
31
28
36
53
51
33
36
38
50
49
28
34
43
29
60
55
52
30
39
46
30
50
58
36
40
29
32
61
62
59
29
59
31
55
32
49
15
40
31
29
58
29
24
43
48
19
45
57
30
55
47
34
20
23
50
52
55
55
53
54
41
48
51
37
32
47
37
40
35
44
50
27
29
52
54
28
17
46
34
39
32
34
38
30
25
37
32
56
47
40
51
47
14
55
70
57
41
37
27
30
31
54
32
46
55
33
16
52
36
55
45
40
5
41
44
62
56
63
54
50
50
30
24
43
37
38
51
37
47
29
49
52
58
52
50
47
46
18
46
52
41
31
55
46
46
48
53
49
46
27
53
55
49
34
43
51
35
50
56
53
31
37
41
48
53
30
33
53
53
48
56
29
49
23
40
43
54
41
57
40
34
51
42
