27
33
45
38
35
30
35
30
24
38
34
41
32
26
42
19
17
19
41
32
22
16
49
41
44
21
32
47
23
25
34
33
28
35
22
23
12
18
20
36
50
38
34
18
37
42
50
34
50
28
33
40
21
26
31
26
26
32
31
35
47
38
34
36
42
34
17
26
39
31
30
25
26
35
31
35
24
48
27
26
26
36
40
41
23
37
19
50
44
36
37
28
36
45
32
48
54
38
11
36
43
33
38
20
29
28
47
34
24
39
32
33
44
37
43
18
44
25
17
27
35
49
42
32
37
37
30
5
45
24
37
28
47
25
54
33
41
14
23
30
41
46
37
51
41
26
31
18
38
22
19
26
19
48
41
37
50
33
44
42
23
48
33
30
24
28
37
39
48
52
36
41
33
33
32
28
25
41
20
38
29
25
22
39
27
37
42
55
52
21
41
45
48
47
31
35
35
28
30
36
25
20
44
22
29
24
30
21
36
18
37
28
44
34
26
35
26
43
52
21
33
22
19
32
16
42
37
56
38
27
36
24
55
17
45
12
46
14
36
44
39
39
40
36
35
50
37
19
22
32
29
32
35
32
37
41
40
35
38
28
32
19
43
27
37
36
33
33
36
31
29
42
31
26
32
36
31
31
41
30
36
31
35
29
36
35
31
44
34
27
39
31
34
30
34
21
31
26
40
41
38
34
35
32
29
22
33
30
31
30
26
23
33
44
35
41
29
29
38
35
32
37
28
30
25
38
25
30
27
31
40
36
40
32
34
32
37
30
27
39
27
28
42
36
27
26
31
29
36
32
33
30
19
36
38
34
31
33
34
31
33
33
33
28
28
37
37
43
42
35
33
36
26
34
25
27
36
39
34
21
30
30
29
33
41
33
37
36
33
30
29
30
40
28
29
33
33
30
39
36
37
30
30
33
29
34
36
18
28
36
33
23
32
39
34
27
28
41
38
38
31
27
29
36
41
33
32
25
39
29
36
30
40
27
25
37
30
39
31
29
33
33
40
36
31
37
41
35
32
38
30
40
34
27
25
33
32
49
34
43
31
39
34
38
35
39
35
28
33
38
34
32
34
34
38
32
33
41
32
38
29
34
36
31
27
33
29
29
31
32
41
28
27
34
31
28
29
37
23
27
