38
25
65
47
52
27
25
38
23
51
32
54
54
30
40
38
37
36
35
43
35
58
31
44
23
37
59
41
29
39
51
39
30
47
47
30
54
39
38
47
28
50
50
52
27
58
41
41
67
53
14
33
54
23
48
28
53
37
36
53
57
33
29
55
52
47
72
55
53
32
13
40
32
35
37
64
49
48
71
17
64
33
51
41
29
53
50
40
47
44
33
50
63
43
48
41
39
40
41
48
32
56
56
43
32
56
50
52
47
55
68
46
19
39
36
34
38
35
48
34
53
24
44
24
33
28
44
26
51
49
50
51
33
52
51
48
53
67
45
55
47
57
43
40
54
37
27
32
33
46
48
48
55
49
34
33
31
49
55
34
39
59
53
38
35
55
32
21
53
44
34
64
23
24
49
40
50
41
32
52
60
49
27
27
40
53
54
49
31
53
43
27
32
47
50
35
49
48
45
51
39
24
49
50
38
31
49
40
35
53
51
50
27
42
18
42
50
46
31
41
34
17
34
49
44
40
32
37
46
37
33
33
62
55
30
47
52
49
41
40
64
53
45
60
40
26
44
33
54
31
54
33
58
60
55
51
29
57
44
46
73
55
59
31
47
52
56
43
34
52
43
46
52
36
22
44
55
31
48
47
30
40
55
51
42
50
36
37
73
46
57
52
39
38
32
45
47
24
38
42
38
54
48
36
45
32
81
44
23
43
48
59
54
25
52
33
30
43
50
47
52
53
25
52
37
29
52
48
64
55
49
52
50
45
62
25
53
53
50
43
40
38
52
37
39
80
47
56
42
49
42
42
35
34
39
28
41
52
33
42
31
33
53
43
44
56
46
44
25
37
49
37
45
27
29
42
42
33
19
57
22
43
55
58
54
37
35
47
38
43
61
48
29
37
50
55
41
33
39
24
66
52
41
52
46
33
33
28
30
38
58
50
48
56
55
31
62
28
49
31
50
64
66
36
30
29
27
28
50
52
43
66
34
57
27
35
46
56
45
51
56
33
54
31
50
43
33
55
24
24
38
45
50
22
38
58
35
32
39
11
64
40
31
38
55
55
38
28
48
52
35
50
35
61
36
35
47
45
29
56
48
34
43
32
46
43
24
30
52
27
55
29
22
81
39
29
38
21
54
43
