54
46
42
49
49
40
42
39
50
44
37
39
52
10
58
40
46
42
52
24
54
60
33
55
55
54
28
29
63
59
31
45
60
18
40
42
55
59
45
46
29
51
46
48
55
45
37
48
33
46
43
37
41
54
40
59
27
52
32
52
27
50
48
58
62
32
50
53
45
33
52
50
52
38
49
50
48
48
41
24
40
59
48
56
57
57
48
41
30
55
47
22
43
49
77
62
42
26
53
47
33
47
56
53
50
32
36
33
22
38
27
47
31
34
49
64
26
54
49
40
48
40
39
43
56
49
50
34
54
55
25
55
34
38
55
70
49
27
24
32
56
58
53
42
49
46
49
22
31
52
33
30
42
44
14
29
39
48
53
51
36
45
42
29
59
29
45
35
53
33
54
55
27
57
48
29
57
54
51
49
45
52
47
40
39
26
44
54
31
36
57
48
31
50
41
41
56
24
56
31
35
47
27
34
31
43
23
34
36
40
54
65
46
39
34
48
41
25
44
48
4
45
54
41
45
48
34
35
45
46
59
41
33
33
46
48
36
50
53
38
38
50
50
35
44
41
33
43
36
36
35
34
54
31
53
38
29
51
64
30
27
60
45
25
23
34
60
57
41
40
51
50
62
46
51
47
50
56
47
68
30
62
38
32
50
51
18
46
27
27
31
25
51
30
28
38
52
49
51
31
50
49
47
53
35
51
46
50
50
58
39
53
45
54
47
44
29
40
48
27
23
61
48
57
25
32
64
37
27
31
60
17
35
45
50
49
30
34
56
15
50
41
35
45
27
45
33
48
42
30
30
31
48
45
49
51
44
48
47
31
46
69
21
47
57
41
68
20
54
66
54
62
33
44
59
62
47
21
14
32
49
70
55
33
48
48
38
40
53
35
52
40
38
58
50
32
49
25
47
49
51
47
48
50
42
37
68
37
54
50
24
53
54
47
33
43
21
31
21
59
22
58
22
39
49
58
38
42
34
55
38
35
43
62
47
49
36
52
54
48
43
54
56
34
27
17
38
52
22
54
51
40
56
45
56
54
39
45
34
65
18
10
46
48
41
41
46
31
43
51
55
51
41
32
44
47
53
30
35
55
52
42
44
67
44
47
38
47
78
61
14
39
35
39
45
42
36
25
31
50
