41
40
38
27
52
35
37
51
55
37
46
41
51
40
47
28
53
43
45
36
33
50
55
36
36
39
21
45
53
31
30
66
49
64
46
45
57
39
39
42
55
29
59
52
49
44
49
26
31
33
35
53
64
45
24
45
46
52
42
23
35
48
60
51
55
49
29
30
47
57
46
38
34
36
41
45
53
57
57
45
49
46
42
55
53
29
38
54
52
41
29
24
59
52
34
30
37
52
27
34
50
45
51
49
38
39
52
35
47
50
34
32
33
38
28
40
48
23
61
47
33
50
49
56
42
32
38
38
21
27
51
47
49
51
35
60
48
41
37
52
39
50
56
33
54
56
59
57
46
40
51
54
39
45
52
29
37
59
33
51
34
39
37
34
25
59
46
46
24
30
36
64
55
75
50
36
33
47
58
53
31
18
46
46
39
50
37
44
64
24
32
54
49
43
51
60
56
55
35
39
29
42
55
58
70
28
32
20
36
51
50
22
51
21
30
43
53
32
57
48
52
32
37
48
59
27
57
46
48
39
35
51
52
53
20
27
36
35
31
28
56
41
39
41
48
31
42
37
51
45
72
53
29
45
27
52
54
30
57
19
50
34
41
38
48
46
62
56
50
35
48
33
50
39
47
56
54
45
42
43
53
15
38
55
34
39
30
46
44
55
30
26
49
54
45
52
47
52
48
54
22
56
52
30
50
25
59
45
36
48
28
49
37
50
47
70
31
45
46
30
51
35
55
48
23
46
39
36
27
40
43
27
41
41
31
25
46
38
47
51
42
45
47
36
49
30
38
36
26
49
60
57
37
60
57
57
32
57
46
30
46
39
33
37
58
36
61
45
48
45
36
58
26
34
29
45
33
23
55
53
33
37
56
53
34
20
49
55
81
39
51
40
47
42
53
60
27
51
30
23
41
41
14
48
49
32
44
50
43
38
59
50
52
60
51
47
66
37
63
38
24
36
14
49
48
42
32
38
49
56
63
48
54
41
41
31
57
23
46
41
53
51
49
50
68
38
26
34
28
28
45
47
41
50
64
38
34
34
52
24
35
32
48
36
28
19
54
54
28
35
46
52
46
42
28
62
58
29
32
22
30
30
32
51
43
38
41
59
45
46
38
54
25
25
27
34
33
62
47
38
