42
44
50
31
44
27
55
41
56
59
44
52
26
59
52
15
29
60
48
40
52
53
22
30
66
34
39
37
50
52
41
31
23
36
47
55
29
47
31
38
30
23
24
44
51
43
48
51
46
58
21
34
31
40
62
43
45
59
56
27
29
52
42
27
35
52
61
56
48
47
28
47
38
19
32
43
26
53
38
48
47
22
51
50
49
51
70
43
42
45
58
54
36
38
37
51
31
32
55
41
54
60
45
63
37
33
31
42
60
40
32
52
48
33
58
14
47
22
29
30
47
54
31
29
56
48
62
27
33
50
49
48
48
50
32
49
52
45
50
54
24
15
36
50
36
64
52
52
38
56
41
48
17
44
47
34
34
38
26
55
52
35
65
47
26
34
37
54
65
24
28
25
23
48
36
49
35
77
23
52
44
39
22
38
64
27
35
52
47
47
33
27
48
57
43
62
46
32
54
38
49
32
57
31
41
24
37
32
31
52
53
53
53
32
41
44
34
37
56
26
38
47
38
64
31
33
53
38
42
53
56
49
21
49
32
75
47
54
33
60
45
54
41
43
36
47
47
35
40
49
59
52
64
59
48
60
40
19
41
34
61
52
45
29
32
30
13
50
66
23
51
38
31
32
48
32
38
72
25
53
64
47
32
48
44
43
40
53
55
53
40
38
30
21
24
61
37
45
41
36
51
38
45
33
34
28
31
46
34
36
45
48
44
30
27
38
43
49
40
50
54
61
41
59
43
49
33
53
33
45
72
40
55
47
33
37
54
34
45
40
36
44
33
43
34
31
55
43
56
32
22
56
48
42
50
38
35
48
45
32
43
59
51
50
37
47
32
44
11
49
41
46
37
25
50
34
48
32
50
47
40
37
40
31
45
62
37
39
39
39
61
45
51
45
30
35
45
27
38
60
47
24
38
25
59
37
47
56
53
41
31
57
48
34
39
47
43
33
48
28
50
28
55
40
43
34
20
40
51
55
32
45
43
60
27
52
31
45
41
39
70
43
45
15
48
62
17
54
38
43
23
51
37
41
54
50
33
38
51
50
45
55
58
42
34
38
45
36
44
37
55
60
56
55
49
40
49
39
45
47
56
59
43
53
35
38
39
29
30
49
30
25
45
28
31
48
59
51
28
46
