31
32
25
30
31
40
56
36
38
53
44
28
32
49
46
37
56
63
38
33
49
35
48
54
48
50
32
31
38
26
34
63
34
64
22
49
58
52
43
59
66
49
50
32
47
27
40
30
55
64
32
43
30
37
63
42
35
51
41
27
33
39
36
45
54
34
61
36
49
74
56
31
39
45
53
59
36
48
20
54
37
60
38
51
50
34
46
35
52
49
59
42
52
41
51
28
54
34
57
54
34
39
38
53
59
22
51
34
41
56
26
49
22
6
50
34
48
53
54
49
35
24
50
24
38
59
57
25
37
34
46
46
58
59
28
34
41
32
45
52
22
54
51
47
30
48
39
59
52
40
48
33
43
37
26
55
28
33
50
34
36
27
41
58
32
19
49
35
22
38
30
23
44
60
24
41
47
65
38
31
41
47
62
36
61
63
23
29
37
57
43
54
33
39
45
30
36
46
35
39
32
38
56
36
38
46
58
60
37
18
30
20
31
48
47
50
64
48
50
38
32
27
49
28
26
18
38
37
41
62
23
51
64
47
58
45
75
46
37
50
63
46
21
33
57
30
48
50
54
46
41
24
51
70
56
57
39
42
46
61
36
46
33
49
36
32
49
33
39
57
34
16
69
38
43
46
40
20
37
33
63
26
30
27
42
43
31
51
38
50
47
49
61
55
57
56
55
51
61
39
63
34
47
30
46
38
48
50
55
34
39
44
31
40
29
52
35
45
41
57
41
24
36
56
28
46
25
53
48
53
30
30
32
35
26
48
32
40
40
32
33
31
47
47
57
61
32
40
46
36
37
49
35
56
57
26
48
59
50
39
44
32
30
41
21
25
31
53
34
28
35
35
40
38
50
32
48
25
50
33
45
46
46
52
60
48
32
64
39
56
27
34
33
29
44
22
30
37
54
61
45
50
39
36
26
59
44
42
34
47
11
49
44
59
38
23
27
36
31
34
48
50
33
35
33
50
24
51
36
52
15
61
45
27
32
28
47
44
43
52
44
45
35
52
22
48
31
10
53
36
46
52
37
47
41
26
42
37
21
28
61
24
28
35
62
62
43
58
39
45
55
39
57
53
32
33
47
41
31
25
52
33
41
41
44
43
27
40
50
34
42
47
18
52
25
27
24
20
42
34
