33
51
51
44
57
32
36
50
29
45
59
39
52
35
39
51
29
44
23
54
43
28
29
9
34
57
37
37
64
39
17
54
46
55
39
43
29
44
4
25
25
51
33
37
37
38
51
25
50
34
41
52
64
52
32
6
35
35
52
30
35
42
44
56
56
48
55
24
35
54
44
24
42
21
36
28
24
48
54
52
42
55
44
28
22
51
59
56
49
52
46
33
34
21
50
59
52
52
28
42
51
38
37
57
55
49
51
31
49
31
52
45
51
35
52
29
55
44
56
15
42
27
55
54
36
38
39
45
29
40
28
41
51
32
38
31
57
39
56
40
64
44
43
43
27
50
29
36
44
39
51
27
48
33
50
43
46
49
23
59
49
36
49
35
20
52
55
49
34
59
52
66
51
52
47
37
66
38
47
64
49
43
57
54
8
51
25
47
39
50
39
26
23
32
30
43
37
63
58
59
19
61
38
45
43
56
42
43
54
32
61
55
13
42
47
47
37
44
36
52
46
24
38
53
24
43
38
37
34
17
62
52
43
14
56
64
56
54
21
41
47
30
48
50
49
36
44
59
46
27
30
16
55
39
47
38
51
29
39
59
47
41
37
40
53
51
45
50
29
51
50
54
56
27
54
37
57
29
34
51
58
42
47
13
48
33
28
46
52
31
42
53
48
50
33
42
55
53
36
55
34
30
40
29
54
35
46
36
51
39
36
38
50
30
45
47
52
54
34
48
42
39
53
59
40
31
15
54
28
44
15
48
56
56
16
24
48
57
33
54
32
53
50
30
50
60
54
30
38
30
49
51
39
26
19
21
36
45
56
47
33
74
47
30
53
26
51
59
21
38
55
48
50
52
44
30
30
55
59
50
57
49
32
37
36
49
30
59
45
53
53
35
47
32
29
30
34
29
41
32
48
28
23
53
49
64
46
47
43
48
53
45
29
53
28
50
37
43
46
41
34
56
50
21
47
32
20
33
59
45
20
33
49
36
41
43
52
33
56
46
46
43
50
28
55
57
32
57
47
39
36
55
26
38
57
47
26
52
43
50
50
42
57
33
54
35
39
29
52
23
63
51
37
39
25
33
32
23
22
36
51
43
53
48
51
29
52
38
36
63
52
30
38
62
40
53
35
44
43
31
