45
28
47
61
45
49
41
47
53
19
40
25
52
43
43
44
64
28
49
52
54
25
31
38
34
65
49
48
63
55
24
59
23
39
38
32
29
39
20
48
33
42
50
53
37
31
52
47
54
54
63
51
52
32
40
37
38
34
41
51
48
50
54
37
33
45
46
47
45
49
35
37
30
25
34
27
65
49
48
36
47
53
57
48
40
30
30
48
32
58
30
33
59
57
54
47
32
59
60
27
35
43
48
20
51
28
50
30
49
24
53
35
22
50
31
46
40
59
51
51
63
31
67
37
41
30
51
35
58
46
53
47
26
57
50
30
35
50
57
28
54
40
44
33
31
48
37
53
58
30
35
44
35
48
55
40
36
35
33
36
45
50
17
36
29
56
59
59
49
40
30
53
42
56
64
44
51
46
42
51
44
50
66
35
38
35
47
30
38
44
52
35
52
36
42
46
38
37
56
34
36
54
30
31
41
55
44
52
29
32
30
36
28
32
43
47
42
31
45
48
45
39
60
41
20
54
30
45
40
48
33
47
53
45
22
42
42
42
26
57
48
39
35
33
31
37
46
44
32
25
45
60
40
32
51
35
51
28
23
51
34
24
36
44
44
45
17
40
40
36
53
31
60
22
55
24
39
62
52
29
27
44
34
47
48
39
17
23
43
53
58
43
56
25
50
36
29
49
30
24
22
55
51
46
31
61
31
51
30
52
38
43
41
32
56
59
24
45
39
26
41
18
36
62
54
54
43
16
53
31
50
35
27
43
26
72
28
53
44
53
53
29
59
53
28
40
16
50
55
34
35
58
34
24
43
53
50
58
30
52
48
28
29
26
47
31
49
55
26
46
31
36
32
49
33
16
57
46
52
37
29
35
32
28
35
27
53
28
31
52
36
51
64
58
50
27
57
57
41
48
23
29
58
31
57
54
55
30
31
40
32
49
52
54
40
50
28
55
50
42
33
29
46
52
51
55
38
39
46
50
30
35
51
29
30
34
40
37
31
53
35
55
61
33
38
32
42
45
52
68
43
34
55
55
52
50
30
42
31
45
5
30
29
52
51
48
49
50
50
25
31
33
40
56
52
51
36
51
52
27
34
28
30
36
50
56
48
22
25
48
39
52
34
48
23
47
50
40
46
31
