47
29
45
52
62
55
52
15
31
33
57
61
22
17
32
58
44
35
50
32
28
62
49
56
51
59
32
30
42
53
60
55
32
42
39
56
58
52
40
34
61
67
57
41
33
16
43
17
23
32
42
31
47
42
25
48
48
52
70
44
33
48
60
40
40
45
44
55
47
49
51
44
37
29
57
64
47
39
39
48
53
35
58
52
37
33
44
52
47
33
44
52
57
31
27
53
48
48
34
46
28
30
41
48
73
54
60
47
45
46
53
51
42
31
31
36
29
40
39
28
60
54
50
52
68
65
48
35
29
33
52
43
53
48
32
17
52
43
64
49
48
52
30
49
27
17
34
33
44
32
37
57
51
50
71
30
23
57
19
45
39
48
55
47
58
52
27
45
54
35
49
50
36
22
20
48
40
50
38
41
29
43
45
54
38
30
49
53
19
48
37
58
57
34
28
48
34
35
48
34
63
40
34
51
28
51
43
34
40
16
32
30
52
43
19
56
41
24
54
27
36
42
44
47
30
51
61
41
42
49
51
51
54
50
43
54
51
53
50
42
45
45
46
48
39
52
37
42
42
39
43
48
44
50
47
41
53
45
28
40
28
35
33
46
36
56
51
49
55
51
48
48
37
46
53
37
34
27
41
34
48
51
58
39
34
47
30
48
48
53
52
43
32
36
48
27
36
51
49
36
32
47
36
49
39
45
48
51
53
58
49
28
37
34
55
38
31
45
27
31
29
52
49
48
42
19
56
33
60
49
50
46
45
43
50
28
30
31
45
50
51
47
49
53
25
66
58
64
30
37
45
52
22
54
33
50
37
36
37
55
54
32
49
45
48
56
47
34
48
53
45
36
47
39
42
49
21
39
48
32
38
32
42
28
47
32
49
48
42
36
46
60
37
63
46
33
31
67
56
49
38
53
42
57
42
42
36
54
58
53
19
24
60
45
54
47
52
36
41
43
41
61
24
51
46
36
30
41
67
45
50
47
37
48
42
30
43
31
32
46
35
41
51
52
53
28
45
49
41
56
55
44
48
35
48
35
63
45
40
52
34
49
52
37
50
26
59
39
45
58
38
31
34
28
38
34
55
36
32
71
47
46
21
49
57
33
24
48
27
46
28
55
54
42
25
63
46
38
38
47
