55
37
47
46
54
32
38
54
36
49
41
62
59
42
54
51
24
40
53
34
32
23
35
46
43
49
29
53
46
51
34
56
54
43
49
52
43
33
30
47
62
33
38
46
38
55
38
57
23
62
51
42
41
57
50
22
48
38
61
53
42
42
55
43
48
52
48
29
51
42
48
48
29
34
50
41
54
55
55
40
54
37
44
50
58
39
29
62
17
44
52
41
28
55
53
8
29
51
49
47
38
56
54
52
31
22
25
27
57
68
38
49
21
30
37
23
44
40
36
50
49
47
51
36
45
61
42
61
71
49
31
51
52
44
42
39
31
52
21
36
42
50
49
43
70
24
47
44
47
53
51
33
33
50
57
54
36
24
49
46
38
52
33
21
34
40
50
43
42
28
32
29
42
45
64
28
24
33
50
59
41
33
31
37
57
51
50
36
58
57
59
19
51
50
55
42
41
27
50
26
40
50
42
43
55
37
40
34
35
36
36
31
37
31
33
22
53
48
62
36
22
17
30
29
49
58
55
49
41
29
43
44
41
43
66
23
47
62
45
46
43
41
44
47
25
31
46
36
30
55
14
21
62
40
39
55
47
44
48
37
31
51
33
37
50
41
33
53
42
34
45
49
45
53
53
46
27
47
33
44
37
60
45
41
52
50
39
49
54
27
53
41
48
39
37
43
48
65
50
30
34
44
55
36
49
50
57
23
37
31
56
48
42
58
47
51
33
53
58
18
39
51
45
43
53
50
47
57
53
58
36
31
38
50
28
52
53
49
56
40
55
40
26
51
39
43
52
27
26
47
49
60
50
42
28
49
58
48
52
44
49
38
39
59
43
32
50
31
37
49
44
17
48
30
40
31
41
49
37
47
48
47
39
52
31
45
29
8
63
36
31
27
50
50
24
53
58
28
31
44
57
28
51
54
49
55
40
53
47
42
52
16
46
63
32
51
42
25
40
26
43
55
24
60
49
55
50
60
33
28
74
49
30
65
50
36
34
32
37
43
44
37
51
37
57
49
32
52
50
16
40
41
33
56
68
62
54
34
29
49
33
60
33
55
50
37
46
41
50
30
55
56
54
60
27
47
66
56
34
54
59
31
37
21
55
17
50
50
49
48
52
42
29
44
40
22
52
53
32
51
