37
36
37
29
38
29
46
37
44
23
34
39
57
39
25
53
38
20
46
24
27
40
40
17
43
15
28
38
31
29
31
55
30
38
17
30
33
32
51
27
36
35
34
59
33
38
35
28
14
40
39
29
11
30
35
40
49
33
11
38
22
41
38
42
46
44
30
28
19
34
38
41
6
24
34
24
46
34
14
26
33
25
26
39
27
27
8
46
38
13
49
31
21
41
31
54
39
38
19
33
30
27
12
28
23
39
45
32
36
24
37
17
30
42
55
43
41
29
28
28
32
47
41
36
42
34
19
40
37
39
38
42
41
46
9
11
36
27
19
21
18
21
40
47
17
38
41
27
53
26
11
36
48
28
21
4
24
18
27
33
25
31
20
25
19
34
47
52
43
24
41
22
44
40
24
23
31
38
33
21
27
27
29
29
43
42
39
17
37
36
36
19
31
32
24
40
42
25
51
38
27
18
32
44
56
18
40
37
17
31
56
26
38
42
47
15
23
12
49
31
16
34
20
48
28
34
51
37
43
23
34
34
22
24
35
37
38
27
44
32
42
30
44
41
26
33
51
36
20
34
37
36
38
30
37
28
28
29
34
41
30
36
36
35
30
42
35
30
27
41
38
27
30
27
31
27
30
26
35
39
32
34
28
27
29
28
34
38
34
31
26
34
39
27
34
31
30
38
27
37
34
36
34
26
26
35
22
23
37
34
31
38
31
28
32
37
28
23
26
36
37
33
35
36
44
32
29
41
35
41
33
22
34
31
26
29
31
36
32
41
39
34
35
36
39
37
30
41
30
36
35
33
31
32
42
31
33
34
31
30
35
35
22
29
29
32
38
31
39
30
36
39
26
34
32
30
30
37
32
38
30
29
34
30
30
39
40
33
40
30
34
16
27
38
33
32
36
33
35
36
36
37
41
32
40
32
37
29
34
26
40
31
33
30
30
28
28
30
37
34
38
30
25
36
31
34
34
32
30
25
35
36
31
32
32
28
22
32
25
36
31
30
29
35
25
31
29
35
40
36
34
36
37
34
33
31
32
25
38
35
26
29
38
30
41
28
34
37
25
35
30
35
36
37
45
26
29
27
50
35
31
33
30
24
27
33
42
37
33
32
32
34
41
30
33
27
36
38
30
22
