36
37
40
70
43
50
51
54
63
44
49
37
37
42
48
27
35
54
31
37
33
32
44
12
54
25
31
64
60
24
30
39
31
51
27
56
48
39
38
33
39
35
51
35
59
38
33
43
26
28
33
37
56
67
25
33
28
50
40
35
46
39
54
40
62
50
31
29
47
30
55
48
36
61
71
47
44
50
45
35
52
53
37
65
35
34
23
51
59
49
27
40
54
47
28
25
51
33
48
34
32
27
35
44
30
48
36
53
33
43
34
36
31
45
47
56
50
18
42
47
54
39
54
38
58
38
59
37
27
28
48
32
52
52
38
47
42
30
34
43
49
51
52
24
37
61
33
37
29
52
31
55
60
30
35
36
48
38
44
32
27
55
45
47
46
34
50
31
51
38
30
62
59
39
56
34
56
57
58
24
39
50
37
47
46
29
21
45
44
34
27
48
45
50
26
60
35
51
20
44
32
30
50
32
61
46
52
32
30
35
58
47
49
52
42
50
25
41
60
40
35
53
45
37
63
19
43
38
47
59
48
41
32
45
43
30
46
33
52
47
72
29
50
48
16
24
34
50
35
51
50
37
38
66
57
52
30
50
26
39
55
49
17
48
46
35
45
42
47
48
56
24
34
44
31
60
27
41
27
23
53
54
51
70
43
35
41
55
53
29
31
28
33
22
59
51
23
58
37
40
63
25
32
36
37
68
35
55
54
49
26
26
28
25
21
36
78
36
55
51
49
62
52
16
61
50
30
28
42
20
57
56
48
57
52
63
49
54
39
31
38
40
37
30
35
31
48
30
49
34
63
43
42
55
44
44
60
43
54
50
31
28
27
32
43
39
66
29
18
55
59
42
45
32
40
34
38
32
44
33
57
37
59
36
68
43
52
33
33
55
24
32
47
29
47
21
42
65
43
30
38
32
56
54
40
20
56
57
22
44
47
55
30
50
56
41
51
38
53
38
56
39
22
38
20
59
51
59
51
57
24
23
27
51
56
52
36
54
58
27
24
45
54
48
31
51
24
42
58
38
41
57
45
39
34
57
47
38
38
57
58
31
52
42
27
55
51
47
53
32
36
41
54
55
55
25
29
52
52
35
49
53
30
45
27
48
32
34
29
28
47
48
45
23
29
51
43
52
52
47
