52
48
44
49
31
38
56
59
39
35
23
32
53
50
41
39
49
50
43
35
32
59
38
46
41
47
44
33
34
29
31
42
37
58
37
48
40
32
29
21
51
34
41
32
34
56
32
51
38
51
60
65
43
49
42
59
50
24
57
48
41
33
51
49
39
50
55
60
66
24
31
57
33
52
57
53
33
46
50
46
48
41
48
45
41
47
60
19
32
36
40
37
39
51
34
40
52
48
50
12
48
52
54
49
41
53
42
41
53
44
24
49
38
49
53
32
43
53
28
50
41
37
28
47
53
46
60
49
21
48
58
31
51
52
55
52
21
47
33
43
29
34
51
38
29
44
52
63
23
38
55
51
53
25
45
36
34
45
43
49
36
55
54
49
27
57
50
47
47
48
58
41
59
47
54
38
50
37
48
58
63
35
54
22
51
40
33
41
28
29
31
53
56
37
47
50
46
25
55
43
34
63
36
47
40
52
24
40
54
41
35
62
31
22
16
31
49
37
50
55
50
50
59
40
51
29
28
51
39
53
54
43
54
41
58
54
40
49
36
44
34
52
46
37
29
56
22
44
60
42
36
34
42
61
33
46
39
35
49
28
32
46
61
34
58
50
36
49
35
48
48
33
48
50
59
17
34
34
35
29
32
51
51
9
25
38
35
50
37
33
39
41
63
46
27
52
19
44
50
36
34
48
36
62
45
30
41
43
46
51
16
42
43
32
55
32
52
25
54
51
33
59
30
59
52
48
55
57
50
42
59
44
33
53
31
52
26
36
26
49
33
58
50
49
44
27
45
53
39
18
56
54
32
41
34
52
53
42
46
36
48
47
55
52
40
54
35
16
53
35
51
26
35
53
45
28
35
46
36
55
40
32
50
25
62
25
54
66
23
53
49
32
28
39
38
33
27
53
42
49
20
42
54
22
40
55
51
34
60
28
50
36
39
44
38
55
49
47
47
58
54
46
35
58
51
14
45
63
60
38
43
19
24
26
56
34
30
78
51
53
57
55
29
31
25
34
37
54
55
54
33
33
52
50
52
56
40
38
31
34
35
36
48
52
40
51
40
39
46
40
55
38
47
50
53
40
40
55
43
43
51
42
24
40
59
63
55
55
30
39
52
31
66
24
54
47
53
38
59
25
