30
44
65
47
52
27
35
38
21
51
26
54
54
34
40
38
14
39
35
39
54
43
28
58
26
37
44
59
22
28
41
12
51
30
47
22
47
47
56
54
32
38
38
47
25
50
25
50
52
58
23
32
41
30
67
37
53
36
54
48
53
36
35
53
31
57
33
55
52
23
37
29
39
39
47
72
55
53
37
30
64
39
49
28
27
48
71
64
51
41
14
53
50
33
40
23
28
37
47
44
29
50
63
32
13
48
41
48
56
56
32
56
40
32
50
35
52
17
33
41
47
29
55
33
43
41
68
39
46
36
38
53
40
44
44
51
49
50
51
52
51
48
53
32
67
43
19
39
34
45
55
35
48
47
34
24
24
57
43
33
54
46
48
28
26
33
40
37
55
49
49
55
27
32
39
33
59
53
48
55
53
44
34
34
33
64
49
50
31
41
52
34
38
60
49
35
27
53
54
49
53
32
43
47
21
23
50
49
24
48
45
51
40
32
27
39
49
50
40
38
31
27
32
49
40
35
24
31
53
35
27
18
51
50
31
42
42
50
46
34
41
49
17
44
46
34
62
40
55
32
47
37
52
49
41
64
53
37
60
40
44
54
54
33
33
30
58
60
40
55
45
26
51
33
31
33
29
31
57
47
34
44
46
73
43
55
46
59
52
36
56
22
44
31
47
43
52
30
42
36
52
55
48
40
55
46
51
50
39
38
37
32
24
38
42
32
23
73
57
43
52
59
25
45
33
30
47
53
38
54
48
36
45
81
44
25
48
54
37
29
25
50
52
40
43
50
47
52
38
52
52
48
37
42
35
34
39
64
28
55
41
33
49
31
33
52
50
45
43
44
62
53
53
43
25
37
29
42
42
52
33
19
39
22
80
43
37
47
56
49
42
42
35
29
52
42
37
41
33
39
53
56
24
46
44
41
33
33
28
49
37
45
27
57
55
30
58
31
54
28
31
47
38
50
36
30
29
27
43
61
48
50
28
55
34
66
52
52
27
46
38
45
58
33
50
48
31
56
33
24
24
55
62
38
22
49
38
64
66
35
50
11
40
52
43
66
57
31
35
46
28
56
35
51
35
36
56
54
35
50
43
29
55
34
45
32
43
24
50
30
58
27
29
32
39
22
29
38
21
64
