50
59
49
56
40
48
49
41
56
54
54
50
47
43
54
45
50
47
49
49
50
56
44
53
59
58
52
53
55
48
50
56
56
57
55
46
45
52
54
43
48
55
48
48
53
51
54
54
59
42
37
55
43
53
50
54
34
45
52
48
47
57
54
46
51
55
47
48
55
59
55
53
49
53
54
49
50
44
47
46
41
51
37
59
47
53
44
48
49
51
60
46
48
48
49
57
58
49
52
52
48
46
53
45
58
55
46
44
55
49
46
56
58
49
52
48
49
40
47
46
47
59
54
53
51
45
45
46
44
54
38
49
48
45
45
50
58
50
53
51
55
49
56
55
51
51
61
46
48
46
53
49
48
50
57
48
42
57
49
42
40
51
41
55
56
46
56
41
46
54
56
40
50
48
56
46
52
52
48
59
57
52
48
55
38
51
53
46
52
49
54
57
57
47
49
48
51
48
51
44
45
46
52
46
45
43
49
54
47
45
55
48
47
50
45
53
43
45
50
52
54
60
60
57
44
48
47
48
41
54
56
53
52
56
43
45
48
60
47
48
44
47
53
50
56
56
50
45
52
47
53
46
65
42
43
62
40
57
47
60
71
32
56
60
59
39
31
37
58
57
42
57
68
53
51
66
46
50
52
64
57
37
60
57
53
50
43
48
52
66
47
68
36
41
44
41
41
53
63
45
37
70
50
57
41
47
56
55
50
42
49
62
63
66
58
50
69
67
58
61
43
62
40
56
48
54
39
52
57
49
43
50
38
50
43
37
46
38
53
54
30
58
45
62
51
47
55
53
53
47
51
70
39
38
45
42
59
44
43
44
32
52
55
61
45
40
34
41
46
57
58
56
66
43
44
40
59
37
49
41
45
38
63
61
46
62
59
65
49
36
57
47
50
57
57
40
66
58
29
30
29
52
39
37
56
59
54
48
51
59
34
58
45
66
37
41
44
50
51
60
51
41
43
48
42
67
38
66
50
39
61
55
33
54
58
37
50
42
59
57
58
38
48
54
48
63
45
50
54
64
39
42
50
59
46
60
46
50
50
40
55
48
41
40
45
44
43
57
52
49
61
52
47
55
44
56
49
54
43
45
64
69
65
44
34
50
33
54
50
62
68
42
55
35
56
38
63
58
61
64
