50
52
39
52
50
47
54
49
55
51
49
47
54
44
47
49
53
49
43
52
61
50
51
53
55
54
53
50
48
60
53
55
47
60
50
43
50
53
56
40
49
47
56
55
42
38
55
45
53
61
49
44
56
48
49
56
54
54
42
56
48
52
39
53
57
57
48
52
47
41
57
63
45
41
46
55
44
58
49
45
49
50
59
44
49
50
47
55
50
48
42
50
54
49
60
62
46
50
46
46
47
55
60
59
51
47
58
54
48
50
44
45
51
50
45
50
47
51
52
50
53
56
58
51
52
55
43
44
53
46
49
48
52
51
45
48
54
61
49
52
52
46
56
50
45
50
44
54
39
51
49
51
57
52
49
49
50
52
52
57
47
48
45
49
48
49
47
45
55
40
48
45
58
52
51
48
52
47
55
47
43
54
52
59
57
42
41
43
45
54
44
51
50
52
52
54
48
54
49
49
49
47
55
44
45
53
52
45
55
51
49
45
57
57
44
44
47
43
43
55
36
52
49
57
48
44
52
52
47
49
53
51
53
51
44
54
55
53
48
46
56
41
51
44
47
54
50
53
49
46
38
48
53
51
42
48
54
49
58
42
40
42
55
57
59
49
56
54
53
47
47
51
60
47
44
48
54
53
51
48
47
42
60
43
42
43
55
47
54
61
51
41
45
56
49
46
56
44
56
54
49
49
48
51
53
60
44
56
58
48
49
56
47
53
43
57
47
44
49
61
50
58
43
51
57
47
45
52
46
49
57
54
54
48
48
53
50
46
45
51
43
52
56
43
49
58
43
47
51
52
45
38
45
47
50
48
54
50
53
45
51
50
57
50
47
47
55
44
44
49
51
51
45
45
56
59
46
52
47
53
45
51
34
52
50
50
55
49
53
48
41
49
42
47
56
51
53
47
49
46
59
49
53
48
52
50
51
54
48
55
47
47
44
55
57
51
49
58
42
51
47
51
46
58
45
64
41
44
50
51
55
45
47
42
54
42
51
53
44
47
48
53
48
46
53
44
38
50
62
50
59
50
53
46
48
52
51
52
47
53
44
50
47
49
45
59
57
50
44
49
52
43
46
48
47
53
50
49
52
52
53
56
46
57
53
44
46
57
53
47
52
53
48
48
51
50
48
43
49
50
