60
52
55
50
51
52
51
48
51
50
48
45
45
39
47
57
42
47
33
67
59
62
47
55
42
64
60
43
42
53
32
32
53
52
39
48
54
65
36
45
47
56
54
51
58
58
41
40
46
54
63
64
51
61
45
65
40
40
38
43
59
51
56
39
41
48
53
68
50
47
40
63
51
53
48
63
50
50
34
63
48
75
37
65
33
35
59
58
63
52
57
70
43
55
56
57
37
65
50
38
39
44
59
54
52
61
60
56
58
72
49
64
32
58
51
41
40
57
42
51
40
57
37
54
45
60
50
51
46
62
54
58
51
47
51
43
39
43
46
64
42
64
62
63
30
50
49
53
40
48
42
52
48
48
48
68
41
56
60
40
26
36
50
47
56
51
32
56
50
48
46
72
55
42
49
54
35
47
57
53
67
50
44
45
53
54
26
42
59
52
31
50
47
41
49
50
65
56
37
51
56
58
36
40
53
44
56
19
43
32
78
66
37
57
39
52
60
40
61
45
48
52
39
55
31
44
44
57
41
41
42
52
53
63
60
38
48
50
55
55
27
61
48
57
57
64
35
50
56
57
43
47
45
52
51
55
51
46
51
40
56
49
49
45
43
49
54
54
51
54
58
52
51
47
53
42
50
52
55
47
58
52
53
49
51
53
49
42
54
50
55
59
52
57
47
47
58
53
55
46
50
45
46
48
49
57
44
47
47
49
40
49
45
49
48
47
53
56
45
53
57
60
49
42
44
44
46
57
57
58
44
42
49
43
48
42
48
47
56
45
54
52
60
61
46
49
59
53
54
44
54
51
59
60
56
53
46
50
52
44
50
48
57
48
49
52
51
50
43
55
46
49
42
52
50
51
55
58
47
48
52
51
47
58
42
58
55
44
66
50
51
58
47
51
39
53
53
54
48
54
45
51
50
44
44
42
56
43
52
47
52
52
51
56
38
49
44
65
54
45
43
52
51
52
54
49
48
49
46
49
52
54
51
57
51
45
51
41
49
51
50
51
59
48
49
53
55
60
46
53
58
51
57
45
56
64
56
60
57
53
49
45
50
54
48
55
50
55
40
51
47
57
51
49
50
47
51
47
48
44
60
58
50
56
37
47
55
44
49
39
45
47
54
47
52
40
52
49
41
45
