59
59
22
54
44
56
33
44
55
30
38
63
33
39
45
47
33
46
36
36
52
53
40
54
34
56
46
49
40
65
32
66
49
55
46
45
29
35
39
46
35
56
31
37
44
55
30
39
57
56
65
28
32
50
22
47
38
42
44
56
50
44
41
48
66
44
41
65
38
38
35
63
39
49
52
43
30
48
53
29
49
55
44
53
55
31
22
56
50
55
23
34
49
48
35
62
48
48
34
31
58
19
46
35
53
45
44
49
32
47
27
57
46
34
54
61
46
51
48
34
58
52
40
20
27
26
50
40
59
16
26
39
33
30
37
65
34
61
28
57
51
40
51
43
75
6
36
61
39
51
53
48
43
47
44
56
56
46
34
43
50
53
55
57
39
47
49
34
46
55
41
34
59
36
32
45
31
52
31
50
57
35
53
47
27
50
38
22
25
50
43
27
21
38
46
49
47
53
55
54
56
26
48
27
45
44
23
28
50
58
47
43
52
52
43
21
39
36
54
19
47
60
7
27
50
29
23
34
27
36
42
32
46
47
31
33
59
43
59
32
47
60
53
63
52
26
52
48
67
36
26
25
61
26
35
43
53
38
68
52
53
53
44
36
32
47
54
48
39
23
53
33
41
34
47
26
43
44
37
33
37
28
55
32
50
48
56
39
21
27
33
44
63
44
26
59
39
36
53
51
36
37
12
49
32
37
31
43
60
31
28
33
38
55
50
52
39
28
34
46
50
58
29
40
30
30
61
36
29
62
32
59
59
55
29
32
49
31
40
58
15
48
31
29
45
57
55
29
47
24
34
50
52
43
55
19
30
55
20
23
37
53
32
54
41
37
48
51
47
50
27
40
35
44
29
52
54
46
56
47
28
17
51
34
47
55
70
39
32
57
54
46
34
38
55
30
25
37
32
40
14
41
37
27
52
36
30
55
45
31
40
44
62
32
33
56
63
16
54
5
50
50
51
41
37
47
29
49
52
30
24
58
52
46
52
41
46
46
43
37
38
50
47
48
53
49
46
55
49
43
51
18
46
50
31
55
56
53
27
53
41
48
53
53
53
48
34
35
56
49
31
40
43
37
54
57
51
30
33
42
44
52
29
23
42
50
41
42
50
52
41
43
47
49
40
56
34
46
54
45
