56
53
56
49
41
51
55
51
52
48
47
45
47
53
49
48
43
46
48
48
48
53
53
48
48
46
52
53
43
48
51
53
46
44
50
53
53
57
52
51
56
50
42
44
58
48
59
43
49
53
43
50
59
49
53
47
52
47
53
44
58
50
41
48
53
48
52
46
45
52
52
51
46
54
55
54
56
54
56
41
37
54
51
46
49
55
43
50
57
57
43
49
50
55
41
49
46
47
54
50
46
55
59
47
47
50
53
47
57
50
49
54
53
44
48
51
55
53
54
49
47
64
49
60
56
47
48
48
50
38
45
43
47
58
45
45
72
55
49
50
49
50
51
55
53
47
49
54
53
59
51
56
56
43
53
52
53
52
53
45
57
49
47
45
47
60
44
53
51
50
50
54
65
47
50
49
46
45
47
57
49
53
47
52
50
50
43
52
50
58
46
59
46
48
45
54
47
50
51
51
54
57
52
48
54
49
45
45
52
49
53
55
54
53
46
48
57
53
42
42
46
44
52
49
43
43
42
48
53
49
52
59
48
44
52
46
44
57
43
48
49
55
44
46
56
55
52
52
43
48
31
44
46
43
41
40
65
46
56
49
51
44
49
55
49
53
57
62
51
34
59
59
46
52
58
60
59
63
71
29
50
23
69
64
48
36
38
67
46
57
59
46
46
54
62
57
43
44
57
48
55
49
54
54
62
47
53
51
44
51
51
47
45
43
41
52
29
55
45
63
67
58
37
46
65
38
38
54
39
57
59
27
63
61
52
64
55
48
65
40
46
38
71
37
50
59
41
60
50
52
46
41
63
49
52
59
43
45
47
57
76
60
63
43
56
46
56
43
40
51
67
54
55
53
63
52
49
48
40
68
41
64
54
35
49
55
55
52
29
60
42
53
53
54
66
45
44
54
55
41
35
59
56
35
55
47
52
53
42
47
41
51
59
41
23
49
52
60
62
55
62
52
43
51
51
45
49
50
45
44
60
43
34
42
51
48
44
58
50
52
25
64
48
34
33
52
46
45
54
48
42
52
65
40
46
51
59
29
47
60
63
36
63
55
54
53
48
43
41
33
48
58
45
49
58
37
74
64
54
46
47
67
40
49
42
41
60
49
39
43
35
50
50
48
46
49
44
61
47
49
