49
52
36
29
48
28
21
34
26
58
44
48
37
21
49
34
38
49
30
31
35
53
45
31
29
42
46
24
30
55
35
50
31
36
34
48
31
31
65
52
60
34
20
63
46
51
31
52
32
52
44
31
49
28
55
66
43
48
50
31
32
51
46
53
51
72
56
31
14
33
44
64
57
51
46
54
17
29
27
26
45
53
56
56
52
52
41
27
37
44
34
59
31
66
54
24
51
26
31
28
53
59
31
24
34
33
58
53
55
27
49
21
39
28
61
36
47
41
29
19
64
49
53
28
53
68
41
32
21
50
52
25
42
20
55
29
47
35
49
34
54
32
52
58
45
35
33
38
63
53
46
65
57
40
44
47
50
51
58
59
43
42
36
24
60
49
34
59
41
53
47
38
51
50
34
64
19
60
57
46
34
49
27
28
49
57
43
35
36
49
46
23
26
26
31
47
59
41
39
40
42
35
25
29
31
36
22
49
46
38
43
44
32
31
50
50
52
51
48
34
39
37
29
37
55
59
54
42
46
27
31
29
55
54
29
38
31
58
50
33
55
49
53
42
40
52
37
44
19
47
38
58
35
55
43
58
50
28
42
42
51
56
38
53
47
31
60
68
32
27
48
39
30
20
47
38
52
57
48
60
30
39
40
39
51
54
47
43
70
37
49
23
48
35
51
76
54
36
52
38
38
16
20
43
32
55
28
45
25
52
41
31
68
60
38
28
32
47
45
48
33
35
48
39
36
23
51
29
53
30
56
52
40
45
54
51
33
18
37
53
49
28
12
53
63
51
47
48
31
34
35
38
59
58
46
47
32
34
40
32
43
47
52
48
41
44
42
43
46
32
29
30
45
39
32
28
39
26
29
47
46
39
48
41
49
30
34
26
54
48
26
29
43
38
56
25
50
37
32
33
22
35
32
43
55
49
38
26
75
39
28
28
53
27
47
56
28
38
59
8
50
19
50
49
65
38
49
27
54
37
50
39
61
47
47
44
34
55
45
44
46
27
29
48
68
38
17
50
47
41
34
44
52
29
46
48
26
45
52
52
25
30
49
47
30
52
53
36
52
59
41
56
22
33
52
53
47
43
55
38
50
41
38
43
45
47
61
39
53
30
57
62
42
48
47
45
66
52
28
51
