44
55
41
48
43
41
29
55
32
61
69
37
39
30
41
54
32
31
28
38
40
26
48
38
41
48
52
35
56
33
42
40
29
28
39
25
25
46
33
28
31
34
38
42
46
35
45
57
43
36
47
26
57
48
48
32
45
48
53
49
33
36
32
26
27
42
67
48
23
29
45
52
55
24
58
26
26
47
36
34
48
31
22
32
56
32
49
31
52
34
49
31
33
59
44
40
27
41
50
49
34
28
53
59
31
57
26
53
50
54
25
30
27
37
45
34
52
47
36
39
20
50
10
26
45
41
27
50
55
53
42
62
38
8
46
50
39
29
37
53
42
47
18
47
52
42
52
38
35
40
32
50
54
28
45
41
31
58
38
43
57
25
28
45
40
25
29
52
48
33
55
55
32
46
38
38
52
56
29
11
22
25
41
32
40
34
47
62
37
52
50
34
53
45
44
27
34
56
57
72
23
36
31
44
57
48
49
31
39
51
33
68
58
56
53
47
47
52
49
53
45
45
57
54
43
49
51
57
28
48
59
36
60
72
48
26
48
43
37
54
38
9
35
26
40
56
47
49
44
53
39
23
33
45
49
25
48
55
44
42
14
49
46
54
24
49
67
40
41
58
42
50
29
60
53
60
55
48
48
47
57
41
51
53
55
50
40
46
52
53
49
45
52
53
44
49
43
33
53
52
55
34
45
56
24
9
38
41
41
28
43
52
66
50
29
41
47
46
56
24
40
41
44
38
48
56
37
48
51
54
40
43
47
42
25
43
26
36
42
35
54
37
22
34
65
21
62
40
64
40
47
49
34
44
29
30
16
33
56
56
48
33
49
34
37
34
43
55
25
64
47
45
29
49
59
30
48
62
40
54
34
31
60
61
36
54
49
16
50
38
69
30
39
47
39
53
53
30
48
52
51
35
51
38
47
29
25
61
28
29
50
57
43
18
62
35
36
30
36
31
57
29
43
29
36
37
48
20
33
29
32
38
29
47
53
42
52
58
38
50
46
36
60
34
29
49
47
29
27
37
66
30
31
25
30
50
18
50
35
25
40
43
61
36
46
53
47
52
37
45
35
21
45
42
34
30
50
27
43
32
31
57
31
48
45
23
35
29
22
53
54
34
34
44
32
44
38
27
37
34
