34
43
33
12
34
49
29
20
49
48
42
50
28
23
35
10
56
62
47
48
53
48
36
37
55
37
34
47
59
47
38
49
32
48
50
18
49
39
38
42
39
33
64
47
40
27
35
29
65
29
43
37
20
22
50
40
48
54
52
41
32
57
26
43
44
42
40
41
36
57
30
27
60
42
21
32
37
29
32
49
59
33
44
34
50
69
42
55
49
32
48
41
41
54
47
37
42
38
47
43
29
48
39
53
50
38
51
46
27
49
64
39
48
30
30
47
33
40
30
46
26
39
51
50
19
51
25
52
60
64
45
55
52
29
35
32
47
38
54
24
22
32
52
63
27
61
48
32
48
50
43
34
55
48
49
33
30
44
20
25
42
56
53
40
40
38
52
35
31
34
39
51
36
43
48
50
27
39
33
63
33
42
48
36
32
50
33
46
59
55
25
35
40
35
52
56
50
55
41
43
26
35
48
24
38
47
34
59
43
41
51
27
53
33
43
32
47
43
58
46
51
47
34
27
31
38
51
37
35
58
54
47
44
50
50
24
30
40
44
46
34
53
42
38
47
24
55
41
46
47
41
29
35
22
32
51
42
32
28
17
49
56
31
39
55
52
55
51
46
52
40
55
36
57
38
40
49
47
40
52
49
34
34
46
49
39
53
33
38
14
48
40
49
44
46
35
66
37
50
44
33
39
27
40
42
24
59
42
66
6
51
29
39
45
42
25
49
29
27
60
31
44
27
40
36
76
34
24
36
46
53
30
50
50
39
35
53
18
32
56
46
60
43
56
45
29
49
50
53
50
26
21
30
32
38
22
26
56
44
61
59
30
51
49
42
51
40
34
57
20
13
35
54
23
43
47
36
32
22
31
59
38
47
51
51
47
50
39
11
36
17
41
35
25
53
7
63
34
40
31
52
55
49
60
50
43
35
45
46
36
52
25
30
54
54
40
67
54
48
47
49
49
34
31
51
52
32
50
53
53
27
61
19
32
44
43
50
45
36
41
36
44
54
66
66
47
45
60
24
33
17
46
50
62
34
43
36
47
49
51
40
58
36
32
37
25
30
31
31
50
29
45
25
61
59
53
35
41
27
33
33
17
35
30
30
60
41
34
30
33
38
50
39
26
25
61
6
43
38
43
