27
54
46
34
42
49
31
40
39
36
29
50
36
30
39
52
58
40
46
53
36
42
27
52
60
55
40
51
55
54
30
63
59
35
33
45
60
42
55
59
49
42
44
45
46
48
37
55
10
45
48
24
46
43
41
54
54
40
33
59
28
52
52
50
48
29
58
62
50
31
53
45
52
18
50
52
49
50
48
40
29
48
41
59
48
56
57
51
46
57
48
37
55
47
43
49
77
33
62
42
37
53
47
47
56
27
32
27
32
33
38
53
24
40
41
50
30
47
49
22
26
64
54
49
40
40
39
43
56
49
33
50
32
36
34
54
55
33
55
22
55
70
49
24
56
58
53
38
27
42
31
34
26
48
25
34
38
49
46
49
27
52
48
32
53
22
51
31
45
33
42
30
42
59
45
44
53
54
14
57
48
57
54
29
49
39
45
52
36
29
47
39
29
44
35
33
54
55
57
27
29
48
51
40
26
50
31
36
31
41
56
56
47
43
41
54
24
65
31
35
27
46
39
34
48
25
31
23
45
34
54
36
40
34
41
45
44
48
45
48
4
59
41
34
48
50
35
53
46
41
33
33
46
36
50
38
38
44
41
50
35
43
53
33
36
51
64
60
45
34
60
57
41
40
51
50
62
46
51
47
36
50
35
34
56
47
54
68
31
38
29
30
62
27
25
23
30
50
38
32
18
51
46
51
27
52
49
27
49
47
53
51
46
50
31
25
30
28
50
38
51
31
58
39
53
50
45
35
47
29
54
40
27
44
48
48
23
61
57
32
25
27
64
37
31
60
17
45
35
30
50
34
49
15
41
56
50
35
27
33
45
45
42
30
48
31
30
45
48
49
51
44
47
48
46
69
57
31
21
47
68
41
54
20
66
54
33
21
62
14
44
32
33
59
62
38
47
40
35
40
49
70
55
48
38
48
53
32
25
52
47
58
50
49
42
37
24
33
43
49
21
51
31
21
47
48
22
22
39
50
38
42
34
37
38
68
54
50
53
35
43
54
47
47
48
43
59
58
34
49
58
27
55
62
49
36
52
54
17
54
22
40
56
38
52
34
54
18
51
56
45
56
10
41
31
54
39
41
45
65
46
48
41
46
32
44
30
43
44
51
38
14
55
39
51
39
42
25
31
47
