36
33
55
56
21
59
49
48
54
33
36
26
57
36
66
40
60
26
34
37
44
44
50
29
53
47
40
15
39
29
29
29
34
46
60
13
45
30
52
45
33
33
33
56
63
48
67
52
26
34
12
45
32
52
36
33
38
25
54
39
38
35
30
29
28
53
47
25
25
43
56
46
46
34
30
39
50
45
39
35
37
27
54
33
43
13
53
51
45
50
37
60
52
37
61
60
44
23
54
54
28
33
60
26
23
31
47
48
42
52
53
14
54
47
49
29
26
50
43
55
56
20
37
28
49
31
52
44
36
32
24
30
51
30
50
48
45
27
59
49
47
49
46
48
30
44
43
39
40
32
49
60
52
51
19
64
46
31
52
28
40
35
55
54
39
61
22
52
28
47
42
30
47
29
52
31
41
56
36
49
28
33
58
55
60
32
34
32
43
28
27
35
30
45
37
58
46
25
50
48
30
72
44
53
49
53
33
56
45
50
42
51
26
50
37
39
38
31
53
47
33
43
21
69
62
52
50
48
45
29
29
23
47
30
59
63
45
52
32
71
37
33
50
44
43
55
65
46
52
55
34
40
54
45
43
35
37
62
56
26
46
49
54
28
28
26
58
44
58
48
31
9
44
52
38
50
24
50
56
25
46
19
52
37
43
39
36
20
63
62
48
41
51
51
38
32
31
56
28
36
31
29
36
50
57
48
23
52
55
39
58
49
32
48
30
37
57
50
47
27
49
56
33
54
33
49
20
35
48
52
28
34
53
59
49
59
32
57
47
45
49
40
54
41
51
65
51
33
29
32
28
32
74
41
57
36
29
34
56
53
34
32
37
17
24
51
51
53
50
33
41
56
48
39
42
29
49
47
54
50
52
36
53
36
56
44
23
39
50
43
52
63
22
36
53
50
31
51
46
48
44
51
73
29
43
32
40
39
57
40
37
78
59
65
66
42
39
35
32
40
44
26
19
56
33
37
48
28
54
56
35
57
47
45
44
64
30
33
39
26
41
54
25
51
44
55
58
42
56
58
49
47
49
46
55
53
54
54
32
57
45
39
40
26
41
54
54
32
45
45
34
49
29
59
53
39
37
40
28
41
39
30
42
62
51
52
47
47
57
55
50
31
35
34
61
47
53
35
54
48
