60
39
51
48
53
38
51
40
21
53
39
54
52
55
47
50
41
33
54
50
48
32
66
24
53
23
30
52
51
44
53
35
53
52
49
34
54
37
22
37
48
54
49
35
29
35
57
31
53
50
44
28
43
33
50
33
41
46
22
34
32
45
42
41
59
64
35
24
52
33
57
11
36
58
51
33
36
33
54
32
34
39
54
42
57
47
40
40
43
38
37
52
29
39
31
45
38
27
31
29
31
48
55
34
56
51
27
59
51
55
45
47
44
59
52
47
45
55
30
49
52
23
56
31
45
25
40
31
34
32
52
37
52
33
30
49
29
44
55
52
49
39
50
41
53
37
50
41
34
47
31
32
50
29
53
41
35
35
50
33
26
49
51
52
52
49
49
57
45
50
51
35
44
37
33
51
36
50
48
45
64
14
51
54
53
59
51
47
22
44
33
32
49
49
34
56
54
37
49
52
37
40
65
70
45
58
49
63
46
33
37
50
30
37
31
57
46
32
44
39
29
63
30
29
55
29
31
57
39
48
44
33
59
53
26
49
49
48
57
48
52
53
41
46
61
14
40
39
34
42
50
33
34
62
31
37
31
52
50
46
34
62
55
48
42
27
48
43
38
28
38
46
29
50
34
49
29
37
34
52
38
32
36
40
53
32
36
65
55
55
56
64
51
29
42
28
50
52
52
30
37
28
49
30
33
52
55
45
29
45
49
33
31
35
52
69
55
51
54
49
48
49
39
24
61
23
53
42
52
34
42
58
47
27
68
48
34
46
23
29
54
49
42
50
51
53
48
46
59
41
41
34
33
41
57
24
50
51
47
55
49
31
23
48
42
39
52
31
51
24
17
54
30
53
34
49
58
38
46
32
50
55
30
46
54
51
50
56
59
24
47
33
32
34
55
38
48
36
56
57
29
47
29
53
52
41
34
58
25
36
36
54
19
35
26
20
46
32
32
56
49
43
55
26
64
59
47
34
50
47
37
18
30
42
22
47
35
65
59
47
38
33
35
51
45
24
52
48
25
48
43
16
46
40
35
48
47
27
56
42
34
52
53
34
36
53
45
56
27
56
43
46
25
50
53
33
43
52
34
43
36
40
51
60
54
45
34
42
45
36
22
29
44
34
55
63
50
49
49
35
