56
37
43
30
42
48
48
48
38
43
20
43
50
39
51
58
46
69
32
58
36
49
23
48
31
52
57
37
44
23
36
46
30
43
53
18
27
35
32
37
66
39
55
36
50
37
43
34
58
60
41
48
36
33
61
57
42
59
17
47
22
37
41
44
43
14
29
54
30
46
54
29
37
28
52
42
50
42
41
34
49
39
39
52
28
52
42
40
51
48
62
29
23
33
49
36
49
48
38
30
48
49
44
52
53
32
35
56
36
57
27
52
48
9
30
41
41
31
53
33
52
35
29
54
48
25
52
50
49
38
48
53
55
59
18
44
33
61
9
28
49
50
42
58
39
47
18
63
18
35
50
21
46
54
44
42
38
45
4
50
38
40
27
47
25
28
55
55
54
53
27
48
37
48
28
40
47
52
29
34
31
44
49
50
36
30
38
56
27
31
48
27
33
37
48
37
23
27
44
43
31
42
14
34
53
24
55
22
42
40
47
61
52
57
25
24
29
43
42
53
52
43
52
71
47
37
43
41
55
42
33
36
23
47
44
42
42
40
35
33
38
47
40
28
35
32
38
60
47
32
53
26
17
45
36
49
30
63
54
41
46
52
57
59
32
35
31
49
45
45
38
53
34
45
31
14
38
51
38
56
60
29
53
53
38
55
55
53
51
37
67
64
9
54
16
41
55
39
51
34
66
40
47
28
41
37
37
27
34
46
32
42
41
45
38
49
37
45
38
38
38
36
22
43
30
32
56
37
48
38
60
34
48
40
52
54
39
55
40
27
28
37
33
31
30
54
49
59
25
55
46
29
33
45
36
22
59
64
45
57
49
33
29
53
48
31
49
49
32
34
54
39
42
50
43
27
45
59
43
69
51
33
37
31
39
58
42
47
52
54
60
22
58
38
37
45
62
26
51
38
47
33
37
53
40
28
35
69
51
51
69
33
45
22
45
67
34
49
51
28
46
43
27
35
20
43
43
56
54
53
35
35
27
61
57
66
37
30
32
27
27
56
47
18
55
51
32
68
55
30
71
52
57
54
35
29
32
40
49
44
61
48
35
56
35
50
22
39
22
57
31
43
34
31
57
38
50
31
37
51
45
28
48
33
32
53
36
54
35
57
55
30
52
24
38
24
31
66
43
46
