64
40
38
66
51
59
62
59
51
65
36
68
48
68
61
44
56
50
43
56
54
52
46
65
53
48
59
60
37
31
49
59
57
30
54
55
27
49
32
52
66
58
63
46
54
33
38
54
43
53
53
50
55
49
55
48
50
52
55
69
49
45
78
27
34
61
63
57
40
53
43
44
75
44
46
40
42
59
50
64
62
56
51
45
49
49
56
42
54
58
49
57
52
57
57
48
60
42
51
57
49
55
40
42
49
42
50
56
46
56
48
49
36
53
54
51
57
38
54
43
41
36
46
56
47
59
45
52
28
55
25
52
35
43
49
54
50
44
54
26
29
35
62
47
41
40
51
34
63
46
39
62
68
43
35
21
81
48
58
62
27
52
52
57
54
53
57
64
52
56
56
42
57
47
40
57
43
58
42
19
47
55
42
62
47
42
54
54
47
48
37
47
50
34
53
56
54
55
48
61
60
51
46
47
56
58
65
50
44
52
53
46
51
37
30
51
55
47
49
54
38
70
31
54
55
48
59
59
58
52
53
48
70
42
43
48
43
61
51
45
60
53
63
47
32
47
39
41
43
45
56
51
65
64
48
43
61
66
50
37
53
60
55
56
50
61
36
57
35
58
56
62
56
49
48
46
40
60
59
62
24
56
40
47
57
49
50
60
59
47
65
58
47
29
49
38
49
63
35
39
45
51
54
58
54
61
64
62
61
64
35
70
67
45
27
72
52
46
68
49
46
48
45
35
51
62
53
50
68
35
50
42
57
59
62
48
59
49
55
43
35
59
54
37
64
49
33
38
64
52
38
35
57
51
56
54
55
43
48
62
51
40
52
40
52
60
40
60
39
61
33
48
50
55
49
68
51
55
37
25
43
56
56
53
54
48
37
57
68
42
44
30
52
46
52
50
34
52
44
51
61
58
56
37
37
54
45
53
49
40
56
41
58
52
62
41
33
62
42
46
60
50
36
39
44
55
41
50
32
41
70
33
54
34
49
57
53
53
51
58
43
31
75
53
33
53
53
65
76
35
42
40
58
55
59
53
44
39
39
45
30
61
39
39
52
42
49
43
55
44
55
56
60
52
68
34
53
52
52
49
57
47
45
59
49
46
48
46
68
35
61
39
53
50
56
51
70
58
43
42
