9
46
44
49
57
65
40
47
30
47
55
41
43
43
36
45
53
52
36
18
44
34
44
36
51
48
35
35
51
32
27
57
29
34
33
42
42
49
56
45
58
80
52
48
59
34
50
59
22
61
37
56
43
45
53
60
16
17
47
41
30
49
33
39
35
44
51
37
50
53
36
34
31
48
68
79
41
44
56
41
38
53
49
30
31
27
19
33
46
41
59
56
32
39
49
57
52
56
29
34
42
30
47
56
55
53
26
57
57
42
57
47
38
49
46
41
54
41
49
26
28
62
63
57
53
47
49
27
32
37
33
66
43
59
37
30
37
21
40
32
37
51
55
57
52
58
46
51
62
58
55
32
19
46
51
29
59
58
27
52
39
43
38
33
57
51
55
35
41
46
45
59
28
36
42
25
36
56
49
32
25
38
16
50
22
44
49
40
26
50
48
39
34
51
46
54
48
56
53
54
31
30
52
40
50
25
26
60
45
53
31
47
47
45
47
55
57
35
35
55
49
33
45
37
34
48
34
47
60
53
36
32
48
49
33
28
41
38
51
21
38
66
51
32
35
29
53
38
58
46
53
37
51
46
59
44
39
48
50
24
60
55
33
28
45
46
49
41
46
34
29
16
38
11
31
27
50
26
44
49
49
29
29
38
50
55
60
42
37
26
59
29
52
31
54
39
45
44
52
50
49
39
34
51
30
60
56
48
56
50
29
62
22
29
29
58
54
42
78
33
42
35
55
54
35
59
29
42
51
36
32
29
54
47
29
19
33
48
48
45
51
50
44
42
31
52
23
51
15
15
39
32
29
34
53
52
39
52
47
33
51
41
55
63
40
32
48
61
27
14
47
45
51
29
41
47
39
35
34
16
59
50
30
32
36
52
41
40
61
65
41
61
43
25
47
19
56
34
29
36
26
56
43
33
54
55
36
28
54
60
26
38
40
56
16
42
41
42
52
47
37
53
25
47
44
34
35
46
51
37
21
49
54
41
20
19
47
53
56
41
65
75
44
49
43
29
52
39
44
54
53
38
42
32
42
36
50
53
44
41
27
50
50
44
42
33
55
47
35
61
62
31
37
20
24
55
50
52
34
62
62
60
51
42
55
58
47
44
50
35
41
29
52
48
29
40
54
50
49
61
