47
30
55
44
52
38
30
65
58
47
55
48
34
47
32
53
36
53
57
38
52
58
39
46
41
57
46
52
51
59
49
44
27
52
27
51
35
46
35
54
49
57
54
45
31
18
29
45
55
38
65
42
35
52
45
36
50
58
27
20
43
34
37
48
49
49
43
27
32
33
32
20
43
31
49
45
63
46
25
35
33
34
44
57
55
43
39
52
52
50
39
53
44
52
56
49
46
31
39
47
57
62
37
66
49
47
35
54
42
25
47
38
38
27
36
52
34
58
60
42
58
45
31
53
52
55
45
40
36
30
38
38
33
45
30
35
37
42
46
36
34
55
37
50
31
37
48
28
47
62
55
37
39
55
35
59
65
39
26
31
47
42
40
9
37
42
28
20
59
50
55
48
53
51
53
24
47
46
30
38
43
65
30
44
52
61
46
56
41
41
39
28
28
62
42
63
38
57
28
30
38
51
27
30
62
46
34
31
44
34
44
53
51
42
46
51
45
53
49
50
31
28
53
24
47
31
34
59
57
57
44
26
41
48
29
39
37
55
63
25
51
27
49
39
44
36
27
58
35
51
52
31
37
54
52
32
34
51
27
50
55
30
45
51
32
33
40
42
30
43
55
50
40
24
43
44
53
51
62
60
52
53
44
38
47
17
34
26
32
48
55
45
59
56
38
59
33
54
40
39
30
54
39
56
46
48
45
19
59
24
39
52
63
51
17
54
50
17
39
30
52
31
54
56
65
56
21
29
42
42
52
47
32
32
59
51
43
20
52
68
55
28
36
40
27
44
50
29
26
36
44
39
54
48
51
48
36
51
53
28
44
49
48
42
43
43
53
48
24
53
53
31
40
54
31
54
39
36
31
33
33
44
63
30
29
49
27
34
48
37
46
80
36
38
52
35
41
53
52
30
61
46
28
42
45
49
38
65
48
30
39
49
51
43
40
32
31
38
44
36
48
49
55
35
16
51
37
14
48
53
32
24
13
56
31
67
41
33
54
50
37
34
34
40
59
59
39
39
19
40
48
49
48
37
63
11
31
51
27
52
31
34
58
27
35
45
60
37
53
30
59
59
21
56
28
29
41
31
47
41
34
40
48
36
43
44
38
49
63
55
63
62
40
56
43
41
18
41
14
26
