58
43
50
22
39
47
48
46
59
32
64
31
52
46
54
49
31
44
11
8
41
63
32
50
28
49
32
38
48
47
52
49
31
49
51
25
32
29
55
50
33
49
24
31
30
33
38
38
49
51
30
47
19
36
48
54
40
47
38
37
60
31
50
43
43
43
10
34
55
57
34
49
63
29
44
65
49
60
51
62
33
43
40
51
40
37
37
40
42
57
37
56
58
38
69
54
38
53
23
64
56
43
31
44
31
53
46
30
15
28
30
28
70
57
52
39
48
51
42
46
35
41
50
30
30
59
29
49
15
51
45
53
34
26
59
38
34
64
49
60
22
24
55
51
39
60
27
12
43
45
41
58
36
41
36
54
25
66
63
38
59
45
22
59
35
32
23
36
35
57
63
42
35
52
40
52
29
38
48
55
44
44
35
24
52
52
30
50
31
64
44
39
53
51
30
48
40
41
32
48
42
61
21
34
34
41
26
37
51
39
21
38
24
23
57
13
37
51
51
51
55
51
37
37
50
55
32
53
68
52
49
34
48
36
50
29
33
53
31
55
49
25
54
61
46
32
45
47
52
32
47
61
41
38
37
35
29
43
30
65
54
51
29
54
16
31
49
72
45
37
51
28
23
15
39
34
24
30
43
51
29
43
44
44
67
32
49
46
50
18
40
60
36
48
52
76
56
40
33
23
69
49
62
48
39
50
34
48
42
38
52
39
47
30
63
26
45
47
40
54
43
37
36
34
29
31
33
42
70
75
33
36
53
60
44
43
39
57
53
28
33
42
50
54
34
72
32
15
31
48
36
52
34
32
38
31
41
64
45
57
34
65
43
30
49
24
51
27
40
46
21
51
31
32
49
48
44
37
27
53
32
32
49
31
52
42
51
42
44
29
30
33
33
47
29
58
12
52
29
59
28
30
50
37
42
19
55
44
50
62
50
38
30
43
23
37
49
58
48
49
49
62
44
57
49
40
37
55
45
53
41
49
43
29
58
29
24
53
42
41
25
18
44
27
30
29
31
50
58
57
34
33
54
25
58
41
56
47
48
54
42
43
26
41
31
34
46
51
45
56
36
49
43
37
53
26
30
29
45
49
51
51
49
22
49
30
43
24
47
45
38
52
58
58
34
36
53
46
52
26
