30
43
59
14
38
46
38
53
41
48
38
27
58
33
33
50
32
56
46
40
35
29
46
30
39
37
27
40
38
44
42
56
38
62
30
40
48
25
48
29
60
34
25
42
36
31
52
33
53
31
33
60
53
23
37
39
61
49
44
39
49
41
47
25
36
55
59
36
35
35
47
27
34
26
36
26
40
45
29
61
49
48
51
44
59
57
43
40
41
40
51
59
36
25
39
48
28
41
11
34
38
45
52
55
31
27
47
27
39
27
51
49
24
47
49
46
55
41
47
16
50
35
45
62
51
42
52
37
33
51
22
37
54
43
34
48
37
31
27
29
49
54
17
41
32
58
25
49
51
58
32
23
43
55
57
33
29
53
54
36
33
52
45
30
45
57
51
40
52
36
43
31
45
52
54
54
25
51
59
49
40
39
28
40
32
30
30
50
30
45
43
29
32
47
38
28
52
60
59
24
29
37
51
43
36
46
55
49
49
38
46
59
47
59
45
22
55
31
26
34
52
56
55
45
41
46
25
26
56
44
37
32
53
50
46
38
43
28
58
32
57
40
30
36
57
52
49
37
36
49
38
36
49
50
32
38
21
57
43
46
45
59
34
64
28
56
58
52
38
47
49
45
52
57
40
29
43
31
35
24
56
65
34
36
41
27
53
23
59
56
17
36
34
41
36
21
64
37
32
30
53
50
53
36
43
48
39
40
65
51
44
44
19
55
29
56
45
43
29
38
36
29
23
55
44
38
37
41
56
39
22
46
74
35
25
50
54
31
30
40
17
63
30
36
25
52
42
35
51
29
62
53
59
69
52
49
43
53
32
34
37
49
25
24
34
33
51
36
27
32
51
37
55
53
24
24
16
51
45
53
52
29
30
45
52
41
47
40
51
59
75
56
24
54
25
17
31
28
63
55
51
51
57
43
20
47
36
48
59
65
35
47
48
55
48
60
45
48
37
50
49
57
33
53
32
48
58
42
34
30
38
33
49
41
31
57
50
54
42
31
29
28
46
54
53
36
47
41
55
44
54
36
39
36
37
49
53
52
16
52
35
34
34
42
50
42
61
32
28
58
71
48
30
29
50
49
55
51
58
40
47
51
33
27
60
32
57
25
44
49
51
40
32
25
31
45
47
66
10
56
