29
52
44
26
51
31
33
55
46
35
41
51
40
47
53
24
43
50
42
23
35
55
45
48
29
38
34
53
66
49
36
64
46
57
39
55
59
41
52
45
49
46
49
53
64
29
45
29
24
34
30
45
46
52
37
60
51
55
27
34
38
49
30
47
57
46
39
45
53
57
57
35
34
32
38
49
42
55
53
28
38
40
54
52
41
48
59
52
52
50
23
33
45
51
38
21
27
49
35
41
52
47
50
33
37
52
61
39
47
50
56
33
49
56
40
29
37
42
32
38
33
51
47
49
51
60
48
34
39
37
50
54
56
59
57
46
51
34
25
46
46
54
24
30
39
45
52
59
51
36
59
64
55
75
50
33
31
36
18
47
39
37
24
32
49
58
43
55
35
53
39
46
46
50
44
64
29
54
51
60
42
28
56
55
32
58
20
70
51
36
22
50
21
32
51
30
43
53
32
37
27
39
57
48
52
48
35
20
27
59
57
36
46
35
48
51
52
31
53
56
48
28
51
45
72
41
53
45
52
39
41
54
57
50
31
42
37
29
27
30
48
19
34
41
62
38
46
35
56
50
48
50
33
47
39
56
54
42
45
15
43
38
34
30
53
30
55
39
46
26
44
47
55
22
49
54
45
52
30
52
48
54
25
56
52
50
36
59
45
48
28
37
49
50
47
70
31
45
46
51
30
55
48
35
46
23
43
41
39
46
36
47
27
51
49
49
40
60
57
27
37
41
60
57
31
57
25
57
38
42
46
45
46
47
36
30
39
38
58
61
36
26
32
48
45
58
30
33
37
45
55
53
33
56
53
49
36
55
81
45
39
51
36
26
47
34
53
29
60
51
33
41
23
37
34
48
20
40
49
44
50
42
43
59
27
30
50
52
60
51
47
23
66
41
63
49
14
48
32
38
42
37
38
49
56
24
63
48
54
57
41
53
51
49
68
28
45
36
47
14
32
38
41
50
64
52
41
31
36
54
54
35
46
23
46
50
52
38
26
46
42
62
58
34
32
28
41
38
51
43
38
41
34
59
45
46
34
24
62
35
32
48
28
47
19
38
51
49
28
52
55
54
46
69
28
44
46
29
32
22
30
30
57
53
32
59
53
59
52
48
38
54
25
25
27
34
33
56
46
43
