47
63
57
14
36
32
45
41
51
25
58
54
30
45
21
47
33
44
33
31
29
24
61
38
53
35
48
53
45
36
20
40
46
31
6
60
41
63
47
35
53
25
30
48
48
51
31
27
45
59
73
50
37
28
34
31
50
63
43
52
51
49
41
52
68
55
25
58
38
38
53
18
53
14
39
39
53
50
30
48
29
43
45
47
38
32
54
29
47
47
52
44
50
36
42
37
28
53
27
48
55
49
37
57
42
31
34
49
54
32
48
35
36
49
45
35
34
35
57
45
50
32
63
54
35
45
29
35
43
50
36
33
44
34
30
51
31
29
57
58
36
41
38
24
56
51
60
45
49
36
32
65
34
36
27
45
49
48
28
36
52
26
50
59
34
29
31
56
53
49
52
45
24
41
36
50
46
58
33
38
37
51
35
52
36
36
9
46
33
44
48
53
23
26
67
52
28
58
37
55
43
29
27
30
20
52
27
33
41
34
23
44
53
36
50
35
36
39
68
53
44
32
51
17
35
30
56
34
28
28
46
51
43
33
44
29
28
47
45
16
36
28
19
57
47
52
30
52
22
51
27
34
33
47
46
25
27
22
35
48
31
39
54
29
55
46
36
48
34
42
38
51
54
54
38
31
30
27
45
51
36
31
42
35
60
39
49
42
50
50
52
32
35
19
54
28
57
35
36
68
55
44
36
34
26
52
47
54
48
62
55
28
33
47
17
9
54
34
38
46
29
49
51
29
39
32
40
27
46
60
40
28
52
21
65
45
47
54
47
50
52
48
42
32
54
52
31
55
36
52
56
45
31
32
41
34
47
48
40
48
36
20
27
18
28
50
51
45
30
41
29
31
52
26
46
40
41
21
55
44
57
54
35
56
36
47
52
57
35
64
42
58
47
50
52
52
55
50
49
63
23
53
37
39
60
60
38
48
50
24
23
51
49
39
33
36
46
32
41
58
31
28
31
47
65
51
17
24
45
58
47
56
34
32
41
47
38
53
24
55
31
60
52
25
30
50
48
27
57
41
65
41
48
37
48
44
33
49
57
39
33
47
37
55
46
56
54
35
55
52
50
49
55
30
57
48
28
42
40
33
49
15
40
59
60
16
33
21
51
31
56
49
34
27
57
40
31
17
30
41
