10
36
37
37
34
49
47
38
49
48
32
50
18
39
35
42
56
62
47
48
53
48
33
27
55
35
29
29
59
47
20
49
22
48
50
32
49
26
38
43
39
42
64
47
40
41
36
30
65
27
43
37
21
32
50
40
48
54
52
41
37
57
29
33
44
40
57
44
34
60
42
32
42
32
41
41
47
49
59
50
69
29
39
38
55
49
27
48
54
39
37
30
30
42
33
38
47
43
48
53
40
50
30
51
46
26
49
64
39
48
47
19
46
25
29
51
35
32
38
50
24
22
51
52
32
60
27
64
45
55
52
47
54
32
43
55
52
33
63
30
20
25
61
48
40
48
50
38
34
48
52
49
35
44
42
31
39
56
36
48
53
40
34
51
27
39
33
33
42
43
50
63
36
48
32
50
33
25
35
46
40
35
59
41
26
55
24
52
56
50
38
34
43
27
55
43
35
48
32
47
34
59
41
27
31
51
35
53
24
33
43
30
47
43
58
44
46
51
47
38
51
37
34
38
24
58
54
47
41
44
50
50
40
46
53
46
41
42
29
47
35
55
47
32
22
32
51
28
17
42
31
39
36
49
40
56
55
40
34
52
55
51
39
33
46
52
40
55
57
38
49
47
14
52
49
40
34
46
35
49
53
37
38
48
49
44
44
33
46
39
66
27
50
40
42
24
59
42
66
6
29
51
39
45
49
42
60
44
76
25
36
29
27
53
31
27
50
40
36
50
34
53
24
46
30
56
39
35
46
18
60
32
56
45
43
29
49
26
21
50
53
50
30
38
56
32
61
59
51
49
22
26
44
30
51
42
34
40
20
57
54
13
43
47
35
59
38
23
47
36
32
22
51
31
51
47
11
36
50
17
39
41
53
63
40
52
55
49
35
25
60
50
7
34
46
31
52
43
54
35
54
67
54
48
47
45
36
25
49
30
49
40
34
51
52
31
32
50
53
53
61
43
27
19
50
45
44
54
66
66
32
60
44
36
41
46
50
62
36
47
45
43
47
49
51
24
33
58
17
34
36
37
45
61
59
53
40
41
60
50
61
43
36
32
43
25
30
31
31
50
29
52
25
60
33
32
35
47
27
33
33
17
35
30
30
55
41
34
30
33
38
57
39
26
25
49
6
53
38
57
