29
43
48
57
43
63
51
62
45
68
46
48
65
43
45
47
48
46
41
56
40
71
57
57
34
52
45
79
69
47
55
60
75
39
60
33
44
59
40
45
48
52
49
49
57
49
54
61
45
51
58
65
57
38
34
46
57
70
41
49
54
65
43
50
41
51
58
52
56
45
51
52
50
60
48
38
69
68
80
53
38
39
55
43
59
62
54
56
50
51
54
39
55
37
42
57
48
55
59
47
53
65
61
57
35
45
65
44
57
62
68
55
48
46
40
50
53
54
44
45
45
53
51
59
43
56
49
52
52
65
63
56
53
58
63
47
32
65
45
51
45
50
46
58
40
62
69
49
57
52
63
43
61
64
50
31
66
54
41
50
45
43
51
54
47
49
30
59
49
57
60
48
54
64
62
47
47
73
43
61
49
52
48
67
41
77
51
58
57
45
53
45
66
56
54
62
74
50
43
47
56
51
39
51
62
43
73
34
51
56
69
37
59
66
56
55
54
48
53
71
52
49
50
49
54
41
29
40
60
39
52
53
60
55
53
36
51
35
45
57
66
29
50
38
41
62
65
52
51
58
56
51
65
64
48
43
61
66
50
37
53
60
55
56
50
61
36
57
35
58
56
62
56
49
48
46
40
60
59
62
24
56
40
47
57
49
50
60
59
47
65
58
47
29
49
38
49
63
35
39
45
51
54
58
54
61
64
62
61
64
35
70
67
45
27
72
52
46
68
49
46
48
45
35
51
62
53
50
68
35
50
42
57
59
62
48
59
49
55
43
35
59
54
37
64
49
33
38
64
52
38
35
57
51
56
54
55
43
48
62
51
40
52
40
52
60
40
60
39
61
33
48
50
55
49
68
51
55
37
25
43
56
56
53
54
48
37
57
68
42
44
30
52
46
52
50
34
52
44
51
61
58
56
37
37
54
45
53
49
40
56
41
58
52
62
41
33
62
42
46
60
50
36
39
44
55
41
50
32
41
70
33
54
34
49
57
53
53
51
58
43
31
75
53
33
53
53
65
76
35
42
40
58
55
59
53
44
39
39
45
30
61
39
39
52
42
49
43
55
44
55
56
60
52
68
34
53
52
52
49
57
47
45
59
49
46
48
46
68
35
61
39
53
50
56
51
70
58
43
42
