50
51
34
31
57
45
55
44
44
34
41
53
37
42
52
33
50
34
31
44
44
44
43
46
42
38
57
34
29
45
45
42
29
59
46
45
25
21
69
38
28
31
50
38
57
59
28
32
54
55
23
31
37
32
53
37
39
27
50
28
57
54
43
38
43
34
55
58
40
47
13
27
33
36
57
49
23
60
39
36
34
57
31
47
43
58
50
48
62
33
40
36
58
44
54
39
52
36
58
67
50
54
39
57
39
35
53
55
40
57
36
18
38
27
32
56
30
48
34
20
51
36
50
46
59
36
52
41
31
35
62
49
58
42
28
46
51
54
55
39
30
34
50
45
35
46
51
48
37
53
37
19
34
47
55
53
52
57
44
43
49
63
34
44
57
48
41
59
46
47
38
23
59
45
33
53
51
51
38
64
27
28
45
43
31
26
48
33
47
28
53
57
63
49
50
23
54
31
14
32
45
18
47
29
38
49
40
30
55
59
50
34
32
50
50
42
54
50
30
53
53
34
32
44
41
41
53
65
48
52
49
29
44
58
66
32
43
52
32
43
22
33
41
25
46
60
41
40
41
37
65
52
37
42
52
43
31
54
24
36
27
55
59
43
47
49
41
36
61
28
40
42
49
37
47
42
51
58
62
54
53
32
41
38
32
34
34
21
52
49
39
50
33
38
45
36
50
41
38
44
30
24
40
31
46
50
40
54
43
54
47
49
53
41
33
22
41
49
23
48
36
13
40
48
34
35
36
56
34
57
31
52
62
60
40
59
28
33
57
35
67
46
64
48
56
26
52
43
53
33
53
54
50
44
22
42
36
28
36
30
42
42
56
51
24
27
50
52
22
44
36
29
50
40
34
55
54
67
30
39
48
51
49
44
55
43
21
46
51
32
45
61
27
30
28
53
38
27
59
34
54
46
59
41
38
48
29
45
54
26
28
27
31
40
69
46
60
33
55
57
51
35
56
57
36
22
34
34
41
47
48
28
57
46
53
17
47
37
44
54
38
45
49
23
38
39
27
36
41
27
36
28
30
59
34
37
53
58
32
26
44
36
47
77
64
64
47
14
28
35
37
53
35
24
42
47
41
43
35
63
43
49
53
38
30
47
43
34
29
36
40
40
44
70
48
33
57
52
48
59
