53
57
60
28
51
45
60
58
35
58
17
52
31
36
51
34
31
24
59
38
53
47
34
28
62
29
24
51
52
47
39
51
53
50
43
59
41
53
47
47
52
52
49
34
37
37
27
56
44
57
33
19
44
46
46
49
49
40
59
34
47
30
42
42
34
43
69
33
46
49
29
59
42
53
46
35
28
47
38
48
75
22
19
50
30
36
60
57
41
36
29
61
36
46
57
22
32
60
34
50
22
35
50
23
34
55
40
37
56
49
48
45
45
30
33
35
55
33
42
52
35
39
43
52
57
32
38
49
23
51
49
56
51
40
36
28
55
39
36
50
31
46
54
47
45
31
25
43
48
32
32
41
36
50
56
32
54
53
40
31
49
40
61
36
56
47
49
37
35
32
54
52
35
47
33
30
46
53
41
27
53
45
24
49
53
36
37
61
46
45
52
63
25
46
24
33
45
29
62
51
56
45
45
19
53
33
45
50
49
35
42
48
36
36
46
59
58
37
41
42
49
35
35
30
50
30
45
21
48
39
30
52
48
30
24
28
19
50
34
40
51
51
32
34
36
35
52
34
54
34
59
48
53
19
53
59
37
30
53
36
39
51
55
51
54
53
58
56
45
33
65
47
42
39
32
55
59
23
45
44
49
28
58
32
28
49
47
49
39
23
29
37
51
33
58
49
36
33
38
50
34
57
35
52
28
25
36
70
59
30
23
38
40
57
41
25
58
49
32
54
31
46
34
33
38
56
57
21
32
59
18
35
31
57
36
55
46
57
55
44
35
58
10
37
43
60
46
57
72
30
31
22
48
49
30
58
48
50
57
44
52
37
35
32
61
36
31
48
53
60
44
54
38
57
11
58
57
58
43
40
43
34
36
45
37
47
31
27
61
47
30
38
36
31
36
52
36
45
47
52
62
45
45
33
52
51
51
31
47
48
46
49
35
48
47
32
44
28
34
39
48
31
46
39
26
29
35
49
23
23
32
41
67
53
60
50
53
28
40
48
26
31
28
54
43
53
55
25
48
49
52
21
30
35
63
31
36
32
47
42
33
53
35
51
41
50
47
53
42
33
48
54
45
34
47
60
55
31
51
61
46
44
43
29
60
53
64
45
55
52
60
33
43
60
31
54
51
33
41
31
