50
47
44
32
38
39
34
38
49
26
33
23
66
31
38
38
45
54
47
18
30
51
48
30
34
46
52
51
43
44
28
28
43
33
52
57
58
47
29
52
40
45
55
50
61
33
34
54
33
44
59
50
34
50
51
29
34
58
61
46
28
26
56
60
39
39
53
31
46
55
43
46
40
60
41
66
44
54
17
41
54
48
41
23
53
49
27
54
52
30
50
50
57
28
50
46
32
38
36
48
48
47
30
52
71
19
54
26
42
42
41
49
40
52
49
36
36
51
50
40
37
31
43
38
54
31
45
48
48
39
34
48
41
50
52
30
50
39
49
64
48
42
49
53
56
56
56
37
50
42
58
54
60
44
33
48
53
52
58
27
34
52
31
33
53
34
55
51
49
50
49
56
38
30
40
31
34
28
40
38
61
53
52
31
61
51
41
35
45
47
27
55
37
19
51
16
28
33
44
37
23
31
28
53
55
41
48
29
53
37
40
46
58
48
41
38
27
25
41
50
56
51
29
42
32
32
32
38
57
52
32
57
41
41
51
52
45
39
31
34
41
49
48
58
30
53
32
18
58
48
62
51
26
48
48
65
23
41
47
22
27
50
52
27
48
44
29
67
31
49
31
63
32
37
59
30
34
54
41
29
63
34
31
16
54
42
59
49
34
43
54
56
45
36
55
31
26
68
47
58
51
40
37
35
35
54
38
48
55
46
44
36
31
54
53
63
50
47
46
60
27
20
38
52
48
25
46
33
32
32
44
41
46
48
43
46
61
52
40
35
34
59
41
40
39
31
42
44
38
56
54
31
33
45
40
53
28
22
49
28
31
27
63
54
44
42
49
30
37
65
57
39
50
53
49
54
53
26
58
49
47
46
29
31
32
41
28
26
30
30
34
40
38
48
50
21
55
35
40
41
47
54
52
53
48
38
31
23
37
29
51
64
37
34
47
51
25
31
50
49
30
47
18
39
44
55
51
32
58
38
33
57
45
50
36
52
26
52
46
49
17
46
28
49
54
35
50
56
27
33
52
50
50
37
29
55
25
38
16
25
25
39
32
50
45
58
24
49
31
30
30
26
28
56
51
46
44
29
57
19
29
61
55
57
36
40
37
23
62
27
36
42
55
49
47
62
55
61
48
51
