37
52
37
28
51
45
36
55
46
33
41
51
40
47
53
36
43
50
36
39
21
55
45
31
30
45
39
53
66
42
29
49
64
46
57
44
39
26
55
31
59
33
52
49
49
35
53
24
42
23
35
64
45
45
48
46
52
60
29
38
34
36
51
55
49
30
41
47
57
46
45
45
46
29
29
53
57
57
49
24
42
34
55
53
38
30
54
52
41
59
37
27
52
52
34
38
39
50
35
34
45
51
49
52
32
38
47
28
50
33
40
48
61
23
33
38
21
27
47
50
35
49
56
42
32
38
51
41
37
52
47
49
51
60
48
50
54
39
56
33
40
56
29
37
59
57
46
51
54
33
39
45
52
59
51
34
39
59
37
64
34
25
46
46
24
55
30
36
33
75
31
50
36
47
58
53
18
46
46
50
39
37
44
64
24
54
32
51
60
49
43
56
55
35
55
58
70
51
39
29
42
28
50
51
30
43
32
20
36
53
57
22
48
21
52
48
59
32
57
46
48
32
37
51
52
27
53
56
48
39
35
51
45
72
20
27
36
35
31
28
53
41
39
41
45
31
42
37
52
54
57
50
29
48
27
62
56
30
50
19
48
34
41
38
50
46
47
56
54
35
45
33
43
39
53
55
39
46
42
44
55
15
38
49
34
54
30
45
52
52
30
26
48
54
56
52
47
50
59
45
22
48
49
30
50
25
47
70
36
45
28
46
37
51
55
48
31
46
43
30
41
35
46
47
23
51
39
36
27
40
49
27
49
41
31
25
60
38
57
37
42
45
47
36
60
30
38
36
26
57
57
57
46
46
39
58
32
61
48
30
45
58
33
37
45
36
55
45
53
33
36
56
26
34
29
53
33
23
49
55
81
37
39
51
34
20
47
53
60
51
41
40
48
42
49
44
27
50
30
23
43
41
14
59
50
32
52
60
51
38
47
66
63
49
48
42
49
37
56
38
24
36
14
63
48
54
32
38
57
41
53
51
49
41
41
31
68
23
46
28
45
47
50
50
64
38
26
34
52
28
36
54
41
54
35
38
34
34
46
24
35
32
48
52
28
19
46
42
28
62
58
32
51
43
28
38
41
29
32
22
30
30
59
45
46
62
47
38
51
49
38
54
25
25
27
34
33
52
55
54
