48
29
46
17
28
28
40
20
26
41
25
44
38
21
41
33
30
32
31
29
33
26
32
40
19
19
45
36
38
29
43
32
45
18
27
41
17
27
34
30
20
33
44
32
30
34
32
38
11
28
49
30
51
23
33
44
24
41
24
14
34
25
45
14
29
37
15
40
35
35
39
29
42
17
27
40
35
34
33
56
14
51
30
34
39
46
23
42
7
32
39
48
31
39
49
47
31
32
27
32
35
26
17
28
20
28
17
25
36
44
33
41
31
25
50
37
21
22
32
26
49
22
42
33
16
38
43
23
27
51
36
23
27
36
24
32
49
21
41
17
43
22
15
28
22
29
22
35
47
26
41
27
24
45
38
30
21
32
47
36
26
9
36
42
18
33
44
29
29
41
41
22
34
41
24
48
15
18
35
41
21
39
20
40
41
28
38
23
26
38
44
51
36
47
31
37
33
55
45
51
26
21
22
36
20
18
24
32
47
32
24
33
31
51
18
45
49
35
38
35
36
28
20
35
39
31
40
19
37
38
32
35
37
53
39
45
34
24
5
31
22
28
40
46
19
43
50
40
28
38
36
32
38
41
31
30
38
37
42
35
46
37
32
35
35
29
37
31
26
35
35
38
39
30
30
37
36
43
36
26
36
40
35
38
22
39
32
33
33
35
27
35
38
33
29
34
25
36
43
27
32
39
31
28
23
28
34
28
30
36
43
29
30
31
37
32
30
31
33
36
45
34
35
34
39
36
30
31
41
37
35
39
35
24
36
44
40
34
33
28
27
30
32
27
30
46
35
39
28
30
34
37
34
34
36
34
32
27
31
37
38
38
33
31
35
40
29
38
36
27
23
29
25
34
46
45
33
35
35
31
38
36
33
23
43
31
37
30
30
25
31
37
41
37
32
31
31
23
33
36
36
27
30
36
33
30
29
31
40
38
28
43
33
29
39
36
31
28
31
37
29
31
29
38
30
41
44
31
34
37
37
21
36
35
33
26
30
28
31
28
32
40
31
40
36
26
35
25
31
32
30
27
35
28
28
35
37
37
28
46
35
29
30
30
30
42
40
40
39
33
37
24
38
31
26
37
34
35
36
37
31
38
27
29
32
32
28
26
23
33
34
25
38
22
41
33
24
24
37
36
