39
33
51
29
42
31
36
36
38
46
57
48
35
23
22
39
52
50
29
58
60
45
41
30
56
16
29
60
65
41
38
41
46
29
30
34
70
23
57
52
64
51
54
45
59
29
47
49
43
52
46
19
48
27
59
31
48
34
42
48
45
43
38
47
41
30
48
43
50
49
61
46
32
55
30
50
52
47
57
53
24
43
55
41
22
31
36
30
59
62
55
41
37
58
48
55
56
57
54
34
54
47
30
48
29
54
49
30
44
33
53
52
37
43
27
37
39
25
53
32
43
44
15
55
62
58
33
61
47
49
38
51
27
56
52
50
48
48
48
58
50
55
60
51
45
27
42
48
55
34
49
42
31
52
37
54
47
38
31
43
54
45
33
51
40
43
34
49
40
54
50
41
34
53
54
32
53
53
48
31
34
43
38
33
46
41
46
44
30
52
30
50
54
52
56
62
57
62
55
48
46
57
40
58
53
32
33
54
28
70
38
59
62
35
25
57
26
29
47
37
37
29
52
41
68
59
47
43
46
59
33
26
59
51
25
15
44
40
44
27
57
27
53
31
57
51
49
8
41
19
19
17
60
35
57
32
36
55
36
45
54
29
44
41
52
41
25
36
29
37
41
50
43
47
30
47
51
38
47
40
38
68
49
32
55
35
29
39
49
16
47
47
49
38
52
27
42
57
59
51
44
63
28
25
45
56
33
31
37
32
51
56
50
54
43
35
20
60
55
27
35
57
54
53
53
62
57
23
57
63
53
29
63
62
32
59
60
54
28
51
35
55
51
54
37
31
32
27
30
38
35
27
26
49
47
59
35
46
54
41
57
22
49
27
22
29
47
48
49
35
36
64
36
45
51
35
59
47
49
50
57
45
29
58
55
52
36
36
56
40
14
56
46
56
67
42
47
35
57
68
40
50
45
33
54
56
43
51
36
47
30
36
49
29
39
66
48
34
55
23
33
44
28
52
36
61
51
41
51
65
54
38
52
31
39
53
47
43
41
45
32
41
52
53
37
29
14
51
33
53
28
42
10
50
38
53
17
50
46
65
23
31
53
40
54
37
50
57
48
46
30
61
39
60
30
41
64
47
43
32
47
46
47
50
47
21
29
43
62
45
47
30
35
38
38
38
38
45
32
58
