23
31
66
65
49
42
34
48
39
26
61
50
74
54
46
55
37
38
28
25
54
35
38
47
62
55
32
40
54
62
33
52
34
31
39
58
45
21
34
51
54
43
63
32
40
33
32
32
45
36
35
28
39
57
38
20
57
37
26
43
50
55
43
23
46
56
57
17
49
59
64
37
39
30
29
55
55
34
51
38
42
46
29
29
51
38
27
41
52
25
39
49
45
58
55
51
50
27
34
23
33
30
54
25
62
47
23
38
52
33
43
49
32
29
26
34
23
23
35
49
50
29
33
26
64
55
55
33
38
21
50
45
49
48
66
49
59
39
11
57
45
40
32
32
32
46
55
56
64
48
48
51
39
55
51
64
46
34
34
45
55
57
29
29
52
51
39
48
55
24
37
44
49
47
58
49
37
37
39
46
36
69
36
42
37
54
50
58
36
39
46
53
44
36
50
37
39
51
28
30
30
43
31
34
46
71
54
22
41
47
29
62
48
53
24
60
42
28
50
26
56
36
54
36
33
35
35
25
51
44
37
58
55
43
51
24
49
72
31
51
47
45
17
31
30
60
36
51
32
34
60
47
64
48
30
39
60
22
37
17
59
47
29
36
49
29
24
54
27
39
32
31
51
49
34
39
42
54
47
34
34
29
34
38
37
41
74
42
40
39
38
32
27
15
42
50
51
24
27
28
44
49
37
43
38
42
37
33
45
48
29
53
25
47
31
50
41
63
48
58
52
46
37
41
32
41
34
30
12
59
55
44
33
51
40
30
62
34
30
40
22
63
51
47
54
42
50
50
54
25
47
19
49
48
41
41
55
52
49
56
36
40
41
64
48
56
63
58
42
43
25
35
44
37
43
57
40
50
52
36
58
34
39
49
40
52
32
57
29
46
31
12
40
25
36
29
37
65
37
45
47
41
25
28
55
25
25
32
32
57
41
46
32
28
31
28
61
45
47
35
27
33
37
60
46
54
56
44
33
30
24
26
50
49
26
41
24
65
55
54
32
59
54
31
50
28
48
47
26
57
17
20
47
41
45
53
55
44
30
54
48
37
33
57
35
30
26
57
55
42
36
39
33
36
33
61
30
33
22
6
34
36
23
38
24
43
51
30
49
53
33
57
46
60
41
37
29
55
55
35
