50
59
49
56
40
48
49
41
56
54
54
50
47
43
54
45
50
47
49
49
50
56
44
53
59
58
52
53
55
48
50
56
56
57
55
46
45
52
54
43
48
55
48
48
53
51
54
54
59
42
37
55
43
53
50
54
34
45
52
48
47
57
54
46
51
55
47
48
55
59
55
53
49
53
54
49
50
44
47
46
41
51
37
59
47
53
44
48
49
51
60
46
48
48
49
57
58
49
52
52
48
46
53
45
58
55
46
44
55
49
46
56
58
49
52
48
49
40
47
46
47
59
54
53
51
45
45
46
44
54
38
49
48
45
45
50
58
50
53
51
55
49
56
55
51
51
61
46
48
46
53
49
48
50
57
48
42
57
49
42
40
51
41
55
56
46
56
41
46
54
56
40
50
48
56
46
52
52
48
59
57
52
48
55
38
51
53
46
52
49
54
57
57
47
49
48
51
48
51
44
45
46
52
46
45
43
49
54
47
45
55
48
47
50
45
53
43
45
50
52
54
60
60
57
44
48
47
48
41
54
56
53
52
56
43
45
48
60
47
48
44
47
53
50
56
56
50
45
52
47
38
48
53
51
42
48
54
49
58
42
40
42
55
57
59
49
56
54
53
47
47
51
60
47
44
48
54
53
51
48
47
42
60
43
42
43
55
47
54
61
51
41
45
56
49
46
56
44
56
54
49
49
48
51
53
60
44
56
58
48
49
56
47
53
43
57
47
44
49
61
50
58
43
51
57
47
45
52
46
49
57
54
54
48
48
53
50
46
45
51
43
52
56
43
49
58
43
47
51
52
45
38
45
47
50
48
54
50
53
45
51
50
57
50
47
47
55
44
44
49
51
51
45
45
56
59
46
52
47
53
45
51
34
52
50
50
55
49
53
48
41
49
42
47
56
51
53
47
49
46
59
49
53
48
52
50
51
54
48
55
47
47
44
55
57
51
49
58
42
51
47
51
46
58
45
64
41
44
50
51
55
45
47
42
54
42
51
53
44
47
48
53
48
46
53
44
38
50
62
50
59
50
53
46
48
52
51
52
47
53
44
50
47
49
45
59
57
50
44
49
52
43
46
48
47
53
50
49
52
52
53
56
46
57
53
44
46
57
53
47
52
53
48
48
51
50
48
43
49
50
