51
31
53
44
29
34
55
61
45
36
41
38
52
42
38
54
56
58
50
55
43
44
55
46
21
46
50
39
48
35
41
38
29
35
41
53
28
37
40
52
39
30
43
41
32
39
28
52
39
62
33
52
41
48
6
24
46
34
49
38
42
46
41
57
56
42
30
45
50
26
28
71
43
39
41
28
33
41
26
63
50
43
33
68
50
56
43
33
39
47
38
56
32
55
52
31
49
41
55
25
53
39
60
68
42
45
32
17
36
37
52
15
45
50
41
36
61
33
62
44
53
47
78
36
51
50
24
50
53
57
49
44
49
46
26
36
27
27
43
37
31
31
36
38
31
50
29
53
34
22
35
29
58
57
21
27
42
41
23
50
42
49
43
55
52
49
46
52
56
38
45
43
69
44
53
46
54
40
44
51
46
31
48
46
37
13
38
53
34
47
48
30
31
40
43
38
51
47
31
37
56
48
16
48
52
49
47
41
45
38
33
38
50
47
38
70
42
44
53
23
42
53
51
51
35
35
52
53
49
20
49
50
51
42
31
41
54
47
43
41
65
48
22
32
51
57
35
40
24
50
56
50
48
43
54
39
29
24
29
41
51
56
49
52
4
63
45
26
62
49
48
37
57
41
52
61
32
53
35
36
42
30
36
33
47
68
44
40
55
33
29
52
56
46
43
31
31
27
66
46
68
53
57
41
58
38
26
40
33
48
41
17
45
32
27
34
52
46
40
43
52
32
36
34
51
62
59
60
22
33
54
57
47
31
60
50
45
29
9
25
68
61
60
47
32
42
60
26
33
52
27
42
32
28
29
51
29
59
45
23
35
56
40
60
43
31
62
46
48
29
37
46
60
41
53
35
53
31
55
37
50
53
50
32
46
71
53
65
29
35
54
59
23
44
44
56
47
35
36
31
46
38
42
30
42
32
43
50
32
48
26
42
34
54
36
48
34
37
55
45
52
56
53
32
42
42
49
46
44
50
36
59
39
40
29
53
39
45
57
31
56
42
67
53
50
45
58
54
37
53
55
31
44
48
67
50
56
47
29
26
63
57
24
58
31
39
34
44
49
43
52
36
28
28
38
37
24
39
47
43
52
20
58
35
41
36
40
53
33
34
56
41
35
32
38
44
44
24
58
48
