39
24
36
34
35
53
60
45
53
25
44
63
56
40
60
54
46
43
61
57
69
34
32
53
30
58
25
35
43
44
37
46
42
37
42
29
38
34
51
38
57
25
38
42
35
37
50
32
30
43
36
33
55
49
59
53
50
28
33
48
53
47
28
49
54
48
41
31
29
50
49
22
51
47
43
50
27
55
49
22
8
56
48
46
48
22
43
22
35
69
22
67
60
28
48
45
51
57
54
55
39
54
54
54
42
60
38
42
20
59
31
53
34
47
49
69
40
32
54
53
58
49
40
44
56
78
44
52
51
49
11
53
33
34
47
26
40
53
27
46
37
49
32
30
66
39
42
46
34
31
52
41
50
53
59
39
37
47
52
27
30
53
38
30
39
44
50
36
54
36
49
34
62
51
34
52
43
29
37
49
39
20
26
41
23
45
48
64
68
41
57
31
54
53
32
28
53
32
49
34
59
33
44
61
54
44
53
54
38
56
57
37
36
52
47
52
53
32
36
27
36
25
39
24
42
55
49
36
38
45
39
38
43
55
25
60
51
31
49
28
54
25
24
67
16
52
53
55
48
54
59
50
52
27
36
39
52
34
15
46
28
31
54
54
37
35
61
25
47
30
53
32
39
42
39
45
48
33
47
34
60
50
38
26
26
48
43
36
68
39
48
30
34
32
44
36
33
53
37
52
35
38
29
21
51
36
28
41
47
34
57
39
22
54
34
56
38
50
48
56
52
32
35
38
53
36
66
34
43
58
21
32
52
28
34
37
34
33
53
49
56
53
52
61
32
28
37
19
27
50
44
48
16
64
41
29
20
53
33
56
26
31
37
27
57
46
31
60
54
54
49
58
48
51
59
30
54
53
42
54
36
9
45
46
24
30
22
37
36
35
55
49
29
37
28
50
51
33
63
55
50
64
29
58
52
42
43
33
54
37
43
64
20
43
53
54
47
29
45
55
29
47
57
49
15
50
46
33
42
38
41
49
53
29
50
51
16
29
16
53
26
49
26
32
27
50
29
33
55
46
38
34
27
29
42
59
45
54
56
43
31
52
50
12
51
37
43
44
36
40
47
60
48
36
52
52
50
25
33
39
29
42
31
30
52
40
40
65
49
34
54
49
45
26
59
44
44
30
40
40
