47
47
55
44
52
32
36
65
58
38
55
48
41
51
27
53
27
53
57
35
52
58
39
46
35
57
46
52
31
59
49
44
18
52
29
51
38
46
35
54
49
57
54
45
36
27
20
45
55
43
65
42
34
52
45
37
50
58
49
27
32
33
32
48
49
20
43
31
25
35
33
34
43
43
49
45
63
46
39
39
44
49
44
57
55
31
37
52
52
50
47
53
35
52
56
25
46
47
39
47
57
62
27
66
49
36
34
54
42
31
52
38
38
45
36
52
30
58
60
42
58
45
38
53
38
55
33
40
30
35
37
36
34
45
37
31
37
42
46
28
37
55
39
50
35
48
47
39
62
55
55
26
31
59
42
65
47
40
9
37
59
42
28
20
48
24
47
30
50
55
53
38
51
53
46
30
44
43
65
41
52
61
28
28
46
56
41
39
62
28
42
30
38
63
38
57
51
62
27
30
46
44
34
31
53
44
34
31
28
24
51
42
46
51
45
53
49
50
53
47
31
34
59
44
57
26
41
57
48
55
29
39
63
51
37
25
49
27
39
44
58
51
36
52
27
35
31
54
37
52
51
32
34
50
55
27
30
45
32
51
43
33
55
50
40
42
30
40
24
44
53
51
43
17
34
62
60
52
53
44
38
47
48
55
59
26
32
45
38
56
59
40
33
54
30
39
54
56
39
48
46
45
19
59
24
52
51
39
54
63
17
50
17
52
39
54
56
65
30
31
56
21
42
42
52
47
29
32
59
51
52
68
32
43
55
44
20
28
50
54
48
36
40
27
29
51
48
26
36
44
39
28
36
51
53
44
49
48
42
24
43
43
53
48
53
53
54
54
31
39
44
40
31
63
36
49
48
31
33
33
30
46
80
29
27
38
34
37
52
36
53
52
35
61
46
41
30
42
45
28
49
65
38
48
49
51
30
43
32
39
40
44
48
49
31
55
38
36
51
35
48
53
56
16
37
67
14
32
41
54
24
13
31
50
33
59
59
39
39
48
37
34
34
40
49
48
63
51
19
40
52
58
45
37
60
11
31
53
27
59
31
34
59
27
35
56
47
37
48
30
43
44
21
49
28
29
41
31
63
41
34
40
55
36
63
62
38
40
56
43
41
41
56
55
61
52
18
57
14
26
