37
32
32
49
29
50
30
47
38
46
36
36
34
54
31
53
52
52
36
45
26
35
56
50
70
34
33
42
28
28
25
52
29
31
33
27
52
75
47
50
26
43
23
29
21
46
33
43
30
31
40
52
57
20
46
45
51
54
62
33
47
55
51
54
51
49
28
27
41
23
28
25
53
50
40
33
47
55
41
56
51
50
41
47
31
60
39
34
59
62
32
39
38
22
45
81
45
37
51
29
52
52
26
29
34
45
54
32
33
47
45
41
31
33
65
33
44
26
54
69
35
6
47
32
48
51
31
29
28
38
65
30
54
53
57
36
35
34
28
54
63
39
39
60
36
25
38
39
42
29
28
38
12
33
31
5
27
28
56
46
64
37
62
14
61
45
54
32
51
37
50
47
52
52
53
32
37
34
50
33
60
46
36
55
54
32
45
34
32
57
29
38
53
28
62
52
52
12
46
30
39
55
52
47
59
50
26
26
26
39
51
35
53
48
35
52
46
52
51
33
78
44
33
45
48
46
44
43
21
36
27
39
39
53
38
52
57
56
54
35
43
56
49
54
58
13
43
51
35
33
29
49
55
41
58
34
44
50
49
39
48
29
42
33
16
34
52
48
51
30
46
38
24
49
42
46
34
30
56
48
51
31
50
30
28
14
30
57
40
47
54
74
43
27
38
33
39
52
50
47
43
34
39
26
33
60
59
49
28
43
32
29
27
38
46
34
28
41
40
46
47
23
33
29
48
41
33
50
59
36
60
17
40
53
25
58
60
66
22
50
64
48
30
38
28
45
55
46
31
52
55
51
28
44
63
59
59
24
54
17
24
49
25
54
35
37
26
49
38
34
46
50
32
51
54
55
43
55
66
44
54
48
50
55
24
46
51
20
59
52
17
34
52
33
38
46
42
39
51
51
55
50
44
32
28
29
46
46
35
29
40
41
33
20
45
49
47
59
52
45
42
39
29
35
29
37
46
46
38
44
33
31
56
38
44
51
41
50
43
21
39
33
36
29
30
46
26
40
47
34
24
44
49
42
31
45
38
43
37
44
18
37
29
42
35
49
62
46
55
54
54
42
71
45
49
44
36
37
52
20
38
29
33
40
55
27
56
57
47
53
36
52
53
32
56
36
37
49
47
58
