26
41
33
43
42
48
40
49
48
59
36
34
24
39
57
45
32
34
46
51
33
59
46
42
44
32
37
51
29
49
46
24
31
53
39
56
60
44
41
69
37
51
56
52
43
58
34
43
50
42
60
40
49
26
59
43
32
71
49
28
62
33
22
41
47
62
52
40
43
43
30
35
22
30
30
32
38
51
47
52
42
31
50
38
38
44
40
45
53
54
51
36
33
54
52
19
42
27
32
58
42
40
51
51
18
59
31
40
39
52
33
50
58
55
59
55
63
46
49
40
31
49
41
55
64
39
47
56
34
31
38
29
52
36
35
46
30
44
42
51
46
53
50
48
55
51
53
36
25
30
36
24
31
23
8
53
49
53
66
53
53
31
36
47
53
46
30
53
34
25
56
50
31
52
34
31
33
62
49
74
54
54
50
31
28
40
45
40
30
54
50
37
44
51
41
45
30
36
33
52
50
60
24
24
33
55
36
37
46
51
48
63
47
33
39
40
60
51
39
20
15
48
25
32
33
33
28
31
35
11
31
53
37
24
43
41
53
52
41
55
31
45
28
55
48
31
53
19
48
66
39
35
19
25
32
49
49
30
26
63
34
50
25
37
33
24
56
38
18
57
38
32
60
32
47
51
31
50
33
46
45
35
38
58
56
53
28
46
49
46
30
28
37
41
24
38
27
42
48
44
54
50
64
41
50
48
50
29
42
46
53
65
31
55
30
62
47
36
44
36
43
29
49
66
38
27
41
47
21
61
22
39
27
39
29
27
22
45
33
43
47
30
53
58
55
50
64
51
39
33
42
38
61
31
47
33
30
53
49
30
49
40
27
49
33
36
19
35
54
34
46
38
35
62
60
33
29
48
45
48
32
32
36
48
53
54
28
55
36
34
53
33
51
52
35
50
55
48
47
36
41
54
35
32
43
6
37
29
44
33
32
66
28
38
43
38
53
34
46
32
32
36
37
61
52
40
49
31
46
37
51
55
70
29
19
47
58
39
38
48
55
30
49
58
28
43
41
49
46
29
46
41
43
52
42
33
58
48
47
33
41
22
33
51
36
52
48
48
35
55
16
36
46
41
44
53
11
27
33
33
37
28
7
47
58
38
27
47
63
36
56
65
48
47
36
55
22
42
23
30
