41
55
54
22
50
36
55
52
42
40
51
27
38
35
34
40
45
44
33
59
52
33
28
30
56
68
29
45
27
35
51
48
52
32
45
51
34
43
48
30
49
47
47
45
33
31
50
50
55
39
35
58
55
51
18
21
47
50
56
55
23
56
47
60
37
54
31
52
38
36
27
32
52
34
32
51
65
40
36
47
51
44
37
63
23
47
61
33
45
29
49
51
44
25
42
52
32
57
53
52
47
38
57
51
40
46
25
42
32
33
40
59
55
46
44
66
38
26
49
58
16
54
54
33
33
64
46
58
50
60
45
54
33
49
36
45
49
18
44
40
43
51
50
42
36
41
47
48
41
54
48
57
33
47
57
49
51
49
33
50
23
33
26
21
51
48
37
57
52
48
36
28
44
56
46
39
49
35
29
54
50
42
52
44
47
53
50
70
49
27
30
52
48
29
51
49
32
45
32
52
49
45
47
53
40
27
35
57
39
59
63
47
44
45
28
28
63
41
31
48
35
47
26
53
44
51
50
47
49
59
37
43
31
44
55
58
46
46
33
47
45
25
68
68
25
50
33
42
64
67
44
37
50
53
46
51
41
42
27
40
46
52
42
57
31
53
43
59
49
54
55
53
55
31
64
42
31
28
59
49
42
47
48
20
53
44
50
30
27
73
33
37
30
15
40
47
35
39
47
59
43
28
52
52
51
34
49
45
36
62
52
49
31
41
52
55
41
28
33
55
37
23
41
32
47
33
49
55
31
38
33
14
39
38
49
40
27
37
33
35
41
49
47
47
33
27
42
50
48
45
29
31
61
48
47
36
61
47
41
28
41
28
53
53
44
48
56
26
22
59
32
45
48
59
46
22
41
56
22
41
52
30
30
26
46
29
37
49
45
57
32
45
57
49
44
39
30
56
51
45
47
59
34
32
33
37
59
51
55
47
48
30
56
57
46
54
48
53
41
42
41
50
49
30
38
44
42
59
26
32
47
22
49
57
53
49
50
39
66
37
51
51
34
54
52
33
35
50
40
44
42
40
27
40
34
41
37
46
36
27
59
38
38
58
38
53
45
28
48
51
57
47
47
29
49
32
35
58
37
48
39
31
49
26
54
66
67
38
48
32
26
36
52
47
58
53
64
46
46
40
