43
40
37
42
31
52
43
37
60
39
39
53
31
31
18
39
24
45
36
40
50
54
58
31
49
52
54
50
53
50
27
44
51
31
41
52
51
52
50
46
27
19
47
58
55
29
45
46
38
18
53
56
52
56
50
23
60
28
27
45
46
44
38
17
44
49
56
47
55
28
53
69
39
39
50
30
50
50
47
50
51
49
50
46
39
32
50
55
56
40
61
52
31
38
38
61
14
28
53
57
37
35
44
51
41
37
43
23
39
29
34
53
47
34
30
46
57
10
43
52
38
58
49
32
39
54
49
56
55
36
30
33
53
42
54
56
38
22
51
62
34
42
35
37
52
63
29
67
55
48
51
26
53
26
28
24
14
25
42
31
38
50
73
53
49
46
29
34
35
65
30
25
35
49
57
52
25
49
25
32
49
38
32
34
33
49
54
29
49
28
64
34
53
53
50
55
50
58
58
56
52
40
48
46
54
48
50
57
44
41
36
50
43
46
32
38
45
52
50
26
48
35
39
58
56
57
68
53
45
60
64
59
29
32
33
41
55
50
34
54
42
34
38
33
19
29
44
55
23
51
59
6
52
47
5
47
52
45
37
53
11
48
22
34
31
52
32
50
43
18
57
24
30
37
28
31
47
44
35
36
51
41
55
25
36
29
35
33
44
55
25
20
50
27
39
40
52
62
35
47
53
36
29
53
44
47
64
33
36
51
28
48
62
37
29
35
5
32
74
57
31
45
41
50
26
33
54
26
47
34
57
53
31
30
36
39
51
38
32
33
59
51
59
15
45
49
53
64
27
59
40
27
64
25
38
46
63
49
58
39
52
32
47
27
36
35
55
48
45
64
14
32
49
49
30
47
52
66
19
12
41
38
64
50
33
46
38
63
58
28
21
33
33
50
54
41
16
35
32
35
53
44
49
46
42
54
65
51
46
13
37
48
32
39
50
51
50
46
35
39
33
48
42
51
51
33
58
55
51
9
32
29
51
32
49
34
52
23
63
54
25
51
49
53
40
41
46
63
45
33
45
58
45
50
37
37
56
36
49
14
46
36
36
35
42
31
52
36
58
57
61
39
30
38
36
26
44
51
56
32
32
47
42
32
45
29
51
20
45
41
39
41
50
36
29
50
60
41
25
54
