48
29
46
17
28
28
40
20
26
41
25
44
38
21
41
33
30
32
31
29
33
26
32
40
19
19
45
36
38
29
43
32
45
18
27
41
17
27
34
30
20
33
44
32
30
34
32
38
11
28
49
30
51
23
33
44
24
41
24
14
34
25
45
14
29
37
15
40
35
35
39
29
42
17
27
40
35
34
33
56
14
51
30
34
39
46
23
42
7
32
39
48
31
39
49
47
31
32
27
32
35
26
17
28
20
28
17
25
36
44
33
41
31
25
50
37
21
22
32
26
49
22
42
33
16
38
43
23
27
51
36
23
27
36
24
32
49
21
41
17
43
22
15
28
22
29
22
35
47
26
41
27
24
45
38
30
21
32
47
36
26
9
36
42
18
33
44
29
29
41
41
22
34
41
24
48
15
18
35
41
21
39
20
40
41
28
38
23
26
38
44
51
36
47
31
37
33
55
45
51
26
21
22
36
20
18
24
32
47
32
24
33
31
51
18
45
49
35
38
35
36
28
20
35
39
31
40
19
37
38
32
35
37
53
39
45
34
24
5
31
22
28
40
46
19
43
50
40
28
38
50
48
47
30
42
25
25
40
46
14
49
34
28
35
42
28
46
17
52
42
41
33
37
46
31
46
26
20
47
27
34
27
26
40
19
30
27
28
57
12
31
45
24
35
30
31
45
27
48
29
34
41
26
31
38
40
35
25
46
30
29
11
33
25
33
34
19
32
35
31
36
21
22
30
37
14
22
54
42
43
18
35
32
32
55
25
25
27
30
36
14
21
47
26
21
31
45
32
26
42
25
33
20
32
54
40
46
31
39
16
30
41
35
32
25
46
17
55
29
30
39
38
33
32
14
31
25
16
32
20
22
39
27
22
24
20
21
40
33
28
41
40
47
34
37
33
21
27
24
33
20
59
41
46
43
40
31
35
30
15
45
37
51
19
41
29
16
25
48
50
16
19
35
33
17
40
59
34
28
38
33
37
35
30
4
14
38
28
43
47
40
31
42
37
24
29
15
35
39
30
31
32
19
15
24
25
23
32
41
33
22
39
30
27
28
53
20
23
37
41
32
49
44
36
36
7
25
55
28
40
23
13
44
41
42
53
36
36
26
46
34
39
39
39
25
38
46
29
33
39
