53
49
33
52
46
35
44
34
52
59
33
24
23
33
33
57
28
33
33
37
50
67
54
32
63
54
26
38
24
63
45
52
47
39
33
50
45
22
27
54
40
46
23
50
27
50
52
49
44
59
39
30
41
44
29
35
47
28
36
21
29
38
43
52
26
56
55
37
34
54
17
22
54
34
56
32
31
49
53
24
37
38
48
36
52
55
47
45
35
50
39
47
49
51
53
47
30
19
57
18
48
54
36
50
40
62
50
33
48
48
56
36
52
53
32
49
28
38
36
48
53
43
41
43
64
39
24
32
41
50
47
58
43
22
29
49
34
51
44
33
51
33
51
44
51
50
38
40
17
34
40
51
46
38
31
23
63
66
38
20
28
32
35
32
49
61
54
35
57
48
40
47
53
33
48
35
41
42
57
34
32
52
19
48
12
43
37
25
51
47
36
15
40
28
48
41
41
72
27
26
63
53
58
53
32
60
45
41
41
38
37
46
27
50
39
70
30
17
31
40
25
51
42
15
46
36
39
47
36
34
61
51
55
38
50
45
52
50
45
44
52
50
35
40
35
37
28
48
27
49
52
38
57
52
53
27
44
36
53
31
37
27
44
45
48
50
29
42
59
56
47
30
50
32
26
31
62
38
46
66
26
33
61
45
55
47
33
25
29
38
67
50
56
24
27
33
53
30
34
53
37
51
47
35
45
47
37
43
44
41
48
28
55
55
39
44
46
43
40
48
43
37
60
55
53
51
55
38
48
55
19
31
42
29
42
46
35
38
49
30
49
33
47
46
44
42
53
51
48
57
26
46
38
38
25
22
27
22
7
59
43
36
38
46
29
62
37
36
52
43
31
48
32
59
32
38
55
34
47
49
59
33
46
50
33
55
52
34
27
41
39
69
36
42
38
63
42
45
28
57
32
59
51
30
33
25
17
38
45
41
34
43
34
63
53
26
51
52
15
37
29
49
34
33
28
36
42
36
57
55
36
44
41
42
38
54
48
19
57
54
29
44
35
28
25
38
53
34
38
42
42
30
50
59
20
26
50
39
35
51
26
57
30
21
36
40
36
16
53
36
51
24
46
42
32
26
34
48
34
65
46
49
40
28
30
38
43
41
36
30
17
44
57
32
34
50
35
53
39
58
