34
63
31
36
31
28
48
59
29
35
54
47
26
40
35
47
32
37
57
16
12
47
48
54
50
30
47
28
23
52
39
39
45
41
50
56
45
27
40
34
37
48
46
51
10
33
59
51
56
53
39
36
49
43
34
40
34
40
30
22
17
35
31
45
44
56
57
26
49
53
41
57
16
39
30
51
53
35
55
51
70
29
37
43
48
63
37
40
50
27
57
57
23
31
37
51
47
29
49
36
65
40
57
44
57
54
63
66
56
31
34
55
31
55
35
17
36
61
13
46
57
37
33
28
47
45
32
54
35
50
36
43
59
50
27
46
51
23
31
50
58
17
63
33
39
23
40
63
29
27
58
58
31
44
45
20
56
60
37
17
48
53
65
34
27
70
22
48
27
45
50
57
27
47
41
53
44
50
44
54
48
28
26
44
34
14
43
38
6
34
32
47
34
52
55
49
49
53
30
50
51
57
44
44
47
59
34
41
33
30
31
32
41
56
42
45
47
47
38
40
28
24
53
28
51
35
46
48
51
35
57
33
68
28
26
31
49
49
28
51
33
35
47
63
46
23
35
38
40
30
54
49
57
47
54
39
25
45
17
43
47
54
54
58
43
33
52
46
31
17
55
52
31
39
46
45
53
29
38
32
54
43
61
57
45
45
38
49
30
31
26
41
48
40
25
51
22
54
32
50
41
48
48
57
41
45
27
40
49
25
40
52
66
56
54
25
42
46
32
46
43
54
54
53
50
58
48
21
43
53
27
37
31
18
50
45
46
47
38
29
50
57
38
29
28
67
31
44
29
31
65
50
54
32
54
59
44
52
44
34
25
34
47
40
44
52
47
58
30
59
42
41
43
51
43
45
49
54
52
34
29
29
36
58
47
38
53
55
35
47
37
38
51
52
52
44
62
45
30
54
47
32
41
43
49
34
47
52
34
27
49
53
27
39
53
36
57
66
58
38
50
34
34
44
15
33
31
50
32
36
35
70
35
22
23
42
35
41
46
57
58
28
41
54
62
38
48
50
44
29
29
52
49
57
48
35
35
46
29
47
41
14
52
55
38
29
33
33
53
20
36
50
30
43
53
40
56
50
24
65
40
31
60
42
54
51
37
52
58
54
24
40
46
28
30
27
61
47
29
52
