37
22
43
40
34
43
33
61
65
49
43
60
46
33
50
30
31
35
65
59
40
56
56
36
24
53
41
55
30
76
50
35
36
27
35
35
39
48
28
51
59
24
31
50
53
39
33
55
31
38
18
40
49
35
27
55
31
51
33
43
46
50
55
52
62
47
40
51
37
52
56
33
45
21
46
61
53
66
41
39
50
37
38
50
42
59
44
36
33
35
36
41
65
46
43
40
25
34
58
52
34
33
26
24
46
42
37
20
48
37
43
38
39
28
43
59
59
50
45
29
29
45
44
38
48
51
59
47
41
62
57
38
31
47
31
51
46
34
30
42
51
20
48
30
39
51
44
51
28
38
47
37
43
56
46
44
50
28
49
37
50
31
45
43
64
57
36
49
43
43
31
30
34
51
57
30
43
34
42
58
24
46
46
44
47
49
49
55
30
17
53
53
52
51
39
48
56
28
33
46
39
32
50
35
40
45
48
29
56
42
44
24
44
32
53
60
43
56
50
62
53
53
53
49
24
41
30
53
52
6
49
30
33
51
48
29
56
29
52
16
26
30
36
28
53
28
38
34
50
47
62
36
15
28
25
44
54
52
60
47
29
33
59
34
40
53
40
41
49
24
29
32
50
38
61
59
37
69
32
22
63
54
51
50
30
43
12
27
38
47
51
53
35
37
53
50
33
47
30
50
41
66
54
21
24
15
52
28
60
38
17
49
37
55
51
37
23
34
28
29
44
50
55
44
39
57
31
49
64
54
43
25
31
38
55
37
59
25
22
45
22
59
37
60
39
48
49
46
49
22
28
33
29
38
47
46
45
37
36
54
25
46
27
39
27
36
48
38
30
53
34
58
46
38
36
34
30
33
45
34
22
29
39
42
62
39
31
49
59
32
32
32
53
44
36
37
46
36
50
53
38
50
34
33
48
53
34
19
30
54
50
53
51
28
55
30
31
31
49
31
48
59
39
36
39
40
64
28
48
29
40
54
38
29
43
49
51
50
45
12
45
40
30
28
41
44
44
53
50
51
26
49
32
51
34
65
31
58
47
49
20
27
40
34
48
35
52
40
57
45
38
33
42
54
19
32
48
51
47
51
39
55
40
50
53
38
51
35
48
55
51
57
44
27
59
49
39
38
39
30
