39
26
21
37
44
43
41
61
65
49
43
60
46
36
50
28
30
14
65
59
40
56
56
37
22
53
41
55
43
76
50
40
34
33
33
30
31
48
35
51
59
36
24
50
53
30
35
55
36
38
27
40
49
35
35
39
28
51
24
43
46
50
55
52
62
47
31
51
37
52
56
39
45
33
31
61
18
35
27
53
55
31
33
66
40
39
33
21
46
41
50
50
59
41
65
46
37
38
43
40
42
44
36
33
58
52
35
46
42
36
25
34
34
33
20
48
43
43
59
26
24
59
50
45
45
44
38
48
37
51
59
47
37
62
38
57
38
39
28
47
51
29
46
29
41
42
31
31
34
30
20
30
51
48
51
43
56
39
46
44
44
51
50
49
50
45
43
64
28
57
38
47
36
49
43
37
34
28
51
57
37
43
42
58
46
46
44
47
31
43
49
49
55
53
31
53
52
30
51
48
30
34
24
30
17
56
33
39
46
28
39
32
50
35
45
48
56
44
53
60
43
56
50
62
40
29
53
53
53
42
49
44
24
32
30
24
53
41
52
6
30
33
51
29
29
16
26
30
36
49
48
56
28
53
28
38
52
47
62
36
34
50
54
15
28
25
52
44
60
29
33
34
47
40
59
40
53
41
24
29
49
50
61
59
32
69
38
37
63
32
54
51
22
30
50
43
12
38
27
51
47
53
53
35
37
33
50
30
47
41
21
50
24
66
54
15
28
38
17
37
52
60
49
55
37
51
23
44
34
50
55
28
29
44
57
49
64
39
31
25
31
54
43
38
55
37
59
59
37
25
22
60
39
45
48
49
46
22
28
49
38
22
37
36
25
33
29
47
27
46
39
45
54
27
30
46
34
38
36
36
30
33
48
34
38
53
22
58
46
42
34
31
45
29
32
32
36
37
39
62
46
39
36
38
34
49
33
48
34
59
32
53
44
19
50
30
28
30
53
31
31
50
31
39
36
39
53
40
54
50
28
53
40
38
29
51
43
55
49
51
48
12
40
30
28
59
64
48
29
41
54
49
51
50
32
45
34
45
44
44
31
20
27
40
53
34
50
35
26
49
40
38
33
51
42
19
65
58
47
32
51
49
48
52
57
39
45
54
48
51
47
55
38
27
40
50
53
38
51
30
