49
28
46
32
45
41
50
52
41
53
21
50
44
32
52
45
54
55
54
57
49
33
31
34
38
53
29
33
47
52
42
45
46
27
54
53
50
45
27
27
47
46
52
53
29
40
28
37
46
35
31
36
43
24
33
54
44
33
47
40
38
37
38
50
52
40
40
25
59
50
53
54
50
30
51
51
40
45
53
57
47
46
40
36
27
34
54
40
47
40
23
55
52
47
36
32
49
62
23
47
59
48
45
55
40
40
33
45
38
50
41
29
49
55
28
48
50
31
40
42
44
24
33
34
47
57
31
59
54
55
49
58
32
58
25
34
48
57
35
54
54
42
50
60
31
67
51
19
5
46
46
36
41
56
43
37
60
32
32
71
48
28
36
36
34
58
30
45
27
30
38
31
47
61
42
53
59
25
37
54
54
52
38
55
43
42
36
41
46
23
29
52
57
47
46
58
48
25
50
27
34
45
32
46
29
38
50
50
27
34
45
37
35
28
50
52
20
28
51
28
23
43
50
40
19
61
25
6
43
50
47
36
50
42
40
51
39
53
58
39
44
40
20
59
49
53
31
41
49
53
35
51
24
54
37
48
30
46
45
46
49
30
31
34
39
33
50
34
51
32
53
46
60
27
52
49
35
61
49
50
36
55
52
63
53
39
34
43
49
29
52
29
29
36
37
26
48
27
60
31
45
63
65
37
57
30
53
51
35
43
51
50
56
38
41
46
26
35
58
36
49
54
50
58
33
44
60
17
34
44
34
59
41
48
34
49
58
60
22
36
17
38
56
43
50
43
56
55
32
65
69
38
78
44
70
35
12
52
31
40
36
53
37
34
32
30
41
45
22
69
20
62
56
50
37
45
50
45
20
35
50
58
28
52
52
44
63
42
59
26
41
11
58
33
55
48
52
37
49
50
34
55
51
26
44
56
43
36
51
36
55
59
47
63
44
26
29
35
29
50
52
34
41
32
53
47
35
53
49
34
29
48
49
52
70
54
50
32
44
33
52
44
55
53
47
58
43
59
21
22
41
60
29
58
61
34
47
44
37
31
41
30
28
50
42
39
36
26
43
49
47
48
51
24
32
32
40
41
52
56
63
52
51
34
32
57
39
46
24
26
44
19
47
27
51
37
52
16
53
54
