19
28
46
43
51
18
51
36
26
45
43
46
43
52
49
48
45
27
59
31
46
56
25
16
57
50
37
38
63
50
32
53
53
32
31
34
37
17
29
48
32
45
53
47
59
38
40
56
41
29
37
40
40
42
49
29
44
53
54
35
34
50
53
53
62
36
50
24
33
46
46
51
34
37
25
22
41
41
29
17
39
54
32
37
50
57
33
56
53
25
31
38
49
31
50
24
35
50
23
50
32
58
21
76
34
38
28
34
47
42
30
37
29
53
56
50
48
31
58
40
51
43
23
54
33
49
36
40
27
50
27
48
44
51
31
41
38
39
47
38
29
54
64
50
57
47
39
52
57
55
29
53
31
38
41
40
30
29
30
45
39
27
29
39
36
71
42
32
50
52
51
34
52
33
51
39
59
51
62
32
36
52
31
49
44
47
36
30
50
36
28
44
42
39
49
27
33
52
31
47
64
44
62
29
56
57
59
39
45
48
48
44
35
34
53
39
49
44
46
28
70
24
53
48
39
31
48
26
55
37
18
53
49
24
49
33
61
37
39
39
28
54
40
27
53
53
60
62
37
57
36
65
32
49
44
27
35
37
39
38
37
52
56
44
50
44
49
49
43
38
30
49
31
41
21
38
47
39
45
48
34
51
54
55
33
37
49
65
48
38
40
55
39
47
36
47
51
31
34
36
40
45
31
35
58
58
48
58
44
41
58
14
24
24
61
37
32
43
37
48
37
34
36
58
31
46
44
78
47
48
48
28
28
50
39
39
39
53
57
55
10
25
42
48
26
30
57
50
17
38
62
34
51
31
61
53
25
37
55
68
52
36
45
36
24
48
38
18
52
32
36
60
54
36
49
46
54
53
30
53
32
40
52
59
47
34
29
31
60
72
32
53
31
51
50
25
36
42
36
56
51
25
19
44
22
72
51
22
29
32
51
24
24
40
46
28
44
34
37
52
50
35
52
66
34
33
55
56
42
36
55
30
34
41
58
46
59
39
46
36
49
57
15
24
21
38
58
58
21
32
37
39
63
35
23
49
52
54
64
33
62
50
39
42
51
30
41
54
22
29
45
28
52
25
57
45
51
59
53
34
43
64
17
37
51
34
29
33
47
35
47
47
24
37
48
44
25
29
32
36
