43
36
34
29
31
45
26
32
52
38
45
48
33
47
40
49
37
34
39
38
42
44
54
58
39
46
39
47
32
34
45
34
48
48
34
26
47
51
45
55
48
46
34
29
32
29
26
52
30
56
37
40
45
46
64
63
51
26
43
50
31
52
31
49
51
26
28
30
25
35
22
52
52
48
35
23
52
24
39
55
46
53
50
48
33
59
45
37
46
25
35
49
47
50
39
50
38
56
35
29
22
45
43
67
43
59
43
38
38
46
33
33
52
58
54
52
59
55
32
35
33
49
43
35
32
28
67
50
49
45
24
33
40
16
25
21
28
35
52
24
47
26
52
54
49
62
43
25
14
49
32
49
53
52
24
56
52
58
47
59
36
57
25
14
45
28
44
39
49
37
44
52
36
42
29
37
65
53
60
58
46
34
60
51
49
58
40
41
54
36
56
35
13
48
73
39
22
52
50
56
36
63
18
49
20
36
45
34
47
40
47
38
34
28
38
32
50
52
31
39
37
56
55
39
40
51
37
31
58
35
38
53
39
43
44
29
51
51
27
46
47
31
45
28
33
40
51
47
38
50
57
51
48
33
29
51
35
39
34
44
55
41
50
43
57
54
23
56
27
47
34
49
54
48
45
51
29
56
69
50
42
36
44
51
45
37
48
51
68
35
38
46
45
32
51
27
33
50
27
33
52
44
28
52
29
41
31
49
54
31
46
33
43
32
27
57
40
22
36
59
57
47
17
49
47
35
27
55
42
54
43
34
34
37
21
48
43
54
58
34
32
43
31
39
33
70
22
47
53
39
24
65
32
52
24
30
17
24
52
31
61
44
58
21
54
28
51
47
40
27
51
31
51
46
63
58
48
27
47
40
47
32
54
30
34
48
60
64
48
55
32
55
33
36
42
29
39
56
48
38
57
26
26
28
54
62
16
23
45
58
50
47
19
66
22
32
57
30
55
39
53
34
54
21
52
34
48
35
33
54
57
22
53
24
45
36
58
55
34
27
55
38
47
43
37
42
24
39
46
62
44
48
59
56
32
35
62
45
45
46
40
46
26
41
50
48
39
49
42
39
17
57
42
34
32
36
63
22
37
35
42
25
44
53
78
44
48
50
40
33
60
34
36
49
55
22
47
33
51
54
