40
52
41
30
34
45
52
59
57
58
36
36
53
34
48
30
50
40
47
34
52
51
48
52
44
22
48
50
35
44
53
37
26
54
34
57
52
32
36
43
50
42
55
71
54
49
17
57
35
43
54
34
30
43
34
51
51
59
57
46
34
55
30
58
43
51
33
41
32
57
29
39
30
41
31
57
29
55
49
54
45
33
54
27
60
56
36
66
36
31
34
54
52
46
46
57
57
60
30
28
45
28
53
47
38
17
43
51
57
47
29
21
33
31
58
44
53
40
34
38
63
60
52
47
42
43
53
35
42
34
31
19
30
40
32
32
39
49
29
40
39
48
38
52
52
63
48
58
19
30
53
50
64
46
24
45
35
33
52
17
44
37
68
46
45
43
56
57
34
51
26
35
18
35
30
32
34
33
48
55
43
43
62
25
47
33
57
52
39
40
48
51
33
48
42
59
47
52
48
39
49
55
18
34
29
54
38
36
31
40
47
49
50
50
47
52
48
53
48
70
35
29
35
52
29
51
58
51
9
44
57
37
49
55
57
49
28
24
26
28
53
56
41
57
55
41
44
50
38
44
41
49
45
27
47
49
52
31
32
56
29
40
51
58
34
48
61
30
26
56
35
40
34
25
51
47
56
54
37
38
44
49
59
62
45
56
52
31
46
15
37
52
51
49
35
41
44
47
50
27
31
27
51
28
27
52
48
27
45
57
58
50
26
31
23
57
56
29
50
51
49
33
45
37
40
46
30
38
37
25
47
47
58
27
53
53
52
27
30
51
42
58
52
47
48
50
45
47
32
39
67
36
61
50
46
31
44
49
27
33
58
46
38
29
46
39
52
26
49
53
49
46
44
29
39
54
57
36
61
38
39
35
48
57
51
37
41
60
53
40
56
34
31
36
47
21
33
27
50
45
34
65
41
34
32
32
33
45
60
29
47
44
52
61
36
50
32
31
48
64
44
46
32
52
31
32
24
53
50
49
52
33
42
49
31
32
56
61
46
62
49
58
60
47
39
27
48
51
46
59
57
37
31
35
50
59
46
53
59
20
52
37
51
40
20
30
52
40
32
59
49
55
40
31
30
25
35
55
33
35
49
52
15
41
62
49
35
46
9
36
59
50
14
58
42
51
33
28
55
51
