42
32
55
56
22
59
49
48
54
46
22
33
57
36
46
66
40
41
60
47
34
44
44
30
50
53
36
33
47
39
21
33
36
29
46
26
60
26
45
52
45
37
29
33
56
40
63
67
15
29
29
34
13
52
30
33
33
48
52
26
34
12
45
32
36
54
53
33
38
47
43
25
56
39
38
35
46
50
30
29
28
25
45
25
54
46
43
53
34
51
30
50
60
39
52
61
39
35
60
54
37
27
33
13
45
37
54
60
47
48
42
37
52
53
54
44
23
28
47
49
43
33
26
23
55
31
56
49
14
29
26
50
52
20
44
51
50
48
45
27
59
49
47
49
37
46
48
28
31
36
44
43
49
60
32
52
51
24
64
30
30
30
46
52
39
55
40
54
32
19
61
31
28
40
52
35
42
52
39
41
22
28
56
49
58
47
30
47
55
29
31
60
36
43
28
35
45
33
58
32
34
46
50
72
44
53
32
28
49
53
56
45
27
50
30
37
25
48
42
51
30
50
33
53
26
47
37
43
69
39
38
31
62
33
52
48
21
45
50
47
59
29
63
52
71
37
50
44
29
43
23
30
55
45
65
46
32
52
55
33
54
45
43
34
40
26
35
37
62
56
28
28
46
49
26
54
31
58
44
9
58
38
48
24
44
25
19
37
52
50
50
39
56
46
52
36
20
43
41
63
32
31
28
62
31
48
29
51
51
36
38
56
57
36
50
23
48
52
39
32
55
58
37
49
27
33
33
49
48
30
20
35
57
50
47
28
34
49
56
54
48
59
52
32
53
59
49
40
41
33
57
29
47
45
49
32
32
36
54
29
34
34
32
37
17
51
24
65
51
51
28
74
41
33
57
39
56
53
51
53
50
29
41
36
56
48
36
23
42
49
47
54
39
22
50
52
36
53
56
44
50
43
52
31
63
29
32
53
50
40
51
46
48
44
51
73
43
40
35
39
57
32
26
37
19
33
78
37
59
65
28
66
42
39
40
44
35
30
33
39
26
56
41
48
54
56
57
47
45
44
64
25
54
51
44
55
58
42
47
56
58
49
32
40
49
46
55
26
53
32
45
54
34
54
57
45
29
37
40
28
41
39
39
41
54
54
30
47
45
49
59
31
35
34
53
39
42
35
62
51
