26
26
55
56
37
59
49
48
54
29
40
15
57
36
66
40
60
29
34
29
44
44
50
34
53
47
13
30
39
29
33
33
48
46
60
26
45
34
52
45
33
12
45
56
63
32
67
52
36
33
38
25
52
54
39
38
35
30
53
29
28
25
25
46
34
47
43
30
39
56
46
39
50
35
45
37
54
43
27
33
13
45
53
37
51
37
50
60
44
52
23
61
60
28
54
54
33
26
60
47
23
31
48
14
29
26
42
52
53
54
47
50
49
43
55
20
37
56
49
52
44
28
31
36
51
32
50
48
24
30
30
30
45
39
27
59
49
47
49
46
48
44
43
49
40
60
52
32
19
31
51
64
46
52
28
55
54
40
61
35
39
22
52
42
28
52
47
41
30
47
56
29
31
36
49
28
58
55
33
60
32
34
43
35
45
32
28
27
58
30
37
46
25
50
48
72
44
30
53
33
26
49
53
56
45
50
37
42
51
50
53
47
39
43
38
31
33
21
69
62
50
52
29
48
45
47
29
59
63
23
30
45
52
32
71
37
33
50
34
44
43
40
55
65
46
52
55
54
45
43
26
28
35
37
62
56
46
49
54
28
58
44
58
26
31
9
48
44
52
50
50
38
56
46
24
52
25
43
63
19
62
37
48
39
51
36
20
41
51
38
56
32
36
50
48
31
28
52
31
55
29
36
57
58
23
49
39
48
30
32
57
50
37
47
49
27
56
54
48
33
52
53
33
59
49
20
35
28
49
57
34
59
47
45
49
32
40
54
51
65
51
41
28
33
74
41
57
29
32
32
56
36
53
51
53
29
34
34
50
41
32
37
17
24
51
56
33
48
42
39
49
47
54
29
50
36
52
53
56
44
50
36
43
23
52
63
39
22
53
50
51
46
36
31
48
44
29
51
73
43
39
57
37
32
78
40
40
59
65
35
66
42
39
40
44
56
48
32
26
54
56
19
33
57
37
28
47
35
45
44
30
64
54
51
44
55
33
39
26
41
58
42
25
56
58
49
49
46
55
53
54
47
54
57
45
39
41
54
32
54
45
49
40
26
59
53
39
32
42
45
34
62
29
51
52
47
37
40
28
41
39
30
57
55
50
61
47
47
53
54
48
31
35
34
35
50
48
35
56
39
