32
51
51
44
57
45
29
50
34
45
59
39
52
36
39
51
33
44
32
54
43
36
29
35
29
57
23
28
64
39
29
54
46
55
9
34
37
37
17
39
43
29
44
37
4
38
51
25
25
50
34
41
52
64
51
33
37
25
52
32
6
52
42
44
56
56
48
35
35
55
54
30
44
35
24
35
24
42
48
54
52
42
55
21
36
44
51
59
56
49
52
28
24
28
46
50
59
52
22
52
33
42
38
37
57
55
34
21
49
28
51
49
52
51
45
31
51
52
55
31
35
29
44
56
15
42
27
55
36
38
54
39
45
29
40
41
28
32
51
38
57
56
64
44
31
43
39
40
43
27
50
29
44
36
51
48
50
43
39
46
49
27
59
33
23
49
49
52
36
55
49
59
52
66
35
20
51
52
66
38
47
64
49
43
34
47
37
8
57
54
47
51
25
26
23
39
32
50
39
43
30
63
37
58
19
59
38
61
45
43
56
43
42
32
54
61
13
55
42
47
37
36
46
47
24
44
38
24
38
37
52
53
34
17
43
62
52
56
43
14
64
21
56
54
47
41
48
50
49
30
44
36
59
27
46
16
30
39
38
55
47
51
59
47
41
37
40
53
29
51
45
50
51
39
50
54
56
29
27
54
37
57
51
29
58
34
13
42
47
33
28
48
31
46
42
33
52
53
42
36
55
34
48
30
50
29
55
35
53
40
54
36
46
38
51
39
36
50
30
45
34
42
47
52
39
40
31
54
15
48
28
53
15
59
16
24
54
44
33
48
56
56
50
48
57
54
32
30
38
30
53
30
39
26
50
21
36
60
54
49
33
51
19
30
45
26
56
47
21
38
74
47
53
51
59
30
30
55
48
50
52
44
32
37
55
59
30
50
57
49
36
35
49
32
29
30
59
29
41
32
45
28
23
53
53
47
34
48
53
49
64
46
47
43
28
48
37
53
46
41
45
29
53
21
50
32
20
33
43
45
20
33
34
36
41
56
50
33
47
59
49
43
52
56
46
46
32
43
47
39
50
28
26
38
55
57
26
57
36
55
57
47
52
33
43
35
50
50
42
23
57
54
37
39
25
33
39
23
22
36
51
43
29
52
63
29
51
38
36
32
53
30
48
51
52
63
35
44
52
31
