31
31
45
51
30
51
21
28
44
47
65
39
46
36
49
47
49
37
54
21
32
12
30
47
75
37
46
56
29
41
48
49
22
42
44
42
56
49
40
48
58
33
45
52
29
46
30
59
14
51
47
36
40
51
49
30
43
33
54
46
23
43
57
37
49
24
51
29
51
50
50
56
55
58
36
21
45
46
53
33
30
32
52
54
44
48
40
35
37
48
23
57
13
26
24
52
44
49
58
37
39
49
40
50
49
52
32
44
51
52
58
51
23
64
47
55
31
47
47
57
45
35
49
47
45
26
52
47
58
56
35
56
4
25
27
62
52
52
38
42
56
72
51
46
35
48
43
35
42
42
58
57
53
36
42
34
44
57
37
61
43
32
60
56
32
50
53
53
33
56
45
38
25
26
55
46
58
53
40
30
53
53
68
42
33
53
47
46
22
45
51
44
53
42
27
43
55
32
52
52
42
35
52
49
49
36
35
49
29
41
48
18
24
24
50
51
34
43
49
57
50
37
29
39
58
30
29
59
45
58
53
48
43
36
39
43
21
43
31
33
37
36
50
50
57
29
19
60
54
38
59
26
35
33
16
47
51
52
51
22
32
38
45
50
28
37
32
43
38
55
36
41
48
45
32
48
34
44
51
58
28
18
34
34
65
32
58
25
47
34
64
41
52
34
55
59
36
32
35
37
39
45
40
55
56
27
35
34
29
30
50
48
31
58
42
32
23
42
53
57
50
53
53
35
31
49
67
20
43
47
28
49
27
52
45
40
31
50
55
60
50
44
56
66
31
46
74
63
26
26
63
33
53
36
49
61
44
37
24
20
35
50
26
54
33
53
35
55
47
32
31
38
22
39
44
53
32
50
45
40
49
39
58
31
52
35
59
49
34
52
54
25
57
34
35
34
45
44
57
47
51
31
31
39
51
20
51
52
36
52
38
29
31
64
28
38
49
25
40
48
46
35
36
31
34
31
55
52
50
29
58
23
58
57
42
57
50
38
52
55
52
59
48
51
25
48
47
23
31
60
48
45
47
31
69
58
51
47
39
34
21
29
52
26
40
47
24
29
68
56
38
49
29
47
46
39
50
35
55
29
45
47
59
20
56
57
50
61
44
51
33
42
60
48
37
40
59
49
50
46
