53
57
60
30
51
45
60
58
35
58
29
52
34
53
35
51
43
34
24
40
59
53
35
47
28
46
29
62
51
52
33
47
35
36
51
50
43
59
41
53
47
47
52
27
38
28
17
52
49
56
31
44
57
19
44
46
46
36
49
31
38
49
34
59
29
30
42
24
43
69
39
46
53
49
59
34
37
53
37
46
47
27
33
40
34
47
48
75
50
42
34
60
33
57
29
42
35
41
28
61
38
22
46
19
30
36
36
29
57
36
60
50
50
22
32
34
55
22
35
56
23
34
40
48
45
45
37
55
49
52
52
57
32
49
30
51
49
33
35
56
33
51
40
28
55
42
35
50
39
43
38
23
36
46
39
36
54
47
31
31
45
25
43
32
50
56
54
53
49
48
61
36
32
56
41
36
32
47
49
40
37
35
31
40
54
32
52
47
53
35
41
53
33
30
46
27
24
36
45
49
53
37
61
45
46
25
52
63
62
46
24
51
33
45
56
45
45
29
53
19
45
33
35
42
50
36
49
36
48
37
42
46
35
35
30
30
21
59
39
30
58
41
48
30
24
28
49
19
34
40
50
32
45
34
48
52
36
35
50
34
54
51
51
52
59
53
53
59
53
34
51
48
19
55
51
54
53
37
58
30
56
45
65
36
47
39
32
55
59
39
33
42
45
23
44
49
28
32
23
58
29
28
37
49
33
33
47
49
39
38
34
35
28
51
25
30
58
49
23
36
38
50
40
41
57
52
36
25
32
70
31
34
33
59
21
57
58
49
54
46
32
38
18
35
31
56
36
57
59
35
10
37
57
55
43
46
57
55
44
46
58
60
57
30
72
31
22
48
49
58
48
50
30
57
44
52
37
35
61
48
32
36
31
53
60
38
11
44
54
57
43
34
58
36
31
57
30
58
43
40
45
37
47
38
27
61
47
31
36
52
45
47
36
52
62
36
45
33
31
35
45
32
52
51
28
34
39
51
31
26
29
47
48
46
49
48
47
35
23
44
23
32
28
48
46
39
49
40
41
67
53
26
31
28
60
25
21
30
35
50
31
53
36
48
32
54
43
33
35
41
53
55
33
34
48
49
52
31
63
47
42
53
51
29
50
47
53
42
48
54
45
33
47
60
31
54
55
33
51
31
