36
49
22
46
36
38
43
49
41
53
43
33
59
53
53
36
54
39
43
57
52
22
53
59
41
57
60
33
16
39
36
49
49
30
37
48
51
51
41
61
23
36
45
52
59
57
66
52
34
39
45
25
33
49
43
29
45
27
62
55
66
33
31
29
38
48
58
51
53
53
52
54
42
53
53
43
49
49
50
51
27
37
62
46
24
38
42
32
45
49
39
32
51
48
60
29
50
46
44
45
40
54
68
42
35
45
43
33
30
49
29
37
63
51
33
42
24
50
42
50
43
35
49
58
22
36
39
48
29
19
53
46
23
48
42
21
51
43
30
27
41
48
53
66
53
53
47
43
37
50
6
42
57
50
42
23
46
46
57
39
39
42
44
39
34
53
35
45
22
42
31
52
13
33
42
51
68
16
34
48
47
57
65
26
38
52
20
40
29
24
48
49
47
33
29
34
57
51
45
59
58
44
42
36
28
56
21
52
44
39
30
22
51
41
7
49
49
63
54
31
39
19
36
40
24
37
49
29
34
28
44
35
36
47
33
39
53
39
65
28
42
47
51
46
33
45
49
59
46
24
34
49
49
37
60
33
48
36
66
30
59
68
40
44
51
29
40
39
41
47
37
49
31
48
56
51
51
51
41
59
41
33
25
27
61
32
31
49
55
57
56
33
40
56
44
45
61
35
8
58
55
37
48
34
48
38
53
35
41
41
54
75
48
58
32
47
52
49
39
32
51
32
68
40
31
45
41
57
31
50
46
45
55
59
31
68
30
38
46
50
46
51
37
52
34
33
34
48
45
46
66
58
46
44
35
59
35
36
26
54
56
21
63
41
35
53
65
33
54
35
60
33
27
52
54
33
28
36
62
35
54
53
26
58
52
31
51
51
64
34
36
35
38
53
39
28
50
42
53
50
40
31
34
51
39
39
54
42
61
28
45
38
59
43
40
60
49
31
42
34
35
51
29
13
49
51
60
31
30
52
35
54
30
49
31
32
48
49
56
50
52
41
30
52
41
24
33
40
35
30
34
55
24
53
59
48
36
46
42
52
40
33
31
37
48
47
43
49
48
59
28
53
30
39
51
53
52
45
57
46
50
32
37
34
48
58
52
58
36
52
33
52
50
53
51
49
51
62
32
51
