39
58
25
23
37
37
31
29
51
49
45
48
45
52
54
48
47
53
37
50
33
32
34
46
36
63
51
28
34
15
53
49
37
34
55
14
22
59
42
48
43
25
21
51
45
58
31
52
49
33
42
30
28
53
33
23
72
42
52
37
54
52
38
45
53
43
33
51
49
52
46
56
52
53
49
47
51
42
36
68
47
55
41
48
70
34
47
30
30
43
33
46
39
43
32
48
34
54
49
48
38
52
46
24
57
34
50
34
26
44
57
45
45
33
50
42
36
47
16
44
52
48
30
37
55
50
42
50
48
44
36
42
35
44
30
46
42
44
54
39
44
37
44
48
42
31
33
22
31
36
47
24
55
51
50
28
45
48
64
31
29
35
53
60
36
42
56
54
43
25
35
52
49
55
37
53
29
37
30
33
31
68
35
52
35
33
31
31
50
55
32
61
41
50
45
21
45
45
50
79
49
53
17
40
48
59
34
28
58
48
40
33
39
43
43
34
60
36
48
36
20
38
52
43
32
44
67
40
42
56
23
56
22
27
52
47
28
47
50
13
47
43
61
46
37
37
52
56
48
45
58
35
30
52
53
29
54
67
47
51
35
49
30
17
43
57
25
37
42
47
48
47
67
49
28
40
56
36
53
50
44
19
51
56
42
70
23
48
30
20
29
37
60
31
45
56
46
58
10
51
54
22
47
46
34
21
48
45
51
33
36
53
52
51
37
41
36
45
25
52
61
29
46
58
44
44
33
26
58
30
33
50
44
40
43
62
29
20
49
31
39
60
51
27
36
57
24
31
30
52
44
65
36
46
49
29
33
68
29
49
55
44
54
36
50
64
46
50
19
37
43
49
47
37
47
58
43
49
35
36
53
63
39
49
57
41
57
43
35
65
45
53
66
52
56
56
21
31
40
69
57
55
46
50
50
43
47
49
48
39
38
56
43
34
41
43
62
41
25
55
50
50
49
35
29
58
69
51
58
53
32
50
24
49
40
18
17
50
51
28
48
51
62
35
47
45
21
27
52
58
65
57
35
57
49
59
35
44
39
60
63
59
55
52
50
38
33
45
55
39
32
51
53
57
44
45
56
32
61
63
50
30
52
31
22
48
34
20
38
46
48
46
37
38
41
36
65
28
44
34
