17
33
46
36
46
33
38
32
59
54
34
35
56
30
31
43
35
37
39
42
52
51
33
58
29
64
34
32
60
19
48
48
62
35
27
27
39
32
25
52
49
54
51
45
29
31
37
28
32
46
40
53
64
60
54
27
34
63
54
33
32
60
35
39
32
29
63
39
19
29
43
21
36
59
29
26
33
30
45
34
63
37
25
30
54
56
44
51
46
45
35
40
40
29
50
37
30
33
21
47
29
29
23
54
30
38
34
42
36
58
29
56
43
49
34
60
40
30
53
35
49
46
45
56
30
27
32
47
48
36
53
50
41
28
34
44
25
48
51
36
60
52
34
44
55
57
39
38
27
35
28
37
27
54
43
43
49
59
51
52
21
48
51
74
45
47
50
56
52
57
36
49
47
49
20
31
52
24
38
24
56
54
54
43
34
50
51
60
47
32
42
35
58
42
48
34
63
47
46
48
62
48
25
24
39
28
64
46
27
34
31
42
66
44
46
53
47
34
36
36
51
52
59
40
31
33
39
42
46
33
43
27
48
36
27
34
52
47
34
42
38
52
29
29
36
38
53
37
57
52
41
48
42
14
56
62
58
23
44
50
55
35
18
50
53
45
35
56
47
54
22
42
45
52
34
50
51
40
35
36
43
24
46
31
32
27
38
57
47
41
51
23
39
59
55
50
40
53
34
62
44
34
34
52
32
40
29
47
41
49
31
58
54
38
30
51
40
51
50
29
27
60
40
22
48
35
37
31
38
49
36
40
47
47
62
54
41
27
53
48
40
53
31
35
63
24
41
62
43
54
40
36
36
40
33
35
51
40
28
23
47
40
51
47
30
59
50
53
69
40
48
36
44
31
52
49
44
49
9
52
34
24
53
42
39
50
28
37
31
37
29
28
53
30
56
50
48
47
34
50
55
65
40
43
54
59
43
27
46
39
47
35
49
53
44
49
39
45
39
32
44
30
52
33
48
33
47
60
52
25
34
37
32
43
47
62
28
41
50
31
39
38
32
48
59
32
35
37
47
51
47
52
53
25
48
32
41
65
31
55
38
54
26
30
35
52
32
29
47
32
49
31
45
28
38
27
38
37
26
55
44
49
37
23
59
62
52
31
49
70
25
40
51
51
48
55
18
36
31
61
