34
52
41
27
36
45
52
31
28
40
30
34
59
36
57
36
58
53
48
34
50
40
47
52
30
34
51
48
44
52
48
50
22
44
35
53
37
26
34
32
54
57
52
50
42
55
36
71
43
54
49
17
35
57
34
43
54
43
51
51
30
59
34
57
34
46
30
55
43
58
33
32
29
39
30
51
41
41
57
57
31
29
55
45
49
54
54
60
33
27
56
36
66
34
54
52
46
46
36
31
30
28
57
57
45
28
60
53
47
43
38
17
29
21
51
57
47
58
33
31
44
53
40
34
63
38
60
47
43
35
42
34
31
19
30
40
52
42
32
53
32
39
29
49
40
48
39
52
38
48
52
63
58
19
30
46
24
45
53
35
50
64
52
44
37
68
46
45
33
43
56
17
34
35
18
35
30
32
57
34
51
26
48
33
43
55
43
62
25
47
57
52
40
48
33
51
33
48
59
39
47
52
42
39
18
48
49
34
29
36
55
54
31
38
47
49
50
47
52
40
50
35
29
48
35
53
48
70
29
52
51
9
37
58
51
44
49
28
24
26
57
55
57
49
53
56
28
41
57
44
44
55
41
41
50
38
49
27
31
45
32
47
49
52
29
56
40
34
30
51
26
35
40
34
58
48
61
56
25
37
38
51
44
47
56
54
49
59
31
46
15
62
45
56
37
35
52
52
51
41
27
31
49
27
28
44
27
48
47
50
51
52
27
26
31
45
57
23
58
50
57
29
56
50
33
51
40
30
49
38
45
37
46
25
37
47
27
52
27
47
58
53
53
51
42
58
52
47
30
48
50
32
45
47
39
36
67
61
31
27
50
46
33
38
44
29
49
39
58
46
46
52
49
26
29
39
53
54
49
36
38
46
44
57
61
35
48
57
51
37
41
39
34
31
60
36
21
33
53
40
27
56
47
34
34
32
32
33
50
45
45
65
41
29
36
60
32
31
47
44
44
46
32
52
31
61
24
50
50
48
64
33
52
32
53
32
49
52
42
49
31
56
61
46
39
27
62
49
58
60
47
37
31
48
51
46
59
57
35
20
50
37
59
46
20
30
53
40
32
59
52
51
40
31
30
25
35
52
33
59
49
55
15
41
40
55
35
49
9
36
52
62
14
49
42
35
33
28
46
59
