41
34
54
20
35
40
32
23
29
39
59
57
40
22
43
32
56
58
28
58
46
32
61
28
23
50
35
25
36
21
39
50
50
20
41
46
47
43
49
30
41
22
41
44
53
59
46
44
51
44
30
58
34
26
45
51
59
30
35
69
36
33
38
35
39
43
51
45
34
46
38
64
55
46
41
31
66
34
34
36
52
57
50
30
46
54
27
31
42
20
40
45
49
52
41
35
50
46
57
42
56
59
32
37
44
62
57
33
47
29
17
31
23
34
37
35
41
30
59
29
33
40
39
14
42
50
59
32
32
54
47
38
32
32
41
63
49
58
36
46
52
59
32
29
63
45
36
42
46
36
59
25
32
32
38
23
27
54
48
34
32
20
25
57
27
55
22
53
51
41
54
32
51
23
42
48
39
34
54
73
61
50
39
32
55
63
20
36
48
55
23
31
41
53
51
31
36
27
40
45
47
66
54
26
44
31
60
49
24
55
55
25
34
45
32
30
46
36
23
54
47
41
26
60
57
28
58
51
37
28
58
40
35
34
29
57
27
31
48
44
64
33
46
33
47
39
25
37
44
50
65
41
35
45
32
32
62
32
55
23
40
44
25
56
47
48
36
16
37
26
52
57
44
32
40
46
32
22
36
55
37
34
54
30
36
38
43
19
51
26
39
36
31
62
45
28
50
19
61
57
39
38
47
51
54
57
37
49
54
61
36
66
63
64
34
27
19
48
51
34
31
34
58
29
32
27
36
40
63
52
38
55
41
44
46
23
30
29
29
33
63
40
51
60
52
27
26
60
55
46
33
55
29
52
51
48
58
44
43
40
33
30
52
40
61
37
27
30
53
35
51
39
45
53
34
42
37
58
40
49
58
35
38
52
52
44
28
25
38
54
47
51
43
35
49
47
48
19
34
26
60
51
29
54
54
49
49
43
50
55
35
25
36
41
64
57
48
35
65
43
46
35
30
52
49
53
52
44
57
35
68
44
44
45
45
31
52
41
25
52
33
59
46
47
25
20
51
30
42
41
40
55
44
48
51
55
58
32
40
26
28
53
35
50
50
32
46
51
44
35
35
47
53
51
37
37
71
33
48
26
49
34
41
34
47
36
47
39
10
54
51
52
40
42
46
47
34
52
54
60
