33
41
33
47
44
40
53
49
23
36
52
53
51
48
32
72
41
61
58
29
66
29
37
36
5
53
48
56
56
33
57
35
24
52
24
51
46
27
80
50
38
25
53
35
38
42
71
63
39
47
50
52
31
45
51
56
39
28
34
27
25
25
21
34
24
31
56
34
36
47
62
52
33
37
36
43
50
45
54
20
29
38
41
57
30
35
52
42
38
39
68
51
35
29
53
32
49
34
53
33
52
63
46
43
41
29
47
51
55
51
53
46
35
59
52
22
49
49
38
36
54
55
38
47
48
51
53
38
44
39
25
63
52
44
34
51
39
41
36
33
35
46
21
43
47
48
40
52
41
36
48
52
43
26
51
45
51
42
48
29
39
59
41
50
63
52
22
56
30
48
46
39
32
51
42
53
45
48
28
51
35
30
28
40
36
35
44
27
28
54
34
47
64
57
50
47
61
51
34
44
43
32
22
30
53
37
27
49
49
34
45
33
37
59
37
27
48
59
51
45
26
45
55
42
50
36
44
60
35
50
35
31
48
33
29
35
33
37
52
60
13
49
47
64
53
52
52
48
29
51
34
48
32
30
44
34
39
43
23
49
32
53
35
38
67
37
32
47
66
54
49
45
50
28
38
52
66
65
50
23
52
45
51
39
42
29
72
48
25
38
38
55
30
41
18
46
46
52
54
34
51
39
55
53
47
42
40
27
43
46
35
45
48
51
56
48
31
27
44
65
60
47
50
50
33
34
39
31
63
22
34
32
32
46
54
54
48
55
22
31
41
56
45
47
28
38
68
27
63
62
52
44
50
37
54
42
38
54
21
49
58
55
63
47
44
28
48
50
49
34
34
31
56
57
45
46
45
47
51
29
56
32
56
31
57
47
58
44
30
62
38
29
55
41
62
30
27
37
41
55
61
60
44
54
30
43
31
26
43
42
50
46
17
48
14
37
70
54
45
34
46
31
34
60
63
36
44
44
57
45
27
30
56
43
43
50
63
34
67
38
54
51
45
37
25
29
34
47
51
45
32
46
35
53
46
19
51
65
57
50
47
43
33
34
40
52
27
23
40
37
36
38
64
29
23
48
35
40
23
51
50
47
54
34
35
33
34
26
54
48
29
37
36
68
56
47
33
30
44
47
