22
36
48
35
27
53
41
50
55
54
37
37
23
33
54
28
44
29
27
46
37
39
42
42
30
56
28
38
35
42
14
35
37
39
44
51
61
39
29
62
34
50
33
29
50
40
47
50
34
33
49
26
28
38
58
25
29
49
52
51
45
31
35
40
46
40
44
39
36
49
55
41
51
33
53
34
45
47
35
52
67
29
32
42
67
49
49
32
57
35
31
52
48
49
57
46
48
52
63
45
21
31
62
31
63
42
45
41
50
33
49
56
50
74
68
67
63
32
28
40
81
55
49
47
31
37
38
32
57
55
39
32
29
36
23
49
45
34
53
24
44
54
54
60
38
28
20
34
38
26
35
39
38
31
48
58
45
42
37
52
33
45
56
32
36
40
28
56
26
55
27
45
53
60
65
45
48
49
49
56
52
32
40
28
69
45
47
49
56
18
55
51
68
25
48
48
52
48
38
40
31
26
79
44
33
53
25
51
25
38
35
46
40
29
35
24
37
33
46
33
42
32
25
55
56
50
53
44
38
49
55
50
61
52
37
37
49
48
34
29
18
21
51
36
50
48
41
57
48
47
59
38
51
32
37
53
40
50
42
54
53
48
28
49
47
33
29
46
40
30
52
57
45
70
48
46
43
44
53
55
47
32
35
30
22
52
27
33
44
51
36
33
45
24
63
51
44
21
49
55
32
32
43
49
48
27
52
28
52
54
57
41
53
11
34
55
8
32
58
51
31
53
46
58
34
44
28
52
51
51
49
43
22
52
39
34
31
31
58
57
61
61
47
52
36
41
39
64
31
30
61
67
49
63
60
30
44
45
29
54
49
48
51
53
54
27
55
47
30
61
57
34
39
28
48
49
44
26
34
49
29
44
57
25
54
41
27
47
41
55
50
54
33
42
31
37
25
47
57
28
54
46
35
63
59
41
50
26
55
38
48
17
26
52
48
58
43
56
24
42
54
31
52
36
49
50
46
27
65
58
35
55
23
53
39
53
45
48
35
61
38
52
49
52
57
27
37
26
55
35
66
55
47
65
49
35
36
60
61
38
37
32
60
51
24
50
55
36
23
61
32
50
60
52
51
39
53
46
34
48
48
51
43
55
49
66
58
17
30
59
29
57
31
39
31
30
60
54
38
41
