55
44
25
27
39
47
47
47
32
37
33
49
37
36
52
34
55
14
30
54
55
61
47
39
47
52
32
34
39
28
15
31
29
52
53
33
47
26
50
33
26
50
13
51
32
58
54
52
65
50
48
26
57
44
42
68
31
32
34
25
57
47
50
42
49
51
31
22
34
40
22
35
54
41
30
50
54
42
33
50
48
28
52
52
35
66
54
17
49
28
49
17
45
29
52
33
38
32
32
27
56
47
51
33
56
31
26
63
50
29
52
36
24
28
53
23
30
39
53
40
34
31
53
44
28
49
52
37
33
71
32
35
42
67
46
30
51
17
49
49
31
42
35
49
56
52
52
56
28
49
46
50
36
32
31
28
53
53
65
33
60
47
33
51
30
55
42
52
54
42
60
37
44
26
41
62
48
21
34
25
49
51
54
41
40
34
10
41
37
29
23
42
40
48
56
18
60
42
41
49
36
27
33
57
29
53
44
39
55
37
40
30
18
41
56
34
57
63
37
46
66
68
42
43
50
49
53
44
52
29
25
30
42
47
44
29
33
63
52
39
19
47
40
38
49
48
38
63
29
37
51
26
35
37
49
51
31
19
52
49
43
43
7
46
46
53
50
50
25
40
35
50
52
37
43
37
44
59
32
49
51
38
37
36
54
49
31
53
48
47
54
46
54
26
42
58
43
60
49
48
66
53
36
39
28
53
59
25
56
39
22
37
32
21
52
25
32
53
36
47
48
34
51
42
9
52
17
54
25
30
51
53
40
59
49
54
34
60
12
42
62
25
58
40
56
33
33
56
51
42
47
26
28
58
56
24
36
41
48
38
58
44
54
37
36
26
51
56
38
44
31
43
20
39
37
41
62
25
47
16
25
42
34
53
37
26
25
60
31
49
47
59
45
24
28
59
41
34
30
61
31
22
52
50
31
26
32
41
35
41
59
57
31
31
34
29
29
36
54
37
41
53
31
46
39
57
46
37
47
34
67
34
54
32
59
42
37
42
19
37
37
36
55
35
53
63
48
55
52
28
49
46
20
57
53
27
38
30
32
34
32
56
53
53
56
42
28
58
32
48
33
45
41
59
57
22
30
39
47
48
47
52
48
45
26
40
42
37
51
29
56
38
62
49
49
27
29
22
55
51
