50
59
49
56
40
48
49
41
56
54
54
50
47
43
54
45
50
47
49
49
50
56
44
53
59
58
52
53
55
48
50
56
56
57
55
46
45
52
54
43
48
55
48
48
53
51
54
54
59
42
37
55
43
53
50
54
34
45
52
48
47
57
54
46
51
55
47
48
55
59
55
53
49
53
54
49
50
44
47
46
41
51
37
59
47
53
44
48
49
51
60
46
48
48
49
57
58
49
52
52
48
46
53
45
58
55
46
44
55
49
46
56
58
49
52
48
49
40
47
46
47
59
54
53
51
45
45
46
44
54
38
49
48
45
45
50
58
50
53
51
55
49
56
55
51
51
61
46
48
46
53
49
48
50
57
48
42
57
49
42
40
51
41
55
56
46
56
41
46
54
56
40
50
48
56
46
52
52
48
59
57
52
48
55
38
51
53
46
52
49
54
57
57
47
49
48
51
48
51
44
45
46
52
46
45
43
49
54
47
45
55
48
47
50
45
53
43
45
50
52
54
60
60
57
44
48
47
48
41
54
56
53
52
56
43
45
48
60
47
48
44
47
53
50
56
56
50
45
52
47
67
46
57
34
35
65
40
52
45
44
38
45
57
64
39
63
37
70
51
57
44
35
38
40
63
59
60
49
40
58
44
55
33
58
33
35
55
66
65
34
38
16
45
44
64
46
48
40
51
57
50
59
62
31
51
44
54
53
47
55
35
46
51
47
53
51
42
46
32
43
66
34
30
52
56
36
46
55
53
40
49
66
71
49
30
53
56
55
61
52
61
46
41
38
28
45
58
38
46
57
57
22
73
42
60
49
61
52
46
30
52
55
44
55
45
53
41
53
51
44
46
49
40
62
40
44
49
66
37
57
56
56
67
40
47
66
54
44
54
54
32
58
53
60
54
42
58
61
53
36
41
33
53
58
62
63
58
58
54
51
34
49
44
46
56
50
44
32
45
57
36
55
58
56
55
60
44
60
58
22
34
32
52
52
54
64
35
21
53
51
51
48
49
54
52
52
42
52
67
56
32
36
78
28
45
66
41
64
56
41
47
62
58
37
43
51
52
53
48
47
58
25
69
54
44
46
55
62
62
74
54
68
53
65
25
46
41
48
56
52
54
59
27
44
52
62
49
47
47
60
