51
21
36
42
31
51
34
48
34
58
29
53
42
44
51
30
33
51
60
54
66
50
55
47
24
39
48
27
57
49
49
35
31
53
44
47
29
47
49
44
43
53
39
40
33
53
29
58
40
59
38
32
51
62
44
32
55
43
31
45
55
30
30
64
31
54
44
52
18
30
38
31
30
26
33
46
34
42
33
48
59
46
50
49
48
47
53
55
52
62
29
50
55
49
50
37
69
45
47
35
49
32
47
60
56
55
50
21
54
28
56
49
50
27
48
54
54
30
34
35
38
50
54
50
40
46
33
29
32
69
29
41
29
41
51
42
56
35
57
37
53
56
55
49
38
53
43
21
26
61
52
52
29
28
38
36
40
29
61
59
50
63
46
29
33
26
52
30
33
46
56
45
44
53
35
53
26
34
47
10
59
47
28
45
27
32
51
48
38
20
38
54
53
44
68
31
46
24
35
50
54
54
58
55
48
42
32
41
58
54
49
44
50
59
27
52
48
32
66
38
40
39
33
21
58
25
48
49
52
43
19
40
42
33
29
56
54
64
63
42
24
25
55
56
29
22
60
52
65
38
49
56
55
44
46
29
32
32
64
23
30
61
42
68
46
34
47
49
28
54
54
70
44
56
30
30
56
48
32
47
39
34
41
55
54
44
49
35
48
29
45
59
36
50
32
39
30
41
65
48
52
53
32
54
50
23
49
50
27
45
22
54
54
59
24
46
25
30
57
56
57
56
29
62
37
34
25
54
28
31
25
50
53
22
48
54
58
42
49
29
59
42
54
41
46
25
56
27
21
45
43
41
69
56
53
27
57
40
28
15
47
37
44
47
32
34
56
32
47
52
37
32
50
52
44
53
48
36
45
47
42
22
49
52
45
36
44
43
39
35
52
52
36
47
47
42
53
66
55
53
45
22
26
38
36
47
36
59
34
43
55
45
22
34
55
41
24
53
55
28
33
25
35
39
57
35
25
30
41
32
53
36
38
51
49
39
38
35
14
52
56
46
32
41
54
51
36
48
43
26
47
41
44
54
45
79
44
50
48
40
34
58
18
48
13
51
35
55
61
49
45
37
21
50
25
48
57
75
29
38
48
45
56
60
27
42
27
66
49
51
35
44
60
37
38
26
49
57
32
48
