55
44
52
31
38
64
49
38
53
41
50
24
36
33
46
32
27
50
46
58
53
55
29
45
40
33
23
56
59
63
49
29
47
60
38
51
33
52
19
52
40
59
59
48
51
50
33
29
39
47
58
44
21
53
37
33
35
57
47
46
29
27
45
46
31
38
35
30
52
44
42
62
48
32
57
57
59
37
59
63
57
46
44
53
23
38
52
50
50
51
54
63
47
53
50
50
22
46
47
32
43
50
51
51
28
52
45
41
45
43
46
36
31
49
27
54
44
45
49
38
32
40
19
41
42
60
21
69
33
54
31
48
55
33
31
31
28
35
39
53
46
34
59
28
47
45
37
22
59
57
36
58
30
36
17
49
55
50
59
36
55
55
36
48
38
35
62
58
31
29
34
28
49
31
49
42
65
29
48
19
49
55
30
69
57
36
45
42
30
50
52
27
50
15
33
24
39
47
39
45
53
53
34
39
42
41
53
56
32
37
34
52
33
27
76
43
50
33
49
32
60
38
28
51
31
53
35
46
34
46
32
47
50
51
50
36
36
33
42
39
58
54
32
16
40
23
60
38
48
37
36
54
47
52
60
23
54
61
48
59
46
26
32
37
49
25
46
47
29
26
49
27
34
43
33
53
33
28
53
22
19
51
36
55
58
39
54
48
32
28
45
29
26
42
55
47
54
31
35
40
31
57
54
66
50
30
56
27
45
35
29
66
40
43
57
50
53
28
52
52
55
37
21
53
42
60
35
48
31
61
50
32
59
50
32
46
30
31
32
28
29
29
36
48
27
28
56
42
37
47
41
45
44
55
43
47
33
47
49
21
50
59
57
36
41
50
48
47
42
55
35
52
46
48
54
47
50
45
50
50
44
53
46
50
35
48
40
18
44
24
61
54
34
67
37
28
37
45
37
23
42
23
29
57
30
52
46
15
36
29
36
28
27
34
49
47
35
57
29
32
42
31
48
32
40
46
57
25
52
67
35
30
50
33
57
48
51
31
23
65
30
53
53
48
45
25
48
34
32
63
49
24
51
40
35
62
49
45
53
26
46
36
52
62
29
15
50
47
51
49
37
55
53
43
41
26
31
47
57
35
29
52
50
55
36
47
50
39
56
25
48
29
53
51
33
21
27
29
32
50
