32
12
40
70
43
50
51
54
63
44
49
25
31
24
48
30
31
54
27
39
33
39
44
35
54
35
38
64
60
33
26
39
28
51
33
56
48
37
38
25
33
28
51
40
59
35
39
43
31
29
30
48
56
67
45
35
37
50
35
34
46
23
54
40
62
50
27
40
47
54
55
28
36
61
71
47
44
50
25
33
52
53
34
65
32
51
27
59
49
47
35
44
30
51
36
33
48
43
48
53
34
36
31
45
18
47
42
56
38
38
37
27
28
38
50
47
54
30
34
39
54
58
59
24
48
37
32
33
37
29
52
52
47
42
31
43
49
30
51
52
61
52
55
35
36
60
38
32
27
48
34
44
55
31
38
45
47
30
46
39
34
50
51
62
59
24
56
46
56
57
29
58
39
21
50
37
47
45
48
44
45
50
60
44
34
27
26
30
35
51
20
50
61
46
32
52
32
32
30
58
35
47
49
25
52
42
50
41
40
35
60
53
45
63
47
59
37
19
48
43
38
45
46
41
52
32
43
30
72
50
48
33
47
50
29
16
51
24
66
34
57
52
50
55
35
50
37
49
38
48
30
26
39
46
45
42
17
47
35
24
48
56
34
44
60
31
53
54
51
70
43
27
41
41
27
55
23
35
29
31
53
59
51
58
37
28
63
68
55
33
22
23
40
25
54
49
32
78
55
36
51
37
35
26
26
49
28
62
52
61
25
21
36
36
16
30
50
28
57
56
48
57
52
42
63
49
20
39
31
38
54
40
35
48
49
63
43
55
37
30
31
44
30
34
60
42
43
44
54
31
50
39
28
66
55
27
59
32
32
44
32
43
29
18
42
57
37
45
40
59
68
34
38
43
33
52
36
55
32
33
47
47
65
33
43
56
54
24
29
40
21
56
57
44
55
42
30
50
56
38
32
20
51
38
53
22
56
39
47
59
30
51
41
57
51
38
56
52
54
22
58
54
38
48
20
59
51
51
42
58
24
23
27
41
57
45
36
57
47
27
24
45
38
57
31
58
24
52
42
38
55
51
47
39
34
53
55
38
55
29
52
31
52
49
27
53
45
48
47
32
36
41
54
48
45
25
51
43
52
35
52
47
30
37
27
44
32
34
29
28
59
41
51
23
29
48
36
60
46
68
