70
31
39
43
22
57
42
29
71
58
50
45
38
56
34
50
47
68
32
63
47
50
50
39
49
34
26
50
29
42
44
35
58
52
59
46
33
50
35
61
51
75
43
33
52
36
31
47
51
47
53
49
54
46
44
33
41
39
36
27
41
32
54
36
28
44
26
58
40
28
59
25
48
36
55
34
37
35
34
54
45
37
35
38
30
53
55
38
37
51
63
36
32
65
31
35
35
48
33
25
44
47
28
41
31
52
33
56
35
49
45
45
24
46
55
46
53
32
39
44
42
39
33
29
52
42
40
49
49
28
45
29
46
44
43
62
43
58
44
46
39
54
54
53
29
23
33
55
32
41
63
40
29
65
41
39
47
66
18
56
39
57
49
23
59
38
53
22
43
39
43
47
25
35
28
29
38
47
45
22
51
46
42
42
30
48
22
34
31
28
37
35
28
50
36
45
44
40
28
31
51
26
62
48
45
49
57
50
55
55
32
17
34
51
25
36
36
50
35
63
36
29
58
50
57
37
39
33
45
52
38
37
48
51
51
53
39
56
51
45
45
42
53
46
53
49
45
40
17
46
61
27
47
51
60
56
35
39
47
36
54
49
53
30
43
52
44
55
37
31
38
38
65
33
27
27
27
59
30
54
69
38
56
19
48
51
25
40
34
24
32
34
11
49
31
51
25
59
28
41
64
37
49
35
33
29
59
42
32
52
33
55
52
55
56
39
33
62
47
41
26
28
49
58
47
53
31
54
42
30
52
27
32
50
44
43
36
47
29
44
45
27
52
49
30
37
31
32
37
27
39
32
52
52
37
46
47
52
56
52
19
32
68
38
43
36
36
38
52
27
40
60
45
51
54
58
39
38
49
30
30
35
54
29
36
24
32
63
64
41
41
39
47
51
38
62
46
52
53
40
32
45
35
31
57
30
58
46
44
50
27
51
31
49
62
48
25
35
47
33
34
52
57
48
60
43
49
60
32
56
63
34
63
48
40
41
22
54
57
20
53
31
52
47
35
60
30
32
43
43
36
25
45
20
48
34
51
47
9
50
49
44
40
38
56
31
42
36
56
30
39
24
46
55
48
57
28
47
72
27
57
42
32
35
31
53
37
33
55
49
53
33
40
49
28
31
29
49
57
49
