48
29
46
17
28
28
40
20
26
41
25
44
38
21
41
33
30
32
31
29
33
26
32
40
19
19
45
36
38
29
43
32
45
18
27
41
17
27
34
30
20
33
44
32
30
34
32
38
11
28
49
30
51
23
33
44
24
41
24
14
34
25
45
14
29
37
15
40
35
35
39
29
42
17
27
40
35
34
33
56
14
51
30
34
39
46
23
42
7
32
39
48
31
39
49
47
31
32
27
32
35
26
17
28
20
28
17
25
36
44
33
41
31
25
50
37
21
22
32
26
49
22
42
33
16
38
43
23
27
51
36
23
27
36
24
32
49
21
41
17
43
22
15
28
22
29
22
35
47
26
41
27
24
45
38
30
21
32
47
36
26
9
36
42
18
33
44
29
29
41
41
22
34
41
24
48
15
18
35
41
21
39
20
40
41
28
38
23
26
38
44
51
36
47
31
37
33
55
45
51
26
21
22
36
20
18
24
32
47
32
24
33
31
51
18
45
49
35
38
35
36
28
20
35
39
31
40
19
37
38
32
35
37
53
39
45
34
24
5
31
22
28
40
46
19
43
50
40
28
38
37
36
38
30
37
28
28
29
34
41
30
36
36
35
30
42
35
30
27
41
38
27
30
27
31
27
30
26
35
39
32
34
28
27
29
28
34
38
34
31
26
34
39
27
34
31
30
38
27
37
34
36
34
26
26
35
22
23
37
34
31
38
31
28
32
37
28
23
26
36
37
33
35
36
44
32
29
41
35
41
33
22
34
31
26
29
31
36
32
41
39
34
35
36
39
37
30
41
30
36
35
33
31
32
42
31
33
34
31
30
35
35
22
29
29
32
38
31
39
30
36
39
26
34
32
30
30
37
32
38
30
29
34
30
30
39
40
33
40
30
34
16
27
38
33
32
36
33
35
36
36
37
41
32
40
32
37
29
34
26
40
31
33
30
30
28
28
30
37
34
38
30
25
36
31
34
34
32
30
25
35
36
31
32
32
28
22
32
25
36
31
30
29
35
25
31
29
35
40
36
34
36
37
34
33
31
32
25
38
35
26
29
38
30
41
28
34
37
25
35
30
35
36
37
45
26
29
27
50
35
31
33
30
24
27
33
42
37
33
32
32
34
41
30
33
27
36
38
30
22
