29
63
35
26
40
35
48
59
32
16
54
47
12
30
28
47
23
37
57
39
41
47
48
54
50
27
47
34
10
52
39
33
45
39
50
56
45
34
40
34
37
48
46
51
30
22
59
51
56
53
36
49
43
40
17
40
35
45
31
49
16
39
30
44
56
57
26
53
35
41
57
51
29
37
37
53
55
27
51
70
43
23
31
48
63
40
37
50
57
29
57
51
36
40
56
47
49
31
65
31
57
35
44
57
54
63
66
34
17
36
55
55
13
61
37
33
28
46
47
57
45
32
35
43
27
54
23
50
31
36
59
17
50
46
33
51
50
23
40
58
63
29
39
27
63
31
45
58
20
37
58
44
17
56
27
27
60
48
27
41
53
65
34
70
28
22
48
45
26
50
57
47
34
53
14
44
50
44
54
48
44
43
38
47
6
34
32
34
52
30
34
55
30
49
49
53
50
51
31
57
44
44
47
59
41
33
32
42
45
41
56
38
40
28
47
47
53
51
24
28
35
35
46
33
48
28
51
57
68
26
49
31
49
28
33
35
51
47
23
63
35
38
46
40
54
30
39
25
49
17
57
47
54
45
47
43
33
54
31
17
54
58
43
52
46
31
55
52
39
46
53
38
45
29
54
32
43
45
61
38
57
45
49
48
30
40
31
51
26
41
25
22
54
50
32
48
41
48
27
57
40
41
45
49
25
40
25
42
52
66
56
54
46
46
43
32
21
54
43
54
53
50
58
48
53
50
45
27
37
46
31
18
50
47
57
38
67
38
29
29
65
50
54
28
31
54
44
29
31
32
59
44
52
34
44
25
47
40
44
34
52
30
47
58
59
43
51
43
42
45
41
34
49
54
52
36
58
47
53
29
29
38
55
47
38
35
51
52
37
52
30
44
62
45
54
47
43
49
32
47
52
41
34
49
53
34
57
66
27
53
58
27
39
36
38
34
50
44
50
70
42
34
15
41
33
31
32
46
36
35
57
58
35
22
23
41
35
54
62
48
50
28
52
49
57
38
48
46
44
29
29
47
52
55
53
35
35
50
29
53
41
14
40
56
38
29
33
33
50
20
36
65
30
43
60
42
54
51
24
52
40
31
58
54
40
46
37
61
47
52
24
45
40
28
30
27
46
36
29
64
