42
40
28
43
47
60
25
37
34
49
53
32
48
39
28
34
50
42
53
52
49
38
57
55
29
41
26
47
40
63
69
27
23
47
30
41
65
40
52
37
33
29
51
39
30
39
52
61
20
40
54
43
61
44
55
41
31
35
50
40
57
36
40
41
44
31
56
29
51
37
55
37
12
47
24
34
50
67
31
55
47
37
48
53
31
32
46
33
10
62
39
53
41
21
17
32
37
47
42
59
30
44
58
16
31
39
37
33
49
51
33
55
33
31
52
51
29
31
35
55
50
53
61
41
50
58
38
33
34
36
65
34
29
36
29
18
20
48
55
46
57
32
40
47
47
42
49
40
41
40
34
31
53
26
23
53
49
33
40
53
32
44
30
28
40
51
52
49
31
53
42
31
51
35
36
44
46
39
49
35
37
33
55
31
48
48
22
36
56
20
58
50
46
52
21
38
51
41
43
36
21
36
27
34
25
30
41
27
54
49
46
32
53
51
44
39
43
36
29
32
63
48
37
37
38
20
32
50
38
32
46
30
28
62
59
58
54
42
57
32
33
49
34
21
41
40
30
49
27
36
50
25
23
27
59
56
67
28
50
14
31
36
35
20
55
57
48
38
44
56
58
44
47
50
5
67
41
48
32
56
19
39
47
54
29
52
29
36
30
36
43
29
40
35
45
42
63
43
48
46
38
47
51
57
49
29
41
28
52
8
42
41
33
41
24
46
56
37
49
49
48
43
45
42
62
31
57
53
28
53
32
38
46
57
47
62
54
51
48
48
16
39
57
31
53
61
42
55
51
51
29
53
65
36
33
58
29
34
37
31
33
53
30
37
58
41
38
47
32
45
30
39
27
59
54
29
36
51
28
29
48
48
53
50
55
53
34
34
38
54
47
42
52
54
52
38
55
55
36
63
28
45
40
35
50
56
56
26
55
55
47
38
21
60
53
49
31
19
32
43
48
42
64
52
55
32
30
33
57
30
43
27
23
43
42
38
45
49
37
53
47
48
38
51
52
42
44
18
41
38
46
44
37
27
51
31
49
64
47
27
40
59
32
57
37
44
41
46
39
45
49
17
38
57
38
53
40
36
37
32
48
57
50
37
65
13
33
36
24
44
39
48
40
39
54
53
25
57
47
56
