32
30
40
33
37
39
28
40
35
35
32
27
38
21
36
32
32
32
36
31
31
37
31
37
35
30
34
25
35
35
27
33
28
28
24
34
28
40
28
28
32
23
33
35
33
36
30
35
44
30
35
37
30
32
34
34
30
39
33
24
34
23
37
28
36
34
40
28
22
29
23
34
33
30
38
37
25
29
38
28
38
39
32
31
29
35
27
24
33
29
35
40
23
22
32
30
35
33
29
37
35
38
37
34
30
31
33
27
36
37
30
37
30
31
36
33
36
26
41
24
41
37
40
34
35
40
36
29
26
36
36
33
38
33
31
31
26
34
34
40
34
30
29
32
24
29
29
30
23
36
34
33
40
32
32
32
31
24
33
32
31
28
24
40
41
26
35
32
29
21
37
36
32
29
29
37
35
28
29
37
42
33
29
32
29
39
38
29
33
35
33
41
41
35
29
36
36
38
31
31
25
35
31
32
36
34
33
37
30
33
34
24
33
33
41
26
31
31
38
33
31
37
35
24
26
33
36
40
38
31
32
22
34
34
42
23
31
37
34
31
40
29
32
42
38
33
39
29
26
33
36
32
38
41
31
30
38
37
42
35
46
37
32
35
35
29
37
31
26
35
35
38
39
30
30
37
36
43
36
26
36
40
35
38
22
39
32
33
33
35
27
35
38
33
29
34
25
36
43
27
32
39
31
28
23
28
34
28
30
36
43
29
30
31
37
32
30
31
33
36
45
34
35
34
39
36
30
31
41
37
35
39
35
24
36
44
40
34
33
28
27
30
32
27
30
46
35
39
28
30
34
37
34
34
36
34
32
27
31
37
38
38
33
31
35
40
29
38
36
27
23
29
25
34
46
45
33
35
35
31
38
36
33
23
43
31
37
30
30
25
31
37
41
37
32
31
31
23
33
36
36
27
30
36
33
30
29
31
40
38
28
43
33
29
39
36
31
28
31
37
29
31
29
38
30
41
44
31
34
37
37
21
36
35
33
26
30
28
31
28
32
40
31
40
36
26
35
25
31
32
30
27
35
28
28
35
37
37
28
46
35
29
30
30
30
42
40
40
39
33
37
24
38
31
26
37
34
35
36
37
31
38
27
29
32
32
28
26
23
33
34
25
38
22
41
33
24
24
37
36
