25
22
35
57
50
51
36
51
47
31
38
25
52
46
45
43
39
25
27
56
32
31
29
56
31
40
31
50
47
44
45
60
19
30
28
48
64
35
52
29
53
30
40
54
44
48
37
48
63
35
53
52
52
26
50
16
52
37
56
33
53
56
43
40
29
59
37
31
28
51
32
50
37
34
28
41
48
60
65
46
53
49
31
47
60
50
45
56
36
43
42
39
53
24
41
28
28
32
44
54
44
31
56
50
43
48
55
32
29
39
29
24
36
61
49
46
50
49
44
30
71
37
45
51
52
41
48
48
45
28
49
27
35
37
47
41
35
49
46
57
51
51
48
60
54
46
43
48
48
45
54
20
30
41
35
36
47
32
27
52
40
37
36
57
52
17
46
47
49
33
34
23
39
45
32
49
40
52
54
53
29
36
33
36
58
36
39
44
29
61
48
47
56
59
43
34
35
37
51
38
49
34
54
29
42
51
31
61
32
29
49
47
50
55
20
33
35
30
41
56
60
33
51
55
46
52
41
35
33
33
43
57
40
50
58
53
55
49
54
48
29
37
46
50
62
40
33
48
45
56
58
36
52
41
39
33
43
60
32
27
40
15
54
30
45
35
25
62
29
45
22
55
28
38
52
36
33
42
32
35
58
17
55
52
22
50
52
50
54
46
32
51
48
33
30
33
53
35
48
33
36
60
55
34
47
48
45
51
44
44
30
50
29
48
36
30
56
51
42
29
51
41
35
50
42
52
58
46
43
39
58
47
33
52
37
49
33
57
40
50
28
30
30
27
46
25
45
37
47
51
45
35
23
42
63
58
48
50
29
51
47
48
50
64
51
35
28
33
32
31
45
45
52
47
26
54
43
32
43
38
47
33
53
29
30
50
46
29
44
32
57
34
24
36
36
28
20
18
41
35
45
37
16
27
38
39
34
28
52
45
26
31
40
35
56
43
43
29
52
48
30
50
28
28
40
48
34
60
52
31
32
43
27
51
53
22
28
19
47
50
24
40
52
34
61
37
44
50
53
58
37
39
30
52
61
32
46
53
44
21
37
33
28
58
47
45
32
55
43
21
34
52
41
50
32
27
49
38
55
25
14
50
59
53
41
39
54
43
42
46
29
59
55
47
49
38
63
46
42
43
