41
55
54
21
50
30
55
52
30
40
24
38
22
35
36
40
42
51
27
59
52
38
28
34
56
68
45
45
44
35
51
48
52
33
45
51
33
43
48
30
49
47
29
27
32
34
50
50
55
30
47
58
55
51
45
33
31
50
56
55
39
35
47
60
18
54
21
52
38
36
47
23
52
56
37
51
65
40
31
47
51
27
32
63
34
47
61
32
45
36
49
51
44
37
42
52
23
57
53
52
47
33
57
51
29
46
44
25
32
38
40
25
55
46
44
66
38
42
49
58
32
54
54
33
40
64
46
58
50
60
45
54
59
49
26
45
49
16
44
33
33
51
50
42
33
36
47
48
18
54
40
57
43
47
57
49
51
49
36
41
41
48
33
33
51
48
50
57
23
48
33
26
44
56
46
21
49
37
52
54
50
42
52
44
47
53
50
70
49
36
28
52
48
39
51
49
35
45
29
52
27
49
45
47
30
29
53
35
32
57
59
63
47
44
32
40
45
63
27
41
39
48
28
47
53
44
51
50
47
49
59
28
31
37
44
55
35
26
43
58
31
46
33
46
45
47
68
25
68
50
33
64
67
44
37
25
42
50
51
41
53
46
27
42
40
46
42
52
57
53
59
49
54
31
55
53
43
31
55
64
42
31
59
28
49
42
47
20
30
48
27
33
37
30
53
44
15
35
50
73
40
39
47
47
59
28
43
52
34
52
51
49
36
31
45
62
52
41
28
49
52
33
23
41
32
47
55
41
33
31
38
14
39
38
55
40
27
37
33
35
41
49
55
33
33
27
42
49
48
37
29
31
49
47
47
36
50
45
41
28
61
28
48
47
61
48
47
26
22
41
32
53
53
44
46
22
56
59
22
45
48
30
30
59
41
29
56
41
52
26
32
46
37
49
45
39
30
57
45
57
49
44
34
32
33
37
56
51
45
47
47
30
59
59
51
55
48
53
41
42
48
56
57
30
38
44
42
46
26
32
54
22
41
50
49
59
47
39
49
37
57
53
34
49
50
33
35
66
40
51
42
40
27
51
34
41
54
52
36
27
50
38
38
44
38
40
45
28
37
46
59
58
53
29
48
32
51
57
37
47
39
31
47
26
49
35
58
38
48
32
26
36
48
49
54
66
67
52
47
40
