49
33
36
17
49
42
41
43
42
28
40
50
30
49
39
33
54
56
43
57
23
57
26
44
30
18
44
36
39
35
41
30
52
19
44
40
34
31
51
29
46
33
66
47
58
37
33
45
58
45
31
22
34
30
51
53
33
9
50
25
28
42
29
54
29
38
57
31
49
62
24
39
51
61
29
42
49
52
16
29
14
34
49
49
37
34
36
39
57
30
34
48
47
47
47
49
21
25
40
52
61
45
34
33
32
52
39
40
34
58
27
64
24
44
24
44
44
30
47
22
48
26
31
43
44
63
49
51
35
33
26
20
55
50
48
50
49
40
29
39
52
55
38
44
51
47
42
39
38
18
35
39
50
57
52
23
31
42
35
36
47
56
28
51
42
58
50
47
48
35
32
37
52
51
49
43
54
57
60
31
28
25
49
51
31
48
39
39
42
48
26
49
42
32
23
58
28
27
59
44
60
43
43
54
62
40
30
47
36
24
45
43
35
52
42
48
45
38
55
46
78
31
27
32
51
45
74
24
52
41
39
61
38
55
57
53
20
32
50
24
44
32
39
34
43
29
54
50
30
37
54
48
46
26
53
63
53
33
43
37
54
37
47
27
34
23
47
50
71
59
71
34
55
46
58
55
42
31
59
58
48
38
22
34
45
56
19
17
33
51
50
41
43
22
35
40
50
34
37
39
61
36
37
37
40
33
48
42
56
49
60
66
52
36
41
47
56
55
48
39
34
28
34
32
34
52
45
37
26
43
52
24
56
26
31
58
35
47
54
16
49
59
66
17
34
52
46
32
31
64
26
27
56
30
74
33
59
37
36
51
62
24
47
57
41
54
44
48
31
33
14
24
33
38
52
30
31
40
42
23
54
59
50
49
32
62
58
33
37
54
49
46
49
42
56
62
23
46
49
28
36
41
36
42
11
33
26
33
48
41
37
51
29
38
51
53
52
46
26
47
38
58
36
43
42
34
42
29
31
44
37
32
63
43
38
52
31
36
45
57
49
53
53
39
46
40
49
34
29
28
47
36
34
38
59
39
49
56
59
25
40
62
44
46
49
52
53
44
50
30
68
39
20
36
39
29
36
32
36
36
58
39
49
53
42
34
44
46
69
37
44
49
31
45
29
17
20
49
47
46
