55
44
52
23
38
64
49
19
53
34
50
39
37
23
46
37
15
50
46
17
58
53
17
55
31
38
41
45
56
59
63
24
49
47
36
60
33
51
32
52
27
52
59
59
48
51
29
40
33
50
47
58
23
44
29
38
33
53
57
47
19
40
46
45
33
29
39
21
46
52
44
42
62
37
48
57
57
59
37
59
63
57
46
44
33
53
38
52
50
50
51
54
63
47
53
50
35
50
46
29
47
43
50
51
27
51
31
38
52
45
43
35
30
46
32
49
54
44
45
23
22
32
28
49
45
41
41
42
36
60
31
27
69
38
32
54
40
19
48
55
31
21
39
33
53
46
31
33
59
47
31
45
28
35
34
59
57
58
49
28
55
50
37
59
22
36
55
55
30
36
17
36
48
36
62
58
49
38
49
35
42
31
29
65
48
34
49
55
28
69
57
31
45
29
19
30
36
42
50
52
30
50
27
47
15
39
45
53
33
53
24
39
39
34
41
53
56
42
37
32
52
34
33
76
27
43
33
50
32
49
38
60
51
53
46
28
31
35
34
32
36
46
47
36
33
42
50
51
50
58
39
16
54
32
60
38
48
37
47
52
40
23
36
54
60
46
26
23
32
37
54
25
46
61
29
48
26
27
59
34
33
49
33
28
47
49
43
53
22
19
53
36
55
51
58
39
54
32
28
29
26
48
45
42
55
31
47
35
40
54
31
57
30
27
54
66
50
45
56
29
40
43
28
35
66
57
55
50
37
53
52
52
53
42
21
60
35
31
32
30
31
32
28
48
29
29
61
36
27
50
32
28
59
50
42
46
37
48
56
43
47
33
41
21
45
44
55
47
47
49
59
50
36
35
57
41
50
48
47
42
55
52
48
54
46
47
35
40
50
18
45
50
24
50
44
34
28
53
37
37
46
23
23
50
29
48
44
30
15
36
29
36
28
27
61
54
34
67
35
29
37
32
45
31
32
42
57
40
52
46
25
35
49
30
47
57
42
33
31
48
23
46
57
52
67
50
57
30
48
34
51
24
65
40
35
53
49
53
48
26
45
25
48
32
29
15
63
49
51
49
37
62
45
53
41
26
31
46
36
35
29
52
62
50
36
47
47
51
55
25
48
29
53
43
33
21
27
29
32
47
