46
41
48
20
36
22
33
56
48
57
34
22
32
45
53
32
64
35
41
49
40
44
34
26
50
42
58
54
30
48
36
62
35
36
50
70
56
30
55
51
46
46
57
29
46
29
49
43
35
52
48
54
24
53
46
51
63
38
32
40
52
34
48
35
40
57
30
24
50
41
48
52
53
62
59
49
50
48
34
31
51
47
36
50
33
58
37
29
38
59
54
44
39
53
51
36
27
35
47
55
60
48
64
33
53
33
48
42
53
53
55
41
44
32
52
53
50
38
37
26
45
60
24
51
61
46
32
44
63
53
31
40
32
57
62
34
27
35
43
36
41
51
58
40
47
55
55
53
51
27
48
48
52
58
52
48
30
40
52
52
32
41
17
34
55
58
44
44
39
44
50
53
29
33
23
51
40
43
50
28
55
31
63
59
32
35
43
50
39
54
32
38
64
51
33
40
48
59
42
51
44
48
49
45
40
32
56
45
47
46
45
24
52
53
38
54
26
29
31
39
37
50
44
41
33
54
67
33
46
22
26
42
44
54
30
54
37
34
38
34
56
64
56
47
51
43
41
55
37
33
22
46
54
47
56
21
52
47
32
24
62
35
58
46
40
41
48
28
77
37
22
53
30
46
53
51
51
40
50
57
33
36
40
21
41
55
51
37
50
33
33
56
36
26
38
66
49
15
34
33
51
55
28
46
52
33
47
47
46
45
47
47
44
27
37
32
34
56
17
21
57
61
49
47
32
36
46
45
75
45
44
38
25
60
35
54
42
45
49
55
30
39
46
31
27
51
25
41
39
54
55
50
44
52
37
35
44
57
51
48
49
46
21
51
35
57
50
28
25
50
50
52
51
55
60
52
48
47
52
30
37
31
58
52
57
49
53
34
49
45
57
69
21
49
37
50
56
57
33
36
29
30
51
32
35
57
32
50
39
59
57
32
45
35
37
34
47
48
52
45
79
42
48
52
29
44
68
52
46
30
42
31
47
25
32
30
17
48
58
44
59
34
31
52
52
26
49
47
29
47
29
46
51
35
51
43
34
28
48
25
39
58
52
34
25
33
24
49
53
53
24
48
37
50
33
54
27
38
37
50
45
42
49
27
45
51
49
24
51
32
45
60
22
23
31
45
50
72
50
34
