39
41
38
47
32
21
53
49
28
33
52
53
51
48
33
72
44
61
58
40
66
23
37
36
32
53
48
56
56
41
57
29
29
52
36
51
46
5
80
50
38
25
53
33
35
42
71
63
39
47
50
52
24
45
51
56
24
27
35
38
25
25
31
39
28
34
56
27
21
47
62
52
34
24
36
43
50
31
54
34
36
33
37
45
20
57
35
29
38
41
52
30
42
38
68
39
53
49
34
51
53
52
63
46
35
29
43
47
51
55
51
53
46
35
59
32
33
52
49
41
38
54
55
38
47
48
51
29
53
22
49
44
63
52
36
44
38
39
25
34
39
41
36
51
43
47
48
40
52
33
41
48
35
46
52
21
51
51
42
36
48
39
59
41
50
63
43
52
26
56
48
46
45
39
29
51
53
45
22
48
30
32
42
28
35
30
51
28
40
44
54
34
47
64
57
50
47
61
51
36
34
35
27
28
43
53
44
37
49
49
34
32
22
45
30
27
59
48
59
51
33
45
45
55
42
37
50
44
37
60
27
26
35
36
35
50
31
33
48
35
29
52
60
49
47
64
33
53
37
13
29
52
51
34
52
32
30
34
39
48
43
48
23
44
49
53
32
38
67
37
47
35
66
32
45
54
49
50
52
28
66
65
50
38
52
23
45
51
39
29
25
42
38
38
30
72
41
48
55
18
46
46
52
54
51
55
53
34
47
42
40
39
43
46
35
48
27
45
51
56
48
31
44
65
27
47
33
34
60
39
31
22
34
50
50
63
46
54
32
32
54
48
55
22
31
47
28
38
41
56
45
27
68
44
63
37
62
52
42
50
54
38
54
21
49
47
58
28
55
50
34
34
63
44
31
48
45
49
56
45
57
29
46
32
47
51
56
56
31
57
30
47
58
38
44
41
30
27
62
29
37
55
62
41
30
55
31
26
61
60
44
46
17
54
14
37
43
43
42
34
46
31
34
50
48
36
70
54
45
60
27
30
63
43
43
44
44
57
45
38
54
56
50
37
25
29
34
63
34
67
32
46
35
51
45
19
47
51
45
53
46
51
33
34
65
57
27
23
50
37
36
38
47
29
23
43
35
40
23
52
40
64
48
34
35
33
34
26
40
51
29
37
50
47
54
54
33
48
36
68
