21
46
57
48
37
47
44
27
42
54
36
50
46
62
64
32
33
68
47
38
30
46
51
31
44
48
52
45
55
34
38
48
38
51
54
27
52
39
64
69
18
48
55
65
35
34
57
53
30
20
47
28
76
60
47
41
34
21
53
50
28
48
41
47
60
51
56
28
57
46
41
56
50
21
36
28
50
31
34
18
53
50
43
49
62
37
44
53
53
50
33
31
52
34
52
52
52
48
53
35
48
46
62
50
50
36
54
52
58
52
42
49
49
25
56
48
48
57
56
33
35
46
34
36
38
51
33
62
41
49
33
28
36
46
24
37
48
42
23
55
50
52
27
29
41
60
49
54
33
39
44
26
55
45
27
45
49
44
50
44
47
16
54
31
25
31
50
27
55
54
47
48
49
45
50
29
49
54
65
50
36
34
45
26
48
59
43
37
55
52
52
50
42
30
50
23
46
57
51
58
46
36
55
34
48
57
43
34
49
46
48
26
49
52
38
39
37
55
42
19
42
43
46
33
28
37
24
44
47
37
60
40
54
31
59
46
55
37
36
65
51
54
47
54
24
40
42
47
49
50
19
35
59
35
55
60
50
26
57
32
58
40
51
54
60
32
27
29
31
40
62
60
49
56
57
21
27
49
43
43
62
59
23
48
47
48
40
40
46
49
45
31
53
53
53
36
47
30
33
57
52
67
52
29
28
47
28
27
35
47
30
50
26
53
33
55
58
49
35
49
39
34
22
22
34
49
34
40
36
51
66
43
69
37
60
63
44
29
41
38
28
43
42
31
39
48
32
49
22
24
49
36
29
32
53
55
43
30
55
27
49
46
34
34
26
40
30
35
45
61
50
38
36
4
31
43
47
50
64
40
37
65
57
32
29
60
27
58
36
50
62
44
20
48
47
55
38
51
45
44
50
25
49
55
63
56
37
60
48
51
56
49
57
50
52
44
26
57
37
40
55
52
31
46
40
53
55
47
49
44
48
47
33
25
50
55
31
34
42
49
37
46
20
32
34
46
50
68
37
35
38
21
49
61
54
41
25
16
38
35
52
51
41
55
42
45
41
52
31
37
22
55
55
54
27
49
44
62
43
27
61
47
34
53
45
38
29
28
50
52
33
30
43
47
30
48
44
47
23
38
