42
45
35
52
50
36
36
27
21
25
41
50
40
31
34
32
36
44
48
60
27
32
42
34
61
41
43
31
56
49
65
58
49
40
45
46
55
43
47
33
54
16
49
40
52
51
42
23
39
37
27
42
49
29
51
44
49
27
32
33
49
36
50
32
34
32
33
21
47
14
57
54
33
31
40
24
52
52
29
51
41
47
44
40
49
41
53
48
26
31
47
32
37
30
51
24
52
59
42
33
55
58
25
45
37
34
43
46
48
42
40
46
35
44
62
55
30
55
47
34
51
51
46
38
54
49
37
48
41
34
44
36
30
57
28
32
29
59
29
32
49
30
40
45
27
24
36
41
39
51
33
47
52
47
40
58
26
50
31
36
32
45
44
33
35
46
31
40
36
53
33
53
46
48
27
39
46
31
49
37
53
78
54
37
53
46
50
48
49
47
46
48
51
57
40
42
53
46
44
43
49
58
53
35
48
59
36
38
29
48
44
57
37
53
29
35
29
29
57
53
36
58
32
43
49
40
56
33
52
37
20
40
27
34
38
34
37
38
62
49
17
53
48
36
48
46
29
31
49
41
37
48
48
59
30
43
32
47
53
50
27
44
58
21
48
53
39
18
38
32
34
37
38
45
30
11
31
39
50
30
47
42
44
49
40
41
32
48
32
49
27
47
32
36
60
39
40
51
53
48
45
38
51
52
50
51
54
50
30
37
37
28
49
31
58
66
25
50
43
48
44
59
32
29
49
12
33
48
55
54
59
54
28
37
42
53
14
53
49
55
34
33
40
52
58
22
54
54
51
33
57
54
28
52
39
34
57
29
47
63
53
38
57
51
48
53
54
48
30
50
33
41
36
49
35
45
39
36
43
42
23
15
41
30
32
12
42
46
39
40
37
48
24
36
57
58
27
35
54
48
34
56
48
49
62
24
57
49
53
50
50
56
48
42
53
26
24
47
41
37
47
36
52
19
40
39
51
28
45
60
56
33
36
44
53
57
70
51
32
52
51
52
51
43
34
63
48
19
43
29
38
36
35
50
64
44
47
50
49
49
45
46
34
29
50
27
51
34
37
32
30
50
61
34
44
42
45
26
52
59
32
49
40
44
51
47
15
32
60
32
43
59
49
21
45
51
52
31
38
47
