45
38
47
61
34
49
24
47
53
23
39
38
52
43
43
44
64
32
49
29
54
20
33
37
31
65
49
48
63
55
32
59
40
37
34
41
37
39
33
48
35
42
50
53
37
25
52
47
54
54
63
51
52
34
27
36
38
40
30
51
48
50
54
30
32
45
46
47
45
49
30
33
30
32
27
35
65
49
48
20
47
53
57
48
28
48
24
58
35
59
22
31
57
54
47
59
31
60
43
37
48
51
50
30
30
35
49
53
50
46
46
26
30
40
28
59
51
51
63
67
41
40
51
33
58
31
53
37
47
30
57
50
35
35
50
35
57
54
44
40
48
36
53
58
35
44
33
48
55
36
45
50
17
59
59
36
29
56
30
53
44
49
35
38
35
30
40
42
56
64
38
35
44
51
46
42
51
50
66
47
36
44
52
42
38
37
52
34
36
46
56
30
54
31
29
41
32
30
55
36
28
44
32
42
52
43
47
45
31
39
20
30
33
45
48
45
22
42
60
41
54
26
45
40
39
48
35
47
53
42
33
42
57
31
37
48
46
32
25
44
45
40
32
35
28
23
60
51
34
24
51
51
36
44
44
17
45
40
40
36
31
22
24
39
53
60
29
27
44
55
62
34
52
39
47
17
43
48
23
25
50
36
29
53
58
30
24
43
22
56
49
55
51
31
31
30
43
46
41
32
61
51
52
38
24
56
45
59
39
62
54
26
41
18
54
16
36
43
53
31
27
26
28
50
35
43
29
72
53
28
44
53
16
53
34
59
35
53
40
50
55
34
58
43
24
53
30
50
58
28
29
52
26
31
48
47
49
55
26
46
49
31
36
57
46
32
52
35
33
53
16
37
29
52
35
32
51
64
58
28
27
28
31
36
50
27
57
41
23
57
31
48
29
58
57
30
54
55
31
40
32
49
52
40
54
50
55
28
42
50
33
46
52
51
29
55
38
46
50
39
35
30
51
40
53
55
29
30
61
42
34
45
52
37
31
68
55
35
33
55
38
52
50
32
43
34
30
52
51
48
42
31
49
50
50
40
56
45
5
52
30
29
25
51
51
52
50
56
52
31
33
36
48
47
50
46
27
16
48
37
34
28
30
36
56
57
48
22
25
48
39
55
34
47
23
27
50
40
54
31
