44
41
43
42
48
49
41
48
59
39
37
34
42
57
45
32
51
32
28
59
33
46
42
44
51
22
41
49
40
46
53
30
35
56
22
60
69
30
30
51
32
56
52
43
58
43
38
50
60
31
40
49
26
59
43
71
38
49
62
38
47
44
40
62
52
43
43
36
51
47
33
19
42
27
32
18
31
52
42
50
45
40
53
39
33
40
31
54
51
54
52
39
34
58
42
31
40
38
29
51
51
59
52
50
36
58
35
42
55
59
55
63
46
49
49
41
55
64
47
36
25
56
52
46
30
30
44
51
36
24
31
23
46
8
53
53
50
48
31
55
51
53
53
49
53
66
53
47
30
34
25
31
34
31
33
36
53
46
53
31
56
28
50
40
52
62
45
49
30
74
54
54
37
50
30
36
33
40
54
50
44
51
41
24
24
33
36
45
52
50
60
37
55
46
51
48
33
39
39
63
47
40
20
15
32
60
33
33
51
48
25
28
53
31
35
43
53
52
11
31
37
55
45
24
41
55
48
41
31
28
31
53
19
48
66
39
49
49
35
63
19
50
25
56
57
60
47
32
51
50
30
26
34
25
37
46
45
33
24
38
38
58
18
38
32
32
56
31
33
53
35
28
46
30
49
46
28
42
37
48
44
41
54
50
64
50
24
48
50
42
38
27
41
29
31
30
47
46
53
65
55
62
44
36
43
49
66
36
38
47
61
27
29
27
27
45
41
21
43
22
47
39
53
58
55
39
29
50
22
64
33
30
42
51
39
61
47
30
33
53
49
38
49
49
54
62
60
31
33
30
48
40
45
27
53
33
54
55
53
36
51
19
35
52
34
46
38
35
50
33
29
48
32
55
48
32
36
47
41
48
28
54
36
34
44
66
33
38
35
36
43
35
53
46
32
32
61
52
49
43
46
51
6
37
29
33
32
28
55
38
34
70
58
48
55
32
49
36
58
49
37
40
31
46
41
37
43
29
52
19
42
58
48
47
39
38
47
30
28
41
51
43
52
48
41
46
29
48
33
33
55
46
44
53
58
22
47
63
56
33
65
36
35
48
16
47
55
26
36
46
41
11
41
27
48
69
33
33
37
28
7
47
38
27
45
36
36
57
56
22
37
37
51
41
42
49
46
23
46
30
