53
48
33
31
37
37
40
51
35
43
47
30
30
49
41
49
49
34
51
42
31
62
53
31
65
43
13
42
47
46
53
32
51
54
38
54
29
20
21
41
63
47
32
35
51
39
45
44
46
58
58
38
38
64
49
23
23
61
76
51
60
47
60
51
38
39
50
37
16
48
51
39
43
43
47
32
25
40
50
37
28
60
25
51
38
45
60
52
45
32
29
53
67
42
36
61
56
30
38
29
42
51
50
45
47
29
45
20
39
19
42
43
42
49
49
21
33
54
42
23
42
53
46
49
57
50
23
35
46
50
29
57
49
24
38
39
40
46
44
48
47
38
41
32
60
50
63
36
60
45
36
29
31
58
40
55
54
46
25
36
36
54
42
28
26
23
26
54
37
58
39
50
31
30
36
21
56
37
45
34
38
49
58
27
41
34
45
52
25
31
50
35
54
38
30
33
55
17
57
39
49
40
48
21
29
48
46
46
30
43
39
44
47
50
16
27
50
51
24
29
43
57
57
63
47
53
23
50
62
15
49
38
46
33
34
53
43
29
51
60
25
33
45
43
41
49
31
53
45
55
64
37
31
50
40
30
49
51
60
39
31
41
39
45
46
25
49
30
21
41
57
55
52
46
41
43
44
65
47
23
48
38
44
36
29
41
28
56
33
47
48
51
32
37
48
30
39
45
18
47
54
35
39
33
60
24
38
36
52
53
31
40
36
22
59
22
33
46
56
47
55
54
31
43
42
42
56
57
53
35
56
56
28
40
42
42
53
32
39
38
5
38
62
49
34
29
17
32
53
57
49
37
53
23
49
30
49
42
70
52
44
52
59
53
42
45
55
27
62
58
29
27
32
49
20
38
34
49
47
47
48
39
49
39
37
44
49
47
52
36
31
15
28
52
47
44
57
36
34
17
67
53
45
59
53
32
62
35
52
64
39
50
44
47
41
27
53
51
55
58
40
31
36
53
50
25
39
58
33
52
49
50
39
63
41
23
25
28
49
48
32
52
58
27
44
53
60
32
38
59
28
39
43
64
53
32
29
41
48
33
46
58
29
48
29
28
36
50
41
51
52
41
32
36
31
34
56
27
44
50
19
37
33
39
31
18
55
32
36
49
43
33
11
46
32
45
27
45
54
35
