52
42
37
46
57
50
50
52
25
45
29
32
34
36
15
35
37
40
63
27
57
27
34
44
57
57
31
31
53
42
29
46
42
25
38
44
41
45
53
52
45
52
40
48
49
52
35
45
40
14
38
39
30
54
29
54
28
51
52
47
31
50
37
32
47
35
47
48
56
35
46
23
27
38
55
55
31
36
34
30
38
31
44
51
50
39
61
46
42
57
30
45
52
41
33
49
37
35
55
19
60
50
35
50
53
56
41
57
30
54
41
50
37
34
35
32
52
47
34
30
42
60
49
48
38
51
20
39
49
32
51
51
29
59
44
60
50
36
25
28
31
44
17
36
51
48
35
41
65
32
30
50
34
46
43
42
49
36
44
46
34
32
34
39
50
39
42
44
38
31
61
14
23
31
52
35
36
45
55
64
27
48
35
48
52
35
31
36
73
36
32
47
60
25
29
39
56
43
48
15
18
43
54
46
35
51
43
28
42
69
70
38
47
64
53
26
62
49
37
37
44
43
54
48
57
29
41
42
31
53
19
35
57
18
49
25
22
48
55
50
27
50
56
26
60
50
31
32
23
57
59
38
58
63
56
56
44
52
62
37
30
17
43
45
29
43
35
68
25
30
53
49
22
59
49
34
48
49
52
62
27
35
25
51
52
50
45
39
35
48
56
48
52
56
59
49
53
70
47
34
53
46
54
43
49
31
39
49
27
60
48
27
60
59
27
28
57
55
43
53
51
53
49
45
39
33
48
53
52
37
27
49
34
50
47
45
57
53
59
57
59
51
35
20
57
41
35
25
29
46
31
20
31
51
28
57
34
43
43
34
44
27
45
33
60
66
47
51
34
26
43
42
23
48
33
17
51
53
49
53
27
35
36
35
41
62
69
48
57
30
27
40
26
39
36
53
50
57
45
24
37
80
54
55
44
46
41
57
49
26
37
44
57
57
49
49
41
10
32
61
42
36
30
38
38
53
53
56
55
70
32
55
29
38
50
25
45
52
65
37
39
31
51
31
50
25
49
35
43
58
56
48
15
31
44
52
53
49
27
48
41
38
54
46
41
54
23
52
54
66
61
29
25
39
21
52
49
26
28
42
33
45
23
43
16
38
46
49
54
52
28
51
27
34
37
51
33
42
43
46
