40
60
42
50
31
44
60
43
19
51
32
47
51
64
62
19
56
48
45
49
60
48
52
45
22
32
39
67
54
36
34
55
57
28
52
36
49
52
55
42
30
49
36
34
49
39
42
25
42
37
58
33
57
47
33
43
42
34
40
56
28
28
35
29
49
62
49
55
57
70
28
33
50
52
30
44
62
52
58
50
35
11
30
29
40
41
57
50
32
37
40
33
46
28
42
30
57
46
59
26
26
59
28
58
49
47
51
43
31
47
34
40
52
24
50
48
59
25
36
54
39
58
69
56
52
28
36
35
40
52
35
31
41
38
31
47
59
47
27
33
44
47
46
43
28
37
14
54
53
51
55
57
45
37
63
44
33
29
31
42
48
37
48
49
52
47
31
43
53
28
38
50
55
28
47
24
63
27
49
36
56
35
55
49
51
71
48
55
44
59
46
6
23
41
59
49
31
47
28
55
22
50
37
42
28
48
18
58
54
40
18
46
33
30
51
42
55
45
51
38
51
22
44
41
61
33
30
53
43
23
44
31
24
43
57
55
39
47
49
52
36
51
52
38
45
34
42
45
47
18
25
50
30
58
26
27
60
50
48
59
50
52
54
51
44
48
23
36
29
34
41
49
34
55
33
45
28
47
51
52
27
9
49
16
46
65
33
20
62
65
35
45
52
49
20
52
34
33
48
48
25
53
32
34
52
31
40
27
45
52
78
47
50
52
44
26
50
51
20
41
40
53
31
52
52
59
52
56
52
46
23
49
36
48
51
31
30
43
29
46
28
30
54
49
80
28
47
55
27
46
31
38
59
31
30
36
36
36
49
52
52
52
39
47
30
52
4
29
51
10
47
41
42
55
49
43
37
58
60
36
42
35
43
48
46
37
26
51
43
53
47
58
33
37
50
49
21
45
35
56
32
27
55
50
33
42
30
39
52
38
33
22
29
33
35
20
37
52
38
22
39
51
33
35
28
27
39
56
48
30
49
39
37
48
56
32
38
37
28
40
30
36
55
33
34
42
41
38
49
31
32
45
52
50
41
54
25
21
39
32
47
38
34
42
62
65
37
36
43
33
60
33
49
54
54
65
40
50
40
35
50
42
34
51
36
49
25
57
36
45
51
34
28
41
58
41
37
35
35
55
