38
25
48
35
47
53
41
50
55
54
23
36
37
29
54
36
44
29
24
32
30
27
42
42
30
56
39
38
40
42
22
36
35
27
37
37
37
51
23
39
33
62
28
29
50
27
50
46
37
39
47
28
35
14
50
49
39
58
25
49
52
44
61
51
45
40
29
34
33
46
40
49
55
29
41
40
51
53
34
33
45
26
28
38
47
67
67
49
49
29
31
32
57
52
48
49
57
46
48
35
44
52
63
39
31
62
63
36
42
45
33
50
33
56
50
74
68
34
67
63
28
40
81
55
35
52
49
29
47
38
32
42
35
31
45
57
55
21
49
31
45
53
44
54
41
49
32
31
54
37
32
39
32
29
60
38
48
36
58
45
23
37
52
45
34
24
38
56
28
32
20
34
56
55
53
60
65
45
48
49
49
26
35
39
56
38
52
69
45
31
47
49
56
42
55
51
68
48
33
36
40
28
48
26
27
52
45
48
32
40
28
18
79
25
53
38
40
31
26
44
51
33
25
40
35
46
42
55
25
56
50
53
44
49
55
38
50
61
35
46
29
24
52
37
37
49
48
51
50
33
48
33
41
32
57
48
59
51
37
53
40
50
25
42
54
38
37
53
34
29
48
49
18
47
46
52
21
57
36
45
70
47
38
32
28
33
29
40
48
46
30
43
44
32
53
55
47
35
30
52
22
27
33
44
51
36
45
33
63
51
44
24
49
21
32
55
32
43
49
48
27
52
28
52
41
54
11
57
34
53
55
58
8
51
32
31
34
51
53
46
58
44
28
52
22
51
39
49
34
31
43
52
58
57
61
31
36
39
31
61
30
47
52
41
64
30
61
67
49
63
60
44
45
29
54
49
48
27
34
51
39
53
54
28
55
47
26
30
61
57
48
49
34
29
25
27
33
44
49
42
44
57
31
37
54
25
41
47
41
28
55
35
41
38
50
54
47
57
17
54
46
26
63
24
31
59
50
36
26
55
48
52
49
48
27
58
43
56
42
54
23
52
50
46
65
39
38
27
58
35
55
53
37
53
45
48
26
35
61
47
36
38
52
49
37
52
57
55
32
35
24
66
55
65
49
23
35
60
32
61
39
60
51
50
55
36
61
34
17
50
30
60
29
31
31
30
52
51
53
41
