27
29
35
38
36
42
33
30
38
63
47
22
29
53
44
55
53
44
27
37
26
45
60
22
31
43
53
44
32
40
36
55
31
53
24
26
47
43
25
42
32
57
53
57
45
42
54
49
28
49
32
50
48
39
49
32
24
37
34
33
29
29
43
56
46
47
35
45
47
30
60
47
46
49
31
48
50
16
57
30
18
44
51
48
49
66
46
31
46
60
44
41
33
44
54
41
43
46
32
24
44
48
19
47
48
55
23
35
47
35
46
34
27
66
44
44
64
49
26
34
46
50
30
53
42
46
25
35
29
44
52
35
43
33
36
32
51
38
47
33
62
52
28
38
53
36
41
31
43
22
40
32
43
50
40
54
38
39
29
52
73
62
41
29
51
37
47
18
49
45
40
30
46
23
41
42
47
30
42
32
33
32
36
30
56
52
53
54
39
29
41
67
34
30
32
30
52
52
36
50
39
34
37
25
45
41
32
32
47
27
52
53
59
56
40
45
50
36
40
51
32
56
30
65
53
32
32
52
55
38
52
46
45
50
28
66
56
34
45
12
52
55
36
53
35
51
58
47
57
31
41
34
47
29
48
58
45
26
60
47
43
43
34
39
39
31
25
38
49
43
46
36
56
48
58
19
27
34
45
51
57
37
36
57
56
65
59
57
53
50
55
40
54
40
57
58
24
28
25
32
20
40
53
40
39
46
53
34
48
54
49
37
48
43
35
18
46
30
23
47
30
18
50
46
25
22
48
30
37
39
35
46
30
57
33
54
71
42
27
37
53
40
55
55
34
46
49
34
59
50
51
57
39
45
35
53
30
59
34
42
51
28
25
30
52
53
48
30
17
55
27
24
62
38
43
24
55
56
41
41
28
46
49
51
21
37
28
45
42
39
31
42
46
48
26
22
47
51
55
28
48
48
43
61
71
51
45
57
43
52
32
52
31
35
62
50
71
25
27
33
66
10
36
43
53
28
49
53
46
55
32
34
50
18
42
37
54
28
55
26
20
45
51
43
28
47
72
41
38
48
35
30
34
48
50
39
54
42
51
36
62
42
46
45
37
31
32
45
67
31
48
37
27
48
40
50
51
34
43
39
39
60
44
22
37
49
50
50
34
28
32
49
39
49
52
30
36
62
13
32
