43
35
46
42
46
33
29
34
59
54
32
19
56
35
27
27
32
37
39
25
52
51
45
58
64
60
29
31
48
37
48
62
39
28
32
40
52
27
49
54
51
46
53
34
33
32
35
39
32
64
29
60
54
63
54
19
29
60
63
43
21
39
36
29
26
33
59
45
30
34
37
25
30
63
45
35
54
40
56
29
44
50
37
51
46
40
47
29
54
30
33
21
30
29
23
38
34
36
29
42
34
58
40
56
43
30
30
49
27
60
41
53
35
49
28
46
34
25
45
56
32
47
48
36
36
34
53
50
44
48
51
60
44
39
38
52
27
55
57
35
54
43
28
37
49
59
27
43
50
36
20
31
52
51
52
24
21
48
51
74
45
47
56
52
57
49
24
47
49
38
43
56
54
54
34
32
50
35
51
34
60
47
42
25
24
58
42
48
63
39
47
28
46
48
62
34
48
64
46
27
66
46
31
42
44
34
53
47
51
36
36
40
52
31
59
39
46
33
42
33
43
48
52
27
36
27
47
34
34
38
42
29
52
29
36
38
53
57
52
56
37
62
41
48
42
14
58
23
44
50
35
18
35
22
55
50
53
42
45
56
47
35
43
54
45
52
24
34
50
51
31
27
40
36
46
32
57
41
38
51
47
23
59
39
55
40
34
50
34
53
62
34
32
44
52
47
40
49
58
54
51
29
41
40
31
38
30
51
29
50
27
60
48
40
22
31
49
40
47
35
37
62
38
36
54
47
27
41
40
53
31
48
35
53
63
41
62
43
54
40
24
40
36
36
51
33
40
47
51
47
59
35
28
50
23
40
53
69
30
36
40
31
48
44
9
52
49
44
49
52
50
34
28
24
53
56
50
48
53
50
42
39
37
31
37
55
65
29
28
30
47
34
43
40
54
59
43
27
35
46
39
47
39
49
53
44
49
39
45
32
44
30
52
48
47
60
33
52
33
47
62
25
41
50
48
34
59
51
47
37
32
43
28
31
52
53
39
48
65
38
32
32
35
55
54
37
47
25
32
52
47
49
45
41
55
31
38
49
26
59
30
62
35
32
29
52
32
31
49
28
70
38
40
27
38
37
26
44
51
51
37
48
23
31
55
61
54
25
50
59
18
47
30
55
52
50
36
31
54
63
