26
38
21
45
38
34
38
48
47
50
33
33
61
45
43
52
48
58
69
20
24
48
50
12
51
34
52
52
54
37
38
47
25
23
27
52
26
60
48
66
34
44
47
29
48
29
35
71
31
26
34
40
38
65
52
29
46
28
48
42
54
24
64
31
48
52
43
48
54
29
48
33
30
51
32
30
44
37
45
50
35
18
43
18
28
68
56
40
35
39
25
32
40
36
49
35
42
48
36
43
39
60
30
33
46
50
57
63
50
22
39
40
39
38
48
50
28
50
55
54
40
53
48
56
48
27
35
32
55
45
51
54
45
48
35
33
49
58
26
52
57
41
56
28
37
58
39
54
54
34
51
49
22
35
26
39
17
62
56
44
41
51
40
31
43
32
50
52
52
32
56
11
33
51
34
34
33
49
30
60
54
44
57
45
50
34
63
32
36
31
51
58
57
36
42
53
41
50
66
29
60
18
60
46
25
39
32
30
50
50
65
60
65
37
43
26
34
34
46
25
35
59
62
33
42
50
47
66
48
32
47
46
22
22
45
32
31
54
41
43
48
33
30
42
18
49
47
49
19
56
51
49
49
57
27
49
34
40
32
45
37
47
33
31
44
32
39
41
50
18
52
28
34
40
32
30
19
76
40
63
21
46
25
49
47
34
38
23
37
36
35
54
43
36
35
51
43
38
31
49
51
53
52
31
63
40
49
37
52
30
55
29
52
42
55
32
27
72
39
37
38
57
27
44
35
45
35
37
29
57
25
51
48
60
49
22
52
45
53
29
56
54
25
59
49
42
43
53
46
48
29
53
34
50
50
60
32
63
41
50
55
33
33
43
40
30
31
48
46
30
39
47
73
56
51
46
42
58
51
30
28
44
37
53
57
55
52
37
44
56
49
22
34
31
23
53
47
27
44
55
29
49
43
63
38
29
38
49
40
50
26
48
55
57
31
54
16
35
47
48
54
55
25
33
30
38
31
35
52
49
40
26
24
47
52
42
41
13
36
38
36
33
51
52
53
51
60
27
21
52
39
27
45
39
55
50
47
50
34
46
31
25
59
32
51
54
40
47
51
50
45
53
44
53
39
51
66
29
36
48
38
41
55
42
47
56
46
47
51
34
45
36
35
29
63
51
57
39
31
71
