37
36
37
29
38
29
46
37
44
23
34
39
57
39
25
53
38
20
46
24
27
40
40
17
43
15
28
38
31
29
31
55
30
38
17
30
33
32
51
27
36
35
34
59
33
38
35
28
14
40
39
29
11
30
35
40
49
33
11
38
22
41
38
42
46
44
30
28
19
34
38
41
6
24
34
24
46
34
14
26
33
25
26
39
27
27
8
46
38
13
49
31
21
41
31
54
39
38
19
33
30
27
12
28
23
39
45
32
36
24
37
17
30
42
55
43
41
29
28
28
32
47
41
36
42
34
19
40
37
39
38
42
41
46
9
11
36
27
19
21
18
21
40
47
17
38
41
27
53
26
11
36
48
28
21
4
24
18
27
33
25
31
20
25
19
34
47
52
43
24
41
22
44
40
24
23
31
38
33
21
27
27
29
29
43
42
39
17
37
36
36
19
31
32
24
40
42
25
51
38
27
18
32
44
56
18
40
37
17
31
56
26
38
42
47
15
23
12
49
31
16
34
20
48
28
34
51
37
43
23
34
34
22
24
35
37
38
27
44
32
42
30
44
41
26
33
51
36
20
34
29
32
35
32
37
41
40
35
38
28
32
19
43
27
37
36
33
33
36
31
29
42
31
26
32
36
31
31
41
30
36
31
35
29
36
35
31
44
34
27
39
31
34
30
34
21
31
26
40
41
38
34
35
32
29
22
33
30
31
30
26
23
33
44
35
41
29
29
38
35
32
37
28
30
25
38
25
30
27
31
40
36
40
32
34
32
37
30
27
39
27
28
42
36
27
26
31
29
36
32
33
30
19
36
38
34
31
33
34
31
33
33
33
28
28
37
37
43
42
35
33
36
26
34
25
27
36
39
34
21
30
30
29
33
41
33
37
36
33
30
29
30
40
28
29
33
33
30
39
36
37
30
30
33
29
34
36
18
28
36
33
23
32
39
34
27
28
41
38
38
31
27
29
36
41
33
32
25
39
29
36
30
40
27
25
37
30
39
31
29
33
33
40
36
31
37
41
35
32
38
30
40
34
27
25
33
32
49
34
43
31
39
34
38
35
39
35
28
33
38
34
32
34
34
38
32
33
41
32
38
29
34
36
31
27
33
29
29
31
32
41
28
27
34
31
28
29
37
23
27
