52
42
41
46
57
50
50
52
35
45
29
40
14
38
39
30
37
40
63
28
57
31
32
44
57
57
35
56
53
35
29
46
42
23
27
44
38
45
53
52
45
52
40
48
49
52
31
45
54
29
34
30
38
54
51
52
31
47
50
37
51
47
47
42
48
30
46
55
52
41
55
33
37
35
36
44
19
50
35
30
37
34
39
35
61
46
57
45
32
49
34
55
30
38
51
60
20
39
50
44
50
53
36
56
41
57
54
41
25
50
52
47
28
31
44
17
42
60
49
36
48
49
32
51
48
35
32
30
51
29
59
60
50
51
36
41
65
34
32
39
39
38
31
14
50
31
35
34
46
27
35
43
42
49
44
46
34
31
50
42
36
36
44
32
61
25
23
52
29
15
36
18
45
35
55
43
64
48
35
48
28
52
73
47
60
42
38
26
39
37
37
56
43
44
29
48
43
54
46
41
51
69
70
47
31
64
19
18
53
62
49
25
43
54
48
22
57
42
27
26
31
53
35
57
49
32
23
48
38
55
30
50
50
17
56
29
35
60
50
57
25
59
58
30
63
56
22
34
27
56
44
35
52
62
37
43
45
43
68
53
25
35
49
59
52
49
48
49
34
31
52
62
39
51
52
27
50
45
39
48
27
27
28
56
48
56
59
49
51
53
70
47
39
53
46
54
43
49
49
60
48
60
59
57
55
33
37
43
27
53
53
34
49
45
59
35
48
53
52
49
20
50
47
45
57
41
53
57
59
35
25
51
29
57
46
31
51
57
31
43
44
45
20
28
60
34
43
34
27
66
33
47
51
43
34
48
26
51
42
23
53
33
49
17
53
62
69
48
27
35
53
36
35
57
41
57
45
80
54
55
30
27
44
40
26
46
57
49
39
36
44
50
24
37
57
57
41
49
41
26
37
61
42
53
53
56
49
55
70
10
32
55
50
52
36
65
51
30
38
49
35
38
32
29
38
43
58
56
48
44
25
52
45
37
53
39
31
48
41
31
54
50
46
25
15
31
41
54
52
54
66
61
49
27
52
49
28
38
23
45
43
29
46
49
54
52
25
51
51
42
43
39
46
21
26
55
62
42
61
33
23
54
16
46
38
28
44
50
54
47
27
47
34
37
49
55
33
43
52
57
