26
54
31
35
37
49
31
45
41
45
59
45
57
49
32
66
47
57
22
53
47
51
42
48
33
51
46
40
38
52
56
41
49
14
55
50
41
36
54
40
22
32
49
48
40
29
45
58
53
49
36
40
46
48
43
50
41
47
49
33
54
39
46
34
42
20
51
40
36
31
55
51
7
57
32
34
51
20
20
53
52
47
20
29
51
59
37
38
45
35
24
63
55
43
51
52
44
36
57
29
34
58
24
40
55
37
22
30
24
39
30
54
64
50
63
49
48
47
50
51
34
40
27
39
54
49
57
49
64
28
40
36
54
30
38
47
59
38
46
52
24
59
42
36
43
34
34
30
37
31
56
52
39
33
38
48
51
32
51
62
40
48
50
62
36
50
64
54
55
47
45
43
47
62
32
54
56
62
46
38
43
38
59
54
52
41
42
51
32
35
56
44
52
31
46
48
50
62
36
35
49
22
45
78
30
20
19
30
37
28
53
52
66
44
35
53
23
47
53
39
42
57
50
21
28
35
35
19
44
22
53
51
28
33
43
51
49
29
46
39
52
39
50
58
61
51
61
56
25
50
25
40
17
36
33
42
48
48
39
60
29
48
52
37
49
37
51
58
46
66
56
31
32
48
55
55
38
38
33
42
49
62
36
30
43
37
61
50
40
41
44
14
43
57
46
43
42
57
45
26
43
45
52
32
33
35
45
51
24
32
36
56
47
58
40
34
43
47
51
57
42
35
40
31
64
55
52
52
40
40
33
45
28
31
48
49
29
38
43
58
39
53
37
33
27
37
46
52
60
51
36
56
38
54
25
31
28
41
51
44
53
26
23
52
39
51
62
36
59
39
50
54
17
56
19
27
33
29
48
24
41
49
61
39
29
61
65
52
63
32
47
57
58
50
35
51
60
50
35
28
31
45
49
55
39
58
49
44
31
34
60
34
23
29
44
32
71
51
51
53
38
52
42
31
41
33
50
57
51
35
26
31
61
65
52
53
49
25
54
39
38
74
37
24
45
60
45
36
23
8
40
49
41
38
60
14
53
56
47
46
50
51
33
30
25
54
37
32
40
60
53
53
48
37
52
38
47
36
48
56
44
52
32
64
39
53
52
45
15
35
28
45
48
32
36
30
53
63
14
29
