24
34
55
54
43
32
38
28
34
48
49
41
38
33
35
36
34
49
50
33
27
45
44
33
35
37
39
57
41
42
37
42
52
52
43
28
47
48
26
35
31
45
34
28
54
47
33
41
41
28
51
40
65
49
38
24
28
40
30
38
62
49
47
60
56
57
28
54
30
57
54
46
39
56
45
44
48
35
51
11
55
40
53
53
53
29
61
41
52
54
34
55
38
29
56
36
41
29
49
24
40
32
54
56
37
46
44
66
35
25
27
50
31
59
34
30
33
33
46
45
37
37
53
59
57
48
32
34
39
28
55
68
29
33
25
37
37
51
54
27
45
53
50
26
59
58
33
38
48
30
38
24
30
54
33
58
48
49
31
44
42
52
50
40
41
58
47
38
41
56
43
55
56
67
37
29
52
29
36
33
54
58
49
52
32
44
14
62
41
63
50
37
59
53
45
30
35
51
31
30
19
32
50
45
20
47
47
47
31
37
69
42
29
52
54
55
29
47
63
56
51
65
32
49
27
53
42
43
56
41
33
45
45
27
51
50
36
50
33
41
22
33
57
57
54
24
39
46
48
59
45
38
28
23
47
37
33
52
40
36
39
45
24
54
40
70
41
37
61
52
39
47
27
43
48
50
46
54
48
31
25
48
39
31
34
63
37
28
39
48
62
27
53
23
57
55
63
47
35
28
48
56
53
34
40
41
51
41
53
23
48
48
55
37
54
53
53
56
40
49
32
27
37
57
20
60
32
39
34
37
59
24
49
33
37
49
30
29
45
20
36
47
55
33
54
45
57
42
33
41
31
46
38
47
54
57
52
32
51
42
53
55
50
76
24
41
22
50
50
55
64
41
13
61
41
48
54
53
49
62
37
38
70
48
51
50
54
51
37
40
24
39
41
32
35
32
45
49
52
49
35
43
34
60
48
50
13
56
59
40
45
39
42
38
36
33
52
36
49
52
26
25
49
51
32
32
38
47
27
47
52
56
37
53
48
45
26
33
27
30
53
49
20
38
53
52
44
30
49
49
43
71
27
30
59
30
52
32
56
49
48
61
37
34
68
60
30
22
35
30
46
48
54
31
51
58
53
35
45
48
29
48
46
33
47
52
36
43
52
42
54
49
21
39
58
23
64
37
45
57
