55
49
38
27
45
60
32
47
36
57
49
37
22
39
47
48
24
47
46
46
45
46
38
47
44
62
46
50
28
45
26
34
44
35
30
44
48
20
50
54
34
68
39
53
47
36
65
51
35
20
51
23
51
20
52
33
44
60
52
43
29
53
37
52
57
36
38
34
30
34
51
35
36
28
25
19
37
47
28
54
24
49
42
50
53
25
43
33
40
40
57
71
48
45
43
35
27
49
37
28
49
49
38
54
14
32
57
64
48
29
55
48
48
54
45
52
48
45
35
40
30
52
34
30
34
45
57
22
23
34
41
16
27
53
65
40
26
54
32
53
37
36
50
59
34
41
63
28
38
50
26
46
60
38
46
46
25
33
40
39
63
53
25
49
52
51
44
54
22
52
61
40
46
26
63
40
32
44
42
40
31
57
51
28
66
49
32
48
21
45
34
48
47
53
36
49
29
64
50
26
41
43
35
36
31
32
57
58
49
36
55
52
42
23
54
55
56
49
36
39
50
51
53
43
49
35
47
49
49
77
37
53
42
23
51
49
64
37
27
43
17
36
26
33
61
49
62
70
36
52
34
30
18
28
58
30
36
48
53
48
50
45
24
48
55
49
57
54
52
36
27
23
36
27
41
31
20
56
48
52
52
49
57
56
61
57
50
65
56
47
26
62
33
38
47
26
43
20
38
44
33
34
60
37
34
47
33
34
44
37
37
62
41
65
47
37
60
69
40
35
46
50
35
31
61
19
26
40
51
50
37
33
28
57
43
58
36
54
34
38
50
53
49
47
52
31
41
49
35
18
50
36
37
12
51
57
38
62
64
30
45
53
48
50
58
60
46
30
54
53
45
58
30
67
35
42
45
53
62
48
23
48
39
56
45
38
39
48
37
25
45
51
23
48
9
38
28
49
40
39
57
32
32
51
57
53
29
54
50
44
29
46
25
63
55
32
27
30
75
62
53
50
60
29
54
30
37
45
28
29
31
28
52
49
51
53
36
37
47
32
43
31
54
48
20
51
50
51
31
49
7
34
56
36
29
67
19
53
36
56
50
26
52
35
36
17
52
56
32
49
29
42
34
61
34
40
39
31
43
63
40
57
23
50
30
28
45
62
37
35
27
34
26
35
33
46
48
35
36
47
