38
39
47
58
49
35
61
24
36
57
35
29
37
35
34
53
34
45
43
40
50
33
50
34
29
47
23
35
22
38
44
47
36
44
37
39
26
20
46
69
48
31
56
38
55
25
35
51
46
33
47
41
52
58
34
57
59
43
48
41
27
53
22
43
42
58
57
59
34
36
30
56
38
43
54
40
41
56
49
31
49
25
37
43
32
23
25
35
49
39
40
40
45
35
49
33
26
34
41
57
25
33
49
38
48
64
25
40
59
47
43
34
24
36
34
27
49
44
51
32
51
55
39
49
57
28
40
28
47
46
46
28
58
50
41
49
28
52
47
41
43
34
50
49
38
60
56
54
56
38
52
47
76
69
37
39
29
32
37
52
51
64
38
52
45
51
52
38
31
44
32
19
50
25
62
44
49
49
52
53
43
68
31
38
32
48
47
39
34
21
44
26
46
49
49
43
46
43
32
52
34
47
51
47
24
49
57
26
48
61
70
31
26
41
54
50
29
39
18
53
60
37
60
38
47
27
47
24
50
50
58
30
48
46
27
30
45
27
38
14
27
19
40
52
36
43
49
55
49
48
66
45
51
35
41
47
31
57
41
56
59
28
50
61
30
25
58
46
45
61
37
46
25
63
61
32
41
49
35
26
30
31
50
45
26
44
39
37
35
57
31
49
31
46
33
33
49
53
41
54
25
64
22
62
39
56
31
38
50
67
50
52
35
37
64
47
50
34
28
61
32
45
44
32
17
79
41
51
53
31
51
58
42
42
63
50
66
38
55
49
50
34
52
47
49
52
28
28
37
31
53
33
55
45
34
22
49
36
32
61
29
35
41
47
35
30
42
50
45
33
40
36
40
47
49
35
42
28
47
36
32
39
51
51
27
55
65
32
39
62
31
48
45
41
31
46
55
22
31
56
49
28
31
41
34
53
28
59
41
45
60
21
54
28
35
49
51
44
28
40
50
43
42
41
59
42
33
28
60
45
46
42
49
53
23
50
40
30
29
33
29
36
32
46
52
56
56
37
37
55
40
31
51
53
41
33
35
37
38
51
34
56
35
42
47
54
35
70
58
49
35
41
34
35
33
48
40
36
55
29
54
39
52
48
59
34
46
44
46
53
50
23
57
47
41
56
31
32
55
47
