56
28
42
40
59
48
37
51
52
42
21
39
36
51
37
39
48
60
53
32
42
44
34
49
56
60
41
30
43
31
40
35
23
40
32
55
34
48
50
36
24
38
45
35
50
37
59
52
43
31
40
48
58
17
53
31
54
47
46
33
20
33
51
53
47
51
14
69
38
44
46
33
17
25
47
33
54
52
37
43
42
42
24
27
40
49
35
53
48
40
44
43
33
35
54
55
40
46
47
36
30
61
45
39
40
29
30
44
34
44
35
51
48
48
44
32
41
36
41
57
37
52
30
41
46
45
54
44
30
53
34
40
53
49
40
47
41
51
48
19
54
48
52
52
53
44
32
52
24
42
59
35
31
57
46
45
50
25
34
25
32
38
52
40
41
52
53
50
40
34
24
61
61
28
49
28
37
55
29
47
43
40
31
29
54
61
25
49
33
57
35
55
50
39
47
31
44
48
39
65
26
34
45
50
24
30
45
46
44
49
41
44
47
32
52
49
33
51
48
55
59
46
40
40
49
42
41
49
54
30
26
53
47
38
45
49
33
46
26
43
51
48
48
48
39
54
32
31
43
52
26
58
49
38
26
23
51
19
50
47
53
43
49
35
42
49
39
59
57
34
37
31
37
19
66
81
33
28
28
46
40
44
38
54
50
28
34
43
31
55
65
29
51
32
57
43
22
54
37
45
24
22
50
50
39
61
40
35
43
45
50
45
24
57
56
53
50
37
46
37
48
27
38
43
45
47
47
31
42
38
55
43
46
63
52
62
31
34
28
48
18
28
36
33
36
54
64
36
51
22
29
35
17
55
55
22
45
52
35
31
34
49
33
52
53
48
33
51
40
40
15
52
50
56
35
34
47
60
38
46
46
44
40
39
31
44
47
54
52
38
46
29
59
69
43
30
52
49
49
23
56
44
33
47
52
42
34
48
48
70
30
55
50
40
31
34
37
37
56
46
49
41
59
66
46
54
26
64
46
38
31
23
56
48
54
55
24
49
31
31
49
55
28
50
34
36
44
41
37
33
24
49
39
40
34
28
34
38
19
47
25
32
33
51
39
54
29
53
61
61
52
31
43
48
34
26
47
42
39
46
26
47
31
33
17
71
35
58
53
29
72
23
49
54
66
47
30
62
41
41
