24
50
59
42
35
42
31
50
49
48
47
41
50
33
38
38
30
32
50
51
45
41
59
50
36
49
51
50
37
52
28
58
60
28
60
63
49
26
53
54
52
66
31
58
25
27
55
39
37
65
22
52
59
47
75
49
35
67
49
47
12
39
37
40
47
37
28
47
47
43
32
44
11
55
37
52
29
47
49
37
51
45
60
53
52
46
45
40
42
49
39
45
50
55
55
41
47
50
63
53
32
50
31
33
44
47
48
42
29
40
67
51
46
30
36
55
57
25
29
59
38
41
33
50
31
42
30
43
49
30
8
39
48
35
52
47
51
31
45
26
51
44
32
49
47
62
57
55
47
57
50
54
56
57
36
44
34
43
61
32
30
32
53
58
30
54
34
37
55
52
30
63
42
35
29
44
27
50
33
45
50
56
46
47
51
49
44
52
23
14
27
29
48
51
31
53
56
31
24
35
31
27
31
49
49
56
33
54
35
41
46
35
18
35
41
31
33
49
44
43
30
41
55
25
32
21
41
27
38
52
47
28
48
36
40
42
44
50
56
65
45
54
60
53
54
42
29
53
36
52
40
51
53
38
43
47
63
44
23
36
38
25
37
46
50
39
56
44
48
56
42
59
54
28
36
53
36
57
57
31
30
39
38
55
38
43
36
28
44
55
38
35
42
50
39
51
49
47
45
62
48
25
59
27
57
51
26
50
30
28
44
54
39
44
66
36
53
40
51
29
48
44
41
37
39
54
53
53
62
46
54
52
32
45
51
34
30
28
14
45
56
54
32
27
37
55
37
47
48
48
34
49
45
50
50
34
34
52
57
51
35
40
51
23
28
25
41
47
25
40
52
56
53
53
38
50
33
39
42
37
41
53
51
53
59
31
38
37
42
51
54
51
32
31
42
52
57
37
34
30
30
39
6
57
47
38
41
29
35
17
58
41
47
35
52
52
32
54
37
39
36
72
51
44
53
54
47
60
53
29
52
28
32
28
45
51
48
47
30
51
46
31
49
65
60
52
32
50
41
40
46
59
47
38
53
33
50
35
58
32
49
55
39
38
38
46
37
51
58
35
59
50
56
38
44
50
21
33
39
52
39
22
68
54
40
30
24
35
55
44
54
31
31
28
47
32
43
43
35
54
