21
53
21
50
37
49
52
59
49
55
38
69
22
23
57
42
31
17
43
51
45
48
60
36
49
49
52
49
38
62
40
28
32
27
21
51
29
33
52
36
57
52
35
21
35
59
44
50
41
46
34
28
24
29
34
57
38
25
54
34
57
34
39
24
55
57
60
52
23
27
57
37
41
50
30
28
57
34
55
30
52
43
50
24
51
48
28
28
53
25
38
47
29
53
31
33
33
36
45
66
56
30
14
48
57
26
33
32
33
58
48
36
49
54
25
30
43
57
31
35
56
37
38
51
28
50
68
57
38
38
15
42
37
54
35
63
51
46
56
54
32
54
67
42
57
31
44
63
39
31
37
61
53
36
33
62
48
39
32
65
39
34
38
62
45
58
54
39
51
50
57
53
59
39
38
65
29
49
32
50
53
31
54
31
67
34
48
38
50
40
48
35
37
45
61
41
43
58
59
51
54
48
41
45
56
49
28
35
49
9
28
32
30
30
38
38
42
29
43
34
33
52
66
50
52
38
55
46
22
57
31
38
53
45
19
27
35
20
46
54
46
50
19
57
51
49
64
33
51
46
58
37
33
54
38
42
53
34
33
30
75
51
47
42
35
53
15
35
53
49
43
48
35
56
53
51
45
29
38
52
48
48
23
48
41
54
28
54
41
45
33
41
52
25
46
22
40
45
36
44
36
47
44
36
27
22
56
40
31
44
44
52
57
56
52
51
50
54
30
50
48
44
36
55
50
36
41
50
52
52
12
28
29
47
41
45
51
25
32
47
48
40
30
49
29
57
49
55
31
46
48
39
37
37
61
70
43
50
31
44
49
42
56
52
55
52
60
35
57
60
14
51
53
47
43
33
46
36
47
39
41
22
37
33
51
58
54
36
39
48
35
57
50
53
43
57
27
30
65
41
46
55
49
32
50
30
50
22
46
47
50
50
34
36
40
36
37
53
39
52
54
20
27
54
42
38
51
49
64
57
46
57
34
31
57
34
40
31
36
32
40
50
28
51
44
53
51
42
53
45
62
53
34
44
43
38
49
40
45
29
36
37
27
33
31
57
55
23
25
11
56
53
50
41
57
38
51
19
22
58
48
60
36
45
55
5
38
47
39
37
37
23
43
53
55
57
29
20
26
57
