50
59
49
56
40
48
49
41
56
54
54
50
47
43
54
45
50
47
49
49
50
56
44
53
59
58
52
53
55
48
50
56
56
57
55
46
45
52
54
43
48
55
48
48
53
51
54
54
59
42
37
55
43
53
50
54
34
45
52
48
47
57
54
46
51
55
47
48
55
59
55
53
49
53
54
49
50
44
47
46
41
51
37
59
47
53
44
48
49
51
60
46
48
48
49
57
58
49
52
52
48
46
53
45
58
55
46
44
55
49
46
56
58
49
52
48
49
40
47
46
47
59
54
53
51
45
45
46
44
54
38
49
48
45
45
50
58
50
53
51
55
49
56
55
51
51
61
46
48
46
53
49
48
50
57
48
42
57
49
42
40
51
41
55
56
46
56
41
46
54
56
40
50
48
56
46
52
52
48
59
57
52
48
55
38
51
53
46
52
49
54
57
57
47
49
48
51
48
51
44
45
46
52
46
45
43
49
54
47
45
55
48
47
50
45
53
43
45
50
52
54
60
60
57
44
48
47
48
41
54
56
53
52
56
43
45
48
60
47
48
44
47
53
50
56
56
50
45
52
47
59
50
53
45
52
58
47
51
47
50
52
58
46
60
51
52
36
47
50
57
49
49
47
48
49
48
48
53
51
52
52
49
52
60
58
47
50
51
55
49
59
51
45
49
55
52
49
48
48
54
40
49
44
44
53
52
48
45
57
56
48
54
56
54
49
50
52
51
52
51
57
56
52
43
46
59
59
56
39
44
49
49
53
55
51
49
45
45
43
52
60
45
46
55
50
41
44
49
56
55
55
54
48
51
45
50
59
48
59
47
62
50
49
39
52
49
46
48
58
52
56
50
57
59
46
45
58
52
52
52
46
46
48
42
47
53
55
47
39
41
43
41
45
45
51
51
48
52
52
51
45
48
57
52
45
50
46
50
46
53
44
46
48
50
47
50
50
38
52
42
48
53
51
52
47
42
55
50
49
50
45
51
52
52
53
51
57
54
61
53
48
57
48
54
52
45
51
58
55
55
55
51
57
56
49
38
51
60
54
55
39
53
52
44
52
51
48
55
43
52
45
40
52
51
51
43
48
41
50
52
55
56
52
44
52
54
50
51
51
43
50
53
44
42
61
55
50
41
41
44
