29
43
48
57
43
63
51
62
45
68
46
48
65
43
45
47
48
46
41
56
40
71
57
57
34
52
45
79
69
47
55
60
75
39
60
33
44
59
40
45
48
52
49
49
57
49
54
61
45
51
58
65
57
38
34
46
57
70
41
49
54
65
43
50
41
51
58
52
56
45
51
52
50
60
48
38
69
68
80
53
38
39
55
43
59
62
54
56
50
51
54
39
55
37
42
57
48
55
59
47
53
65
61
57
35
45
65
44
57
62
68
55
48
46
40
50
53
54
44
45
45
53
51
59
43
56
49
52
52
65
63
56
53
58
63
47
32
65
45
51
45
50
46
58
40
62
69
49
57
52
63
43
61
64
50
31
66
54
41
50
45
43
51
54
47
49
30
59
49
57
60
48
54
64
62
47
47
73
43
61
49
52
48
67
41
77
51
58
57
45
53
45
66
56
54
62
74
50
43
47
56
51
39
51
62
43
73
34
51
56
69
37
59
66
56
55
54
48
53
71
52
49
50
49
54
41
29
40
60
39
52
53
60
55
53
36
51
35
45
57
66
29
50
38
41
62
65
52
51
58
37
53
56
48
41
49
54
52
56
58
45
52
47
59
54
50
48
55
47
52
59
51
45
60
50
40
42
51
52
43
49
52
52
46
56
52
39
49
54
50
61
49
50
52
40
56
56
60
43
44
48
52
48
53
44
40
46
54
49
59
43
57
40
56
42
47
50
51
58
44
48
49
52
50
48
58
47
48
53
53
51
51
50
49
51
44
53
43
51
53
46
54
49
55
46
45
46
47
44
46
52
50
52
59
48
48
41
49
67
50
50
55
53
46
58
53
52
50
52
49
47
55
51
54
48
49
48
58
49
37
54
55
53
48
55
50
52
48
43
49
54
54
47
47
45
52
47
50
41
52
53
51
45
49
46
49
45
48
51
64
54
41
46
54
50
48
46
45
46
53
47
44
60
45
44
54
48
46
54
55
49
43
44
49
61
48
46
49
45
50
55
50
52
56
46
53
53
52
54
47
53
53
53
51
46
58
50
52
37
60
47
38
48
52
42
46
49
60
58
58
46
60
52
51
58
43
42
52
45
49
46
49
45
49
49
53
50
50
44
43
59
45
41
44
41
53
53
47
51
45
