29
32
48
63
47
38
31
52
27
53
53
32
32
42
46
45
25
53
29
43
53
31
31
39
35
16
65
53
22
38
60
30
19
48
36
61
27
44
42
54
40
26
49
33
31
52
52
60
58
52
61
34
61
30
52
35
57
39
26
44
26
42
31
35
32
45
21
52
39
48
47
45
49
32
50
63
46
50
56
27
31
19
63
27
46
38
54
53
70
45
52
41
59
48
55
49
56
39
51
64
50
46
30
46
39
26
32
37
44
51
14
39
45
30
65
34
52
60
45
39
29
28
35
25
55
64
39
45
31
42
31
58
52
44
40
56
22
32
45
45
37
55
37
30
35
53
32
48
54
27
31
34
31
63
59
39
39
50
34
12
45
44
46
46
54
53
53
49
36
40
48
55
52
39
50
55
19
37
24
21
37
51
49
47
26
33
22
55
21
11
52
57
38
25
56
34
34
38
24
52
45
62
56
48
56
58
31
37
31
55
38
59
27
47
32
50
47
34
59
28
39
36
52
31
59
44
61
47
49
29
29
35
39
37
53
53
61
17
41
54
42
40
42
31
42
50
32
52
24
48
44
41
48
53
26
32
40
20
47
22
46
55
45
39
37
35
37
23
42
52
49
30
17
40
26
37
37
58
37
48
60
46
27
48
57
58
35
44
38
57
39
51
28
50
48
51
37
50
41
32
25
32
55
49
45
46
34
57
59
49
30
25
42
27
46
43
51
42
23
16
32
49
23
34
31
43
27
62
31
52
49
36
59
55
19
38
60
41
33
41
36
48
52
52
41
33
50
23
57
53
48
34
27
39
45
54
35
12
51
40
53
38
46
43
43
50
44
35
30
53
51
45
42
40
47
29
43
38
43
32
34
31
38
53
36
44
52
49
57
56
51
53
49
23
29
39
48
64
38
30
36
57
38
55
51
34
45
54
49
50
46
39
44
62
32
22
48
17
21
39
49
30
54
42
48
29
56
28
23
44
43
34
29
36
47
36
38
50
49
34
45
16
47
46
29
57
30
41
55
32
37
34
50
40
8
43
49
34
16
53
56
33
43
38
41
42
35
38
55
56
34
53
30
38
62
33
36
37
47
72
35
55
35
24
25
39
49
41
56
37
64
51
40
58
31
38
15
54
32
53
