22
53
24
30
40
31
40
31
34
61
35
51
44
38
51
58
27
49
28
43
38
52
33
38
51
55
58
43
40
35
47
28
37
25
41
52
49
31
52
26
45
36
61
54
50
46
41
44
41
49
41
42
43
26
60
50
48
39
47
30
54
55
25
38
30
39
26
30
16
35
50
46
24
49
39
31
5
42
50
56
26
34
57
53
56
50
53
41
50
35
31
51
55
60
51
48
48
64
53
58
26
52
49
45
38
40
33
30
46
38
30
62
58
38
56
35
34
40
38
35
25
24
47
24
40
57
60
54
35
32
38
39
58
24
29
47
34
32
29
39
53
39
24
31
32
47
45
42
39
46
44
65
48
58
62
49
37
35
36
31
30
52
47
51
23
16
41
52
54
35
52
51
66
54
48
49
60
43
55
37
32
16
40
52
40
51
52
40
33
40
48
42
40
54
43
42
33
62
40
47
54
47
32
48
46
14
58
33
48
60
32
47
54
63
57
27
58
41
35
42
53
53
27
45
45
24
63
46
56
55
36
38
32
42
50
46
50
38
66
29
48
45
68
60
24
52
40
32
39
39
25
50
42
55
51
22
39
35
54
42
32
60
34
47
36
50
57
45
36
30
57
41
59
41
41
59
26
37
34
30
34
27
55
56
41
38
40
42
41
60
34
32
50
46
38
32
19
26
61
34
43
22
25
35
41
42
28
46
55
48
43
48
26
41
64
49
45
43
58
34
38
40
53
57
26
20
37
27
38
48
43
31
55
45
62
36
54
60
45
30
51
30
30
39
25
27
43
55
27
31
54
26
28
68
49
31
33
37
46
52
37
45
45
46
35
46
38
42
29
58
59
13
52
50
27
39
45
51
18
33
31
57
42
40
48
48
47
56
28
64
40
24
43
38
23
32
47
20
53
41
68
35
51
37
39
56
60
46
40
60
49
52
51
30
59
39
29
52
42
35
58
51
49
18
42
53
37
41
47
35
36
34
31
52
58
37
29
38
53
28
51
50
33
44
53
59
45
42
27
32
50
31
54
32
27
49
52
53
31
57
52
31
68
36
35
59
51
51
48
37
50
24
49
22
32
36
39
28
43
28
59
43
44
40
51
50
28
43
22
53
62
50
33
43
49
50
31
31
17
27
