43
45
34
34
26
52
34
29
45
29
48
47
26
49
30
38
37
46
26
42
44
54
58
39
46
47
50
45
31
31
48
26
48
47
28
30
51
45
55
48
46
32
25
22
52
35
56
40
23
45
64
63
51
24
43
52
49
39
51
46
33
35
46
52
52
25
35
49
39
48
35
52
55
53
29
22
50
38
46
48
33
59
45
37
33
47
50
50
35
33
35
28
38
56
24
45
43
67
33
16
25
43
59
43
38
52
58
21
54
28
35
24
52
59
55
32
49
43
32
26
43
67
50
25
49
45
40
52
47
52
14
32
54
24
14
49
28
37
62
49
49
36
53
52
56
52
37
46
34
58
49
47
59
36
41
57
25
45
44
39
49
44
52
35
42
13
29
65
53
22
60
58
36
60
51
18
58
40
54
36
20
36
56
48
34
73
39
47
52
50
56
40
47
63
49
45
38
50
52
56
34
55
28
39
38
32
40
31
39
37
31
35
38
39
43
29
51
37
27
58
31
53
44
51
51
46
47
28
45
33
40
51
33
29
47
34
38
50
23
57
51
27
48
51
34
35
39
44
55
41
50
43
57
45
29
54
56
47
42
49
54
48
51
56
69
50
36
44
37
51
35
45
48
51
38
68
32
46
45
51
50
27
52
44
52
33
49
54
46
27
33
43
57
28
40
29
41
59
31
31
57
47
33
49
32
27
22
55
42
36
54
17
43
47
35
48
43
27
34
54
58
34
34
39
37
21
32
70
47
53
65
43
31
33
22
32
52
52
61
44
39
24
24
58
54
51
30
47
40
17
24
51
51
46
31
21
28
27
63
31
58
48
40
27
47
47
54
48
60
32
64
30
48
55
55
42
39
34
32
56
48
33
38
36
29
57
54
62
45
58
26
50
26
47
66
28
57
55
53
54
52
16
23
19
54
57
22
32
53
45
58
55
30
55
39
34
38
21
47
34
42
48
46
35
62
33
22
24
36
44
48
34
59
27
56
43
62
45
37
45
46
46
41
24
39
50
32
48
49
39
57
42
63
37
35
40
42
44
53
78
26
48
39
50
60
36
42
49
17
55
34
47
51
32
36
22
47
35
39
41
49
25
48
53
61
44
45
47
40
33
45
34
57
50
41
22
43
33
48
54
