51
59
48
50
63
34
35
39
45
49
33
48
35
48
41
52
51
51
46
44
29
44
33
42
37
44
47
53
52
52
27
51
55
38
51
53
30
40
38
49
43
41
41
50
46
37
29
43
36
27
33
34
56
37
32
59
48
54
34
28
29
21
37
30
40
32
47
55
42
37
54
41
52
53
50
29
51
51
41
64
30
36
32
52
43
28
18
30
62
58
28
43
47
28
39
49
36
49
47
58
28
38
50
68
35
29
41
30
55
51
28
58
50
38
58
29
58
57
46
51
38
38
29
51
52
59
63
60
57
48
53
42
28
55
33
31
56
35
34
33
49
39
55
53
26
30
41
42
51
41
40
49
35
56
37
41
39
34
80
54
52
49
41
36
50
33
55
22
38
42
67
59
26
30
53
29
36
34
33
47
49
53
31
38
50
64
50
30
23
55
35
68
52
54
31
31
28
23
28
38
44
66
28
39
35
52
48
34
52
47
46
46
29
51
52
41
36
34
64
42
50
27
48
56
39
51
44
55
48
38
53
55
39
31
54
36
52
23
52
58
34
54
42
48
28
32
54
40
52
34
46
40
47
40
36
33
53
33
33
25
55
52
40
50
53
37
19
15
56
48
57
46
55
40
35
52
41
44
55
45
36
42
42
51
17
51
29
36
44
23
19
48
50
30
24
48
37
61
33
31
52
45
51
37
55
53
37
35
55
50
49
33
41
57
35
32
33
47
37
42
35
29
53
54
36
48
60
48
31
47
41
30
53
49
47
42
48
55
53
26
33
52
45
45
40
48
49
50
48
49
32
62
59
53
51
23
72
43
30
31
70
40
60
37
47
47
38
56
42
36
33
26
48
60
50
22
33
38
31
50
40
33
54
48
65
30
51
31
43
33
53
52
28
43
42
58
70
37
45
56
22
32
43
49
57
50
52
36
44
41
38
44
37
44
56
36
34
50
60
29
57
48
24
56
52
37
32
55
46
50
51
39
52
43
44
59
44
32
53
47
40
53
49
57
50
37
48
58
52
28
46
31
49
42
52
47
42
51
38
39
50
47
44
49
47
48
25
16
49
26
41
42
38
28
22
37
16
60
42
52
62
48
50
15
52
21
53
38
32
47
52
49
34
51
51
42
46
23
33
55
