35
47
36
47
36
45
57
57
52
37
24
62
45
57
46
43
39
52
49
45
46
33
28
59
48
27
58
50
29
42
31
51
53
31
31
49
41
57
32
52
54
35
48
43
32
46
45
34
57
29
18
54
51
41
51
26
52
44
46
51
23
58
48
58
43
29
47
50
41
39
44
47
33
41
34
55
36
44
57
42
28
42
58
31
43
39
27
52
47
36
53
43
36
48
62
52
35
72
46
48
29
30
44
36
56
20
30
49
50
48
48
40
46
55
31
39
41
53
39
29
38
26
40
55
47
45
31
32
46
36
30
53
46
59
49
21
57
44
28
50
59
58
32
56
73
28
49
57
49
26
31
51
32
28
55
32
51
28
57
53
41
25
28
10
37
39
48
58
57
21
43
54
55
57
53
34
43
35
39
31
47
41
55
33
30
43
48
37
34
55
57
61
33
44
42
29
32
53
44
44
46
40
48
50
35
54
61
49
30
29
38
51
57
47
34
35
61
66
45
53
31
51
49
32
72
31
28
38
44
49
37
28
60
40
32
54
58
55
30
49
45
41
29
50
34
56
59
55
45
31
35
45
38
52
45
50
32
34
59
59
48
35
41
37
47
62
34
34
48
31
49
31
51
28
33
46
36
49
47
38
46
48
55
48
30
38
44
57
39
36
31
45
52
44
34
23
38
50
42
58
31
50
31
31
50
45
28
48
35
27
40
20
29
37
37
29
47
48
53
50
24
9
26
53
33
19
34
53
39
25
61
60
21
52
47
57
65
42
50
52
52
33
46
57
44
46
37
44
41
37
50
59
54
43
29
47
60
37
28
53
30
50
52
53
55
34
36
52
44
12
29
37
49
56
56
27
52
40
31
66
38
43
56
49
48
18
31
39
63
39
51
24
46
51
50
28
33
48
50
54
67
51
58
23
30
48
28
38
14
47
48
49
49
52
45
57
50
56
34
47
34
53
36
20
38
37
44
45
47
50
47
34
55
30
53
59
60
58
35
45
57
47
43
49
54
28
49
42
48
51
38
51
59
54
46
39
37
46
34
47
30
28
41
17
52
38
31
38
57
50
59
58
40
50
59
62
42
45
36
46
46
49
53
52
48
50
57
49
37
60
49
46
39
52
61
30
43
54
58
45
