53
48
31
31
31
43
13
42
32
43
47
29
20
49
21
49
49
32
51
42
35
62
53
39
65
44
38
38
47
46
53
23
51
54
38
54
23
39
37
41
63
47
16
39
51
43
45
43
46
58
58
47
25
64
49
37
28
61
76
51
60
47
60
51
38
25
50
51
38
48
51
45
32
29
36
32
30
40
50
38
29
60
42
29
60
20
52
45
53
39
19
67
42
61
43
56
51
21
33
23
23
50
45
47
45
35
42
46
29
24
42
38
49
49
54
39
38
42
42
32
53
46
49
57
50
50
36
36
29
57
31
49
40
40
46
25
46
44
48
47
41
36
60
36
50
63
60
28
45
58
26
23
26
55
39
54
54
31
30
36
21
42
54
37
34
38
27
37
58
50
34
56
45
45
25
31
49
35
58
30
33
41
52
17
50
40
21
54
48
46
38
30
55
57
39
16
39
27
49
48
29
24
46
29
43
23
15
44
38
47
33
50
50
51
34
29
43
57
25
33
57
63
47
53
50
62
41
49
46
31
53
37
43
31
40
51
60
30
45
43
31
41
49
53
39
45
25
55
64
50
49
51
30
60
21
41
39
45
46
49
41
23
38
57
55
44
52
36
29
46
43
44
65
47
28
48
41
56
47
33
48
32
30
39
18
51
35
37
33
48
45
47
24
54
39
38
36
60
36
52
53
22
31
22
40
33
47
31
59
46
56
55
56
28
54
42
32
43
42
42
57
53
39
35
56
56
38
40
42
53
62
49
5
53
38
57
49
34
29
17
32
37
53
49
23
30
49
29
42
70
52
27
44
32
52
20
59
53
42
45
55
27
62
58
49
49
47
47
48
39
38
34
39
49
37
36
31
44
49
47
52
52
47
15
28
44
57
67
53
36
34
17
32
45
59
53
62
35
39
27
52
64
50
44
47
51
41
40
53
55
31
58
53
50
39
36
58
25
52
49
33
39
41
50
63
23
25
49
28
48
52
58
32
44
27
32
53
38
60
59
28
39
43
32
64
53
41
29
33
48
29
46
58
48
50
29
28
41
51
52
56
44
36
50
41
32
36
55
49
43
46
31
34
27
19
37
45
54
45
59
33
39
48
31
18
32
48
36
75
60
53
33
11
53
32
55
27
45
42
35
