51
42
34
48
51
33
34
39
32
47
37
27
33
38
27
44
36
42
26
40
50
46
39
34
29
42
43
26
40
28
60
45
34
21
45
49
29
46
35
31
45
34
53
36
36
38
39
42
49
50
33
27
21
31
34
37
33
50
29
51
41
35
35
56
51
38
33
39
23
38
28
54
38
65
31
58
56
41
35
30
52
51
36
20
17
71
58
49
45
39
37
50
43
59
47
20
70
25
55
51
40
34
33
34
46
44
40
49
40
38
28
38
45
43
35
34
22
35
25
48
62
63
32
41
49
38
50
63
38
47
23
29
33
49
50
31
35
48
43
29
37
53
24
61
35
40
34
48
61
52
30
25
33
55
32
43
34
38
40
48
30
23
54
36
37
52
45
47
45
46
34
49
64
34
17
32
33
33
36
56
29
38
49
30
35
32
52
62
49
31
46
27
54
28
32
38
32
12
39
54
60
57
54
44
46
26
28
60
22
50
48
29
47
55
60
44
41
47
55
54
23
29
50
59
56
47
62
35
34
42
29
28
43
38
30
44
43
63
34
38
40
39
58
51
56
58
39
54
58
30
63
49
62
54
42
61
42
53
30
53
49
55
28
37
26
56
40
48
53
57
36
9
33
43
43
32
35
49
46
55
27
40
57
56
27
56
36
39
57
25
36
31
35
51
47
49
34
47
19
42
47
39
37
42
51
30
39
50
38
58
27
36
19
50
41
54
57
30
55
53
52
37
50
52
29
24
41
54
47
41
33
50
47
18
55
42
39
32
60
32
61
49
27
28
42
53
29
35
51
49
58
52
51
47
50
47
31
24
45
52
35
51
41
27
50
58
33
36
38
40
43
33
33
47
55
55
58
47
43
51
59
29
33
68
36
60
50
45
25
32
49
35
54
54
68
42
48
47
48
35
59
18
52
50
28
54
28
36
56
54
55
55
50
36
53
33
28
34
41
52
49
56
27
47
29
52
47
51
40
49
24
46
59
61
50
52
41
44
59
37
51
33
58
45
37
29
27
56
56
34
30
26
55
40
26
38
22
38
30
42
36
42
29
45
62
48
55
53
33
32
21
55
24
48
27
27
23
25
31
62
34
32
46
48
45
43
57
50
12
52
39
57
25
27
30
57
55
50
44
62
