56
29
42
47
59
48
47
51
52
42
28
32
29
51
28
34
48
60
53
33
16
44
34
49
56
60
41
28
43
40
37
21
39
36
37
55
39
48
50
32
42
38
30
31
40
35
50
59
52
23
43
40
48
40
58
32
53
54
34
36
24
47
33
51
53
47
45
51
69
38
44
35
37
31
46
17
47
54
31
52
43
46
33
20
14
42
33
49
53
48
40
17
25
33
44
43
37
54
55
46
42
47
36
24
27
40
35
61
33
35
40
45
44
51
48
30
39
48
40
44
29
36
30
41
57
52
41
46
34
45
44
54
35
44
32
53
40
49
47
41
41
37
51
48
54
48
30
52
30
34
52
53
40
53
44
52
59
19
32
24
42
35
57
31
25
46
45
50
52
34
25
52
53
32
50
38
40
61
40
61
49
41
34
24
37
55
28
47
28
43
29
54
61
49
57
55
40
50
31
39
29
47
31
48
25
33
65
34
45
50
45
46
44
35
49
44
39
41
44
47
52
49
26
51
48
55
24
59
46
30
32
40
49
33
42
49
40
54
41
30
53
47
26
45
49
46
38
33
51
48
26
48
43
48
32
31
39
26
54
43
52
58
49
26
23
19
35
38
51
42
49
39
50
34
47
53
37
31
19
33
28
28
46
43
49
40
44
59
38
28
57
34
31
55
37
29
51
66
32
81
43
22
37
54
24
50
22
39
43
40
65
35
45
57
54
45
45
24
50
37
50
37
27
61
38
45
43
47
50
57
56
53
50
46
48
43
31
31
34
47
28
18
28
36
36
42
38
36
55
22
29
35
17
43
46
22
63
52
35
31
34
62
33
48
33
54
33
64
51
55
15
55
45
52
35
34
49
52
38
53
48
44
40
39
31
44
47
54
51
38
46
29
40
40
43
30
52
50
56
23
47
60
33
46
46
42
34
52
59
69
30
52
49
40
31
49
37
37
56
44
47
52
48
48
70
55
26
50
34
38
31
23
56
46
49
55
24
41
31
31
59
66
28
46
34
36
54
41
37
33
24
64
39
40
34
28
34
38
19
46
25
32
33
51
39
56
48
54
49
49
55
31
43
50
34
26
47
44
39
49
26
47
31
33
17
54
35
29
53
29
61
23
61
52
48
42
30
46
41
41
