50
51
45
25
57
45
55
21
44
38
28
53
31
42
52
28
50
32
54
44
44
23
43
46
42
31
57
45
37
42
32
59
37
46
69
39
27
28
50
43
34
13
38
57
59
55
33
36
57
53
23
39
50
36
57
34
31
54
38
43
43
55
33
58
40
40
47
27
49
60
36
57
36
39
47
58
39
50
35
40
36
48
18
62
38
58
44
54
39
27
32
30
52
58
67
50
54
34
57
53
55
57
20
56
36
46
48
51
36
50
41
31
42
28
39
59
30
52
34
35
35
46
62
37
49
19
58
34
44
46
51
54
55
34
48
50
45
51
48
37
23
33
53
47
55
27
53
52
57
43
28
45
31
49
63
44
57
41
26
59
46
47
48
38
59
33
45
53
51
51
38
28
64
43
23
47
53
57
63
49
31
14
32
50
18
29
38
34
54
32
45
47
49
40
30
42
55
30
34
44
59
41
50
41
52
50
50
54
50
53
53
49
29
32
53
32
65
48
43
44
58
22
66
33
25
46
52
32
43
41
37
37
41
60
40
43
31
41
65
52
24
36
42
27
41
52
36
54
55
28
59
43
40
47
49
42
37
61
32
38
32
49
47
42
51
58
34
34
62
21
39
33
54
38
53
41
52
49
50
45
50
36
46
41
38
44
30
24
50
40
40
54
31
49
43
33
54
22
41
47
53
23
36
13
41
49
48
40
48
56
57
34
52
62
35
36
60
40
34
59
31
28
57
67
33
35
46
64
26
48
43
56
52
53
53
50
44
33
42
54
30
22
56
51
50
36
52
28
29
36
50
42
55
54
42
67
24
27
22
39
44
36
48
51
40
34
49
44
30
21
32
55
43
27
30
46
51
45
28
61
38
59
54
46
59
48
54
40
69
53
60
55
27
34
41
38
57
29
35
45
56
57
36
26
28
41
27
31
47
46
33
51
22
48
57
34
46
34
53
47
28
37
54
45
49
17
44
38
27
36
59
23
53
58
32
38
47
77
39
64
41
64
47
27
36
28
37
53
30
34
47
37
26
41
43
44
35
63
49
36
14
28
53
47
43
36
44
35
35
24
70
48
42
57
52
48
59
34
53
63
43
52
45
38
30
56
57
34
29
36
40
40
57
45
56
33
48
42
48
49
