30
24
35
57
50
51
33
51
47
41
38
36
52
46
45
43
30
30
38
56
19
36
25
56
22
40
36
50
47
31
45
60
25
39
25
48
64
27
52
32
53
31
40
54
29
48
31
48
63
31
53
52
52
44
50
19
52
30
56
28
53
35
56
43
29
40
59
30
44
37
37
51
50
35
26
16
37
37
60
65
46
53
33
49
47
60
50
45
29
56
43
31
42
28
53
32
41
34
28
44
54
28
41
44
50
43
48
48
31
55
36
39
24
39
61
49
46
50
49
28
44
32
71
45
51
31
56
52
41
32
48
29
29
24
45
49
36
47
41
49
46
57
30
51
51
60
54
46
43
48
48
37
48
28
27
35
45
37
35
54
48
20
30
47
52
41
57
52
46
35
36
32
47
27
40
49
39
49
40
52
37
36
17
54
53
33
34
36
23
58
44
61
48
47
56
45
59
32
43
29
35
36
51
33
49
54
36
42
51
39
61
32
49
29
34
37
47
38
34
50
35
29
56
60
33
51
31
29
55
20
55
46
33
52
43
57
30
50
58
53
41
41
49
54
48
46
35
33
33
50
62
40
56
58
36
40
52
41
55
29
37
33
39
48
43
45
33
32
27
60
40
54
15
45
62
45
30
55
38
35
52
25
36
42
29
32
58
55
52
50
22
52
28
33
35
17
50
22
54
32
33
46
51
30
48
53
33
48
35
33
36
60
34
45
55
44
47
44
30
29
48
48
30
51
51
50
36
42
56
51
50
52
29
41
35
58
43
39
42
58
46
33
37
47
52
40
49
28
33
57
50
30
30
25
27
46
37
45
35
47
51
45
63
58
50
23
42
48
29
35
51
28
47
48
50
64
51
33
45
52
47
32
31
45
32
26
54
33
43
29
43
30
29
32
34
24
36
36
28
20
38
18
35
37
16
27
38
39
47
53
34
28
26
31
50
46
44
57
41
45
40
52
35
30
45
56
28
43
43
28
29
34
31
52
48
43
27
50
40
48
22
60
52
28
32
24
51
53
19
47
34
37
37
50
40
39
30
52
61
46
21
37
33
44
50
53
28
58
52
32
21
61
34
32
41
32
27
38
53
44
14
58
47
45
41
55
43
43
52
50
29
49
55
25
50
38
59
53
39
54
