52
50
22
47
34
24
46
55
19
32
45
44
52
34
54
39
51
44
59
59
36
36
31
48
34
30
39
36
36
51
27
44
21
30
56
42
48
27
48
55
57
30
25
35
40
34
36
50
32
69
53
56
46
26
51
29
37
53
60
36
42
50
29
48
19
41
49
17
62
37
54
36
39
35
44
31
31
49
50
49
32
30
33
34
47
56
47
40
40
43
55
38
45
35
53
32
43
55
49
41
57
40
36
49
46
44
55
38
35
33
47
29
27
27
67
45
21
18
8
28
33
36
37
56
45
39
30
31
57
38
62
49
53
37
41
61
31
57
58
34
45
34
74
32
47
40
31
51
43
51
53
49
57
49
31
36
51
38
45
38
19
33
54
25
36
45
41
33
48
56
34
35
36
36
23
42
39
50
33
29
35
38
49
45
63
27
42
45
48
28
44
43
30
44
54
50
33
49
28
50
60
68
55
30
32
36
36
36
32
24
30
19
37
56
43
31
38
43
42
58
48
42
44
32
39
43
42
65
54
47
32
14
37
24
42
36
37
55
64
28
25
59
29
52
52
39
24
25
30
34
56
36
48
54
42
55
64
52
46
35
36
40
51
22
34
30
33
43
40
45
53
37
52
44
41
34
57
27
30
51
48
50
46
39
38
47
53
48
20
55
59
22
22
40
52
54
54
31
48
37
33
16
65
40
35
30
54
41
45
38
24
37
52
50
33
38
13
53
32
41
52
30
31
37
42
30
30
56
53
36
68
54
43
43
55
46
31
50
45
60
16
52
33
65
51
53
54
20
42
36
48
45
34
60
40
29
47
29
32
52
52
49
44
44
55
30
56
53
34
32
32
41
52
39
50
26
33
39
33
58
51
50
35
41
28
49
48
56
22
51
40
25
57
31
38
18
48
41
45
41
54
45
54
25
45
41
23
42
36
43
47
48
48
43
49
60
44
31
54
32
39
44
36
41
56
56
29
31
45
34
44
36
39
46
49
53
52
54
57
54
33
30
51
32
48
26
58
32
74
37
57
57
47
31
48
35
30
38
29
31
46
42
26
39
31
43
36
52
43
45
35
32
41
41
38
60
42
50
50
53
49
55
41
58
52
59
25
54
32
42
58
44
38
32
46
56
58
56
60
31
