44
55
55
48
13
43
35
55
38
61
69
37
39
40
34
54
12
31
40
41
43
41
48
29
32
48
52
30
56
33
42
40
41
32
39
31
28
46
38
40
26
38
41
42
46
35
45
57
43
29
47
28
57
48
48
25
45
48
53
49
25
33
28
31
34
36
42
67
38
35
48
45
52
36
55
26
32
58
33
32
47
26
27
23
29
24
48
26
56
26
49
36
34
52
49
31
22
59
44
41
32
32
50
49
31
53
34
59
57
53
31
33
40
50
54
27
37
45
34
28
31
52
26
25
47
30
27
50
45
50
55
53
34
36
42
62
39
20
10
46
50
26
41
27
53
42
52
38
8
39
29
42
52
37
50
54
47
45
18
41
58
47
38
43
35
40
32
57
45
28
52
48
31
55
55
38
46
38
25
28
40
25
52
29
56
33
41
40
47
62
32
38
37
52
29
11
22
25
50
53
32
34
34
45
56
57
44
27
34
72
23
44
57
48
49
51
68
58
56
53
47
47
52
49
53
45
45
57
36
31
54
31
43
49
51
39
57
48
59
60
33
28
36
26
38
72
48
48
43
37
9
35
26
54
56
40
47
49
44
53
39
45
49
48
23
55
44
42
33
49
46
54
25
49
67
40
58
42
50
60
53
14
60
55
48
48
47
57
51
53
55
24
50
40
41
46
52
29
53
49
52
41
53
49
45
44
33
34
43
24
9
53
52
55
38
45
56
41
52
41
28
43
29
66
50
41
24
40
47
46
41
56
38
44
37
48
48
40
42
25
56
26
36
42
51
35
54
37
43
22
47
43
34
54
21
40
40
65
34
62
64
29
47
30
16
33
49
44
34
33
56
56
37
48
34
25
49
43
29
55
30
40
64
47
34
45
49
31
59
48
62
36
54
60
16
61
54
30
49
50
38
39
69
30
39
35
38
47
29
25
53
53
48
28
52
29
18
35
36
30
51
36
51
31
29
47
61
29
36
20
50
33
29
57
43
62
57
43
29
37
48
38
32
36
34
38
47
29
29
27
53
37
30
31
25
30
18
42
35
25
40
52
58
36
46
50
47
46
37
60
35
21
49
42
34
30
47
27
43
32
31
66
31
48
50
23
35
29
22
50
43
34
34
61
32
44
53
27
37
34
