52
48
44
49
27
36
56
59
37
35
28
32
53
50
33
21
49
50
43
34
30
59
38
47
31
41
47
31
36
33
25
30
31
44
58
37
48
38
39
23
40
41
39
35
32
51
46
33
34
56
29
51
51
60
65
43
31
42
49
42
37
32
59
57
29
48
41
51
49
21
34
50
41
55
60
66
57
52
57
32
53
33
46
50
46
48
41
34
32
38
50
24
48
45
33
41
47
60
39
39
51
40
52
48
24
50
31
33
48
52
19
54
32
49
53
36
53
44
40
49
37
34
12
49
53
43
53
41
42
50
47
41
53
46
60
48
24
58
38
51
32
28
52
55
41
37
52
47
28
49
43
51
21
31
38
21
33
29
34
52
29
63
44
55
23
51
53
45
38
49
55
54
49
57
50
47
48
25
58
41
59
36
47
34
45
43
36
54
27
47
37
38
50
35
48
58
63
22
54
40
33
51
28
41
53
56
47
29
50
46
55
63
31
37
25
43
47
40
34
52
24
54
41
36
35
40
31
62
22
49
37
16
55
50
50
59
31
51
50
40
29
51
53
28
39
54
43
54
41
40
58
36
54
49
44
52
34
37
46
29
22
56
44
42
60
36
34
42
33
61
46
39
49
46
61
35
28
32
34
36
35
58
50
33
17
34
34
49
35
29
48
32
48
48
9
50
25
59
51
38
35
37
33
51
50
41
39
63
46
52
27
19
44
36
50
34
48
36
62
30
16
45
41
43
46
51
43
55
52
54
59
30
42
59
32
52
32
25
51
33
33
48
31
55
57
26
50
36
26
33
42
59
50
44
27
53
52
49
39
18
58
49
44
45
32
53
34
46
56
36
54
40
35
41
52
16
35
53
26
42
48
35
47
55
52
28
54
53
35
51
53
45
36
32
25
23
28
46
39
55
33
40
27
42
50
25
62
20
54
22
34
28
50
36
39
66
53
49
32
38
53
44
38
49
42
46
54
40
55
35
14
38
43
19
51
24
26
60
55
49
47
47
34
30
29
31
25
58
54
58
34
37
51
45
63
60
33
33
40
38
31
56
78
51
53
57
55
34
35
39
54
40
55
54
52
38
40
50
52
40
56
36
43
24
48
52
40
51
40
40
46
30
55
31
47
50
53
24
38
25
