17
61
26
49
45
56
52
38
53
50
35
70
49
23
21
61
53
42
21
54
48
57
57
58
27
53
54
44
50
48
53
50
44
13
47
33
34
46
48
36
39
46
37
34
40
35
31
38
51
35
64
47
31
56
27
29
35
58
49
65
37
48
41
35
23
46
31
34
58
38
49
34
39
56
48
67
33
30
23
44
33
28
34
18
51
40
26
39
22
49
33
49
73
53
55
26
33
36
45
55
73
48
27
62
45
28
55
32
42
43
48
41
48
68
48
34
26
31
41
35
48
33
30
57
51
66
44
32
53
55
27
34
36
58
38
41
33
39
46
33
49
51
39
48
55
56
45
60
61
34
32
38
44
45
45
61
34
47
49
54
49
37
45
34
24
25
44
49
36
48
37
33
30
35
59
61
62
40
48
56
57
51
35
32
58
51
50
43
45
59
51
46
51
38
12
51
49
25
51
45
56
50
50
45
45
49
26
35
34
57
27
30
57
52
35
43
57
37
25
36
22
42
41
52
54
55
51
37
60
63
36
32
45
45
35
47
24
36
46
61
46
53
39
53
46
67
50
41
54
65
53
57
51
59
39
35
59
52
56
51
49
45
32
52
47
24
50
45
49
44
40
48
24
23
53
48
43
25
41
46
27
58
42
59
42
50
54
47
36
25
45
32
46
50
36
29
34
37
34
47
48
49
35
34
53
26
41
53
52
36
58
56
52
48
59
20
52
45
49
35
29
48
43
30
43
33
35
16
31
32
34
29
34
41
45
21
46
49
40
49
52
56
31
36
38
48
26
28
54
41
57
54
35
52
44
32
52
48
32
30
52
38
34
39
37
67
28
37
37
28
51
54
43
56
35
37
51
53
31
21
41
50
29
45
57
45
55
40
31
43
51
30
31
54
28
38
9
50
34
49
53
53
55
39
31
32
42
44
53
56
33
52
28
38
40
37
61
35
41
42
30
38
39
46
58
31
37
47
54
29
25
37
38
43
50
31
54
28
32
33
47
58
39
37
48
36
23
47
37
46
27
35
52
44
48
73
39
58
33
49
37
49
33
40
25
44
49
44
43
57
54
24
49
25
33
42
32
48
37
59
16
45
40
54
49
54
41
36
51
35
36
46
51
47
35
31
60
44
51
31
