55
49
18
45
38
45
34
60
36
47
57
47
27
49
39
47
32
48
47
46
46
45
36
46
37
47
62
46
22
50
24
38
45
44
44
35
44
28
48
50
26
54
34
68
53
30
47
65
20
34
51
39
51
36
51
35
52
44
60
52
20
43
23
53
52
20
33
29
37
36
57
38
34
30
34
35
36
51
28
47
25
54
49
42
50
19
37
28
53
40
40
57
24
25
71
43
33
43
48
45
49
49
35
49
27
37
54
57
64
48
29
55
48
48
28
54
52
48
38
14
32
45
52
45
35
34
45
40
30
57
34
30
34
41
53
22
23
65
16
54
53
27
37
50
40
26
59
32
36
63
34
50
46
41
60
46
28
38
26
38
46
63
25
53
49
52
51
44
33
54
52
40
39
25
61
63
22
40
44
40
46
42
57
26
51
66
32
40
31
49
28
32
45
47
48
53
21
49
64
34
48
50
36
29
26
41
43
57
58
35
49
55
36
31
52
54
55
56
32
36
49
50
51
53
43
42
49
47
49
49
23
77
36
53
23
51
49
39
64
35
37
42
37
43
27
61
49
62
17
70
36
26
33
36
52
34
30
58
48
53
48
50
18
45
48
55
28
49
57
30
36
24
36
27
23
36
27
54
52
56
48
52
52
49
57
41
56
61
57
50
31
65
20
26
56
33
47
38
26
62
20
38
47
33
34
43
37
34
33
44
34
60
47
37
62
41
65
47
44
37
37
60
40
35
69
35
31
46
50
19
26
50
37
61
33
40
28
51
43
36
57
58
54
50
53
34
38
49
31
41
47
35
18
36
52
49
37
50
51
12
57
38
62
64
45
48
50
30
58
53
30
60
53
46
45
54
58
67
42
45
30
53
35
62
23
48
39
48
45
39
56
38
37
48
25
45
23
51
9
28
48
40
39
38
49
57
32
51
57
53
32
54
29
50
44
29
25
32
46
63
55
75
62
27
53
30
50
60
29
30
28
29
54
37
45
52
31
28
49
36
37
32
51
53
31
47
43
54
20
48
31
7
51
34
36
50
29
51
19
49
56
36
67
53
26
36
56
17
56
50
32
52
29
35
34
52
49
34
31
42
61
40
43
23
30
28
45
39
63
35
27
34
26
35
33
40
57
50
36
62
