26
43
36
43
53
47
56
21
38
54
50
50
54
43
25
24
42
46
53
56
45
23
33
32
45
49
41
56
28
50
36
51
26
55
47
56
29
37
50
71
31
51
48
38
41
51
47
31
26
30
50
19
49
57
34
29
49
61
38
62
36
39
48
48
31
29
50
45
41
34
47
41
49
43
56
55
40
39
52
36
59
56
32
40
37
34
29
35
29
59
56
52
44
35
48
47
24
42
48
59
50
35
38
48
50
66
63
39
34
45
40
57
37
48
58
35
45
52
23
29
62
44
50
40
51
54
69
55
51
46
49
51
55
65
40
30
57
50
25
25
43
56
39
27
31
50
34
48
26
64
31
49
64
32
48
38
20
49
57
26
55
41
19
55
61
64
51
45
41
50
27
30
42
30
34
42
48
34
29
33
51
30
54
55
60
30
54
46
60
46
67
27
62
39
36
9
57
50
24
55
35
49
32
32
53
46
32
54
45
48
45
25
26
52
63
46
55
55
52
54
27
62
34
41
31
22
42
54
34
49
56
20
54
49
44
43
46
53
47
30
36
31
50
44
53
41
22
31
37
43
53
55
58
48
47
71
32
53
34
21
45
50
54
20
37
38
49
60
41
58
39
44
56
30
33
57
52
28
50
28
24
50
54
39
30
29
52
18
64
45
48
49
47
46
52
36
52
58
32
34
33
47
52
38
63
49
44
28
62
45
57
48
36
45
27
62
52
52
40
37
60
56
22
51
57
40
53
58
37
49
22
51
40
63
53
34
48
46
44
26
42
37
52
63
14
27
61
58
52
35
51
32
29
32
52
36
29
29
48
63
57
49
37
25
50
72
45
29
31
51
38
39
65
32
47
58
54
37
43
43
59
47
48
61
52
44
54
55
56
31
56
19
50
19
57
49
30
46
41
52
27
48
48
40
63
57
45
32
33
40
50
51
28
35
37
44
36
45
53
67
64
49
31
50
81
28
34
35
26
48
41
38
34
54
51
69
52
57
26
50
39
51
57
34
37
16
31
33
30
21
37
36
49
42
52
32
61
32
49
37
36
28
32
47
38
51
35
44
42
50
35
53
33
49
28
57
48
22
36
56
47
32
76
25
42
41
35
53
59
56
11
47
20
43
37
52
56
34
25
26
