31
58
56
24
50
55
36
33
51
48
47
48
48
49
59
32
42
29
16
47
59
43
36
67
38
58
55
46
36
29
28
50
26
22
52
38
36
42
50
56
31
49
39
32
37
58
62
37
56
44
55
55
31
27
42
26
33
29
61
51
53
58
30
17
59
50
26
29
63
48
37
29
44
37
40
39
48
35
44
37
27
64
50
32
37
40
42
38
51
24
44
33
44
53
36
36
55
43
46
30
58
51
51
59
30
68
21
54
49
35
39
40
14
32
33
41
48
35
49
39
15
51
36
35
40
48
45
61
55
56
45
49
31
58
29
28
50
41
32
50
40
42
33
45
47
57
33
41
42
23
51
33
59
45
48
24
54
22
45
46
30
51
53
48
47
46
52
25
60
29
43
41
46
21
25
61
40
53
59
53
30
49
47
42
58
33
25
60
50
44
31
48
41
36
18
24
37
51
31
39
43
45
52
40
32
47
26
40
56
33
25
29
37
45
62
52
54
43
51
43
35
51
29
34
46
21
39
48
22
46
54
30
56
49
52
55
26
27
27
70
62
24
53
49
47
45
50
41
38
62
29
37
29
57
36
58
38
30
49
60
35
59
54
67
38
50
50
34
57
28
49
47
36
50
31
34
30
23
39
28
52
53
72
34
27
58
41
55
48
33
26
36
31
26
27
58
59
48
45
39
53
16
24
67
53
48
34
69
52
35
55
22
33
55
53
42
48
36
61
34
22
48
42
63
36
22
30
31
28
35
53
35
48
44
43
48
23
25
16
48
62
40
45
52
48
53
42
60
35
28
58
31
45
56
62
43
47
42
44
57
64
50
51
53
41
29
21
49
53
34
54
34
33
41
53
21
44
51
43
45
35
32
23
50
49
51
32
48
52
39
27
16
58
48
27
41
39
31
41
16
43
28
50
17
41
43
33
35
55
53
48
56
23
54
51
36
51
57
47
29
63
59
55
49
47
69
45
32
59
48
61
40
56
33
51
41
35
60
58
52
54
16
55
29
30
59
49
33
49
53
34
49
60
33
46
44
53
22
45
34
42
28
20
48
50
38
34
40
46
35
32
46
46
50
34
34
23
58
36
21
55
39
33
49
30
56
49
44
38
34
25
43
41
63
41
54
64
33
57
40
