52
47
31
46
34
30
55
45
36
36
44
52
54
27
51
44
44
59
59
48
39
21
30
51
27
48
56
30
25
42
35
34
36
32
48
55
57
26
37
40
50
36
29
19
69
41
17
53
37
56
46
51
29
35
53
60
31
42
50
31
48
49
50
62
32
30
54
33
36
34
39
44
49
40
49
38
35
47
32
56
43
41
36
46
47
40
43
44
55
45
53
38
55
35
49
33
27
57
40
27
49
55
21
47
18
8
29
28
36
39
67
45
30
31
33
37
38
37
31
34
56
31
45
57
62
51
36
38
49
45
53
41
61
19
57
58
33
45
34
25
74
32
47
40
51
43
36
53
49
57
49
31
51
38
54
41
45
33
34
48
35
36
56
36
23
42
39
33
50
49
29
35
38
45
27
63
42
45
28
44
30
44
48
33
43
30
32
54
50
36
36
49
36
24
28
50
30
60
68
55
32
56
43
19
37
31
38
43
58
42
32
39
54
48
42
32
14
37
24
44
43
42
65
36
37
47
42
55
28
64
25
29
39
24
59
25
30
52
52
34
35
56
36
48
54
36
22
34
30
33
42
55
64
52
46
40
51
43
40
37
45
53
52
44
34
27
30
41
57
51
48
20
50
22
46
22
39
54
31
38
47
53
48
55
59
40
52
54
37
48
65
33
16
40
41
35
45
30
38
54
24
37
52
50
33
38
13
53
52
42
32
41
56
53
30
31
37
68
30
30
54
36
43
43
55
46
31
50
45
16
60
52
33
20
65
42
36
51
53
54
34
48
45
60
40
47
52
29
29
32
52
49
30
44
44
34
55
32
32
56
53
41
52
50
39
39
58
51
26
33
33
49
56
25
57
50
35
45
41
41
54
28
48
22
45
45
51
42
40
31
38
47
48
18
48
41
54
25
48
49
60
44
41
23
54
36
43
44
43
31
56
56
45
32
39
46
49
39
53
52
36
54
41
29
57
54
31
34
51
44
36
33
48
58
74
57
57
47
48
38
30
32
46
26
43
32
52
37
43
31
45
32
60
35
50
30
29
50
31
42
53
26
39
31
36
49
35
55
41
58
41
59
41
38
42
54
52
42
58
44
56
58
56
60
25
50
32
45
38
48
46
42
50
32
46
50
42
51
52
31
