31
34
44
56
58
49
39
66
34
36
54
31
53
54
41
33
38
68
52
49
32
41
47
26
54
33
52
33
61
17
59
26
31
64
53
37
53
55
45
38
38
31
38
31
49
50
55
19
34
45
49
44
44
22
65
50
41
54
50
28
51
39
51
50
48
36
27
56
42
36
43
23
32
26
45
49
48
45
63
44
43
43
36
43
51
63
50
42
27
35
49
58
49
53
55
37
48
36
36
50
37
32
56
26
38
25
54
52
42
58
31
33
50
70
61
64
50
60
57
35
54
58
47
28
49
66
47
24
34
46
48
45
38
53
45
44
53
37
37
31
36
38
34
36
48
25
53
24
45
35
42
24
28
48
45
18
54
62
25
55
22
47
49
56
37
48
57
44
22
46
30
24
43
59
26
68
58
47
56
50
55
48
14
62
58
35
35
38
62
57
35
33
40
56
33
53
58
47
46
31
64
51
48
40
48
52
52
20
28
41
46
49
61
37
48
49
62
43
48
52
35
49
57
53
47
48
57
24
48
29
37
35
50
68
51
46
47
46
40
52
35
31
45
50
40
59
30
49
35
50
32
28
78
60
53
29
55
34
24
30
40
31
64
59
32
32
32
51
56
45
37
12
59
21
35
73
29
35
17
37
56
55
28
54
19
27
24
49
57
44
52
21
52
31
34
45
31
31
45
40
37
30
55
33
30
27
48
55
32
50
34
26
49
50
53
45
59
63
42
38
26
37
54
49
25
39
66
33
55
57
25
54
52
33
59
43
15
58
30
37
34
58
50
49
43
60
22
31
34
53
47
63
53
47
36
40
15
56
64
27
28
53
36
43
27
34
49
43
31
43
37
41
29
51
29
52
56
38
55
51
27
40
49
31
44
51
22
34
37
45
48
39
40
60
23
44
33
46
42
33
16
52
30
30
47
36
43
34
55
52
54
30
50
34
51
51
37
44
46
55
59
38
31
53
32
53
55
41
28
49
49
29
33
35
54
33
50
51
45
66
56
34
34
38
25
47
19
38
31
56
46
22
43
40
35
49
32
37
56
37
56
47
64
45
51
29
56
43
28
45
49
55
34
47
49
45
36
50
42
54
55
49
59
23
44
42
57
50
51
31
45
49
23
57
29
56
32
48
33
60
