47
31
55
44
52
18
29
65
58
38
55
48
35
36
27
53
20
53
57
43
52
58
39
46
34
57
46
52
37
59
49
44
49
52
27
51
32
46
33
54
49
57
54
45
32
20
31
45
55
25
65
42
35
52
45
33
50
58
34
43
39
39
44
48
49
49
43
31
37
47
35
25
43
47
49
45
63
46
27
36
34
31
44
57
55
52
45
52
52
50
36
53
30
52
56
38
46
38
39
47
57
62
33
66
49
54
30
42
38
35
37
38
52
36
34
58
37
60
42
58
45
53
31
55
37
40
28
45
37
39
35
39
26
42
31
42
40
46
55
9
37
50
42
48
28
47
62
20
55
55
59
48
24
65
47
47
59
30
38
30
50
44
41
28
28
55
28
30
53
51
53
38
46
43
65
27
52
61
46
30
56
41
46
34
39
62
42
63
38
31
57
44
34
51
62
44
53
51
31
28
24
42
31
46
51
34
44
26
41
29
45
53
49
50
53
47
59
57
57
48
39
37
55
25
63
49
44
51
27
39
36
27
58
51
35
31
37
52
54
32
52
51
34
50
27
30
32
55
45
51
43
33
40
55
50
42
30
44
40
53
51
24
62
60
43
52
17
34
26
53
44
38
32
45
47
48
55
59
56
59
33
54
39
54
56
38
40
30
39
48
45
46
59
52
19
51
54
50
24
52
39
54
63
56
17
65
56
17
42
39
30
42
31
52
21
47
59
51
29
32
52
32
68
55
44
50
43
20
54
48
51
48
28
36
36
51
40
27
53
44
49
29
26
36
44
48
42
39
28
24
31
40
43
43
53
48
53
53
54
31
54
39
44
63
49
48
46
80
36
38
52
31
33
53
33
52
61
30
29
27
34
46
42
45
37
49
36
35
65
41
48
49
30
51
43
28
38
32
44
30
48
49
39
55
51
48
40
53
56
31
38
67
41
54
36
50
35
16
59
37
59
39
39
14
32
48
24
13
49
48
31
33
37
63
34
51
52
58
45
60
34
40
19
40
53
59
59
56
37
11
47
48
43
31
44
27
31
49
34
63
27
35
55
37
30
63
62
21
40
56
43
41
28
41
29
41
31
41
56
55
34
40
61
36
52
57
38
61
41
47
41
52
55
56
50
48
18
45
14
26
