47
11
32
32
46
39
27
45
35
42
34
38
14
28
47
51
44
37
33
54
39
26
29
57
46
41
55
29
34
38
57
37
32
49
57
57
48
56
51
51
32
48
35
40
61
29
34
31
32
52
46
29
31
24
58
37
31
60
52
44
32
53
33
38
76
46
42
35
31
38
34
57
46
44
36
33
19
52
37
53
37
60
31
41
8
43
58
24
55
20
27
49
34
50
50
50
44
34
34
53
31
53
39
50
33
34
24
28
25
51
31
48
46
28
49
59
44
40
63
26
33
45
52
51
25
54
52
34
42
31
24
47
63
42
35
36
39
25
57
57
30
37
19
55
56
48
55
36
52
28
56
35
36
29
44
50
44
36
43
25
47
31
46
43
41
46
54
36
33
61
32
31
52
38
34
34
29
33
24
26
38
52
45
63
51
44
39
33
43
32
28
29
48
22
34
48
26
53
56
42
46
35
40
43
22
30
41
39
19
37
36
29
50
21
33
50
58
45
42
52
44
43
41
37
44
34
11
53
47
51
23
39
67
26
45
51
28
49
23
57
31
29
32
48
23
41
43
32
44
34
65
42
40
28
34
48
54
50
59
47
48
48
56
45
47
36
21
30
52
27
36
48
47
19
61
55
51
34
44
37
44
36
42
31
49
44
53
48
51
38
37
52
54
43
47
57
60
58
41
32
40
19
44
66
25
44
40
37
50
36
37
50
29
30
67
30
54
47
51
52
51
47
26
45
28
36
59
24
36
31
40
25
52
34
57
57
66
33
39
49
28
39
45
47
57
40
30
26
37
38
51
40
49
27
25
51
50
29
50
52
41
29
52
60
27
24
41
36
54
66
55
45
23
32
31
44
49
51
32
51
22
54
23
78
42
56
44
54
38
22
32
54
33
54
53
39
53
46
38
69
52
51
46
34
51
54
31
58
27
36
65
24
48
29
51
61
53
38
50
37
68
43
50
35
38
46
49
53
37
22
27
15
75
52
55
20
35
58
53
57
39
30
42
50
51
35
30
29
56
40
22
58
58
37
37
45
56
55
48
57
23
44
35
29
49
46
37
38
48
13
43
47
45
21
30
28
53
47
48
23
43
24
28
48
59
52
31
41
16
43
40
47
37
26
51
55
44
32
40
43
