56
44
43
23
42
48
48
48
36
43
30
43
50
43
51
58
46
69
18
58
27
49
48
52
35
57
46
32
37
39
36
53
34
41
66
36
33
17
22
37
55
41
50
44
37
43
58
43
60
48
14
61
29
57
42
59
47
54
30
46
29
28
42
54
41
34
39
37
39
52
42
28
50
40
49
52
52
29
23
36
42
38
30
51
32
48
62
36
33
49
49
27
9
48
48
30
49
44
41
41
52
53
35
56
57
31
52
48
53
52
33
54
48
35
29
53
18
33
9
49
25
39
18
52
50
49
38
48
55
59
44
18
61
28
35
50
50
42
21
58
4
47
63
46
27
54
28
44
27
37
28
29
42
38
45
50
38
40
34
47
25
55
31
55
54
44
53
48
48
40
49
47
36
52
30
50
38
56
27
31
27
37
48
48
37
23
33
44
27
31
43
14
42
34
24
53
22
57
55
42
40
47
25
29
61
42
52
37
24
43
53
52
43
41
42
52
33
71
36
47
43
55
47
42
47
23
38
44
60
42
40
35
33
47
38
40
53
45
28
35
32
49
63
32
26
17
54
46
52
36
57
30
41
59
32
49
35
45
45
31
53
45
31
38
38
34
14
51
56
60
38
53
29
53
55
38
55
53
37
51
67
9
64
54
16
55
51
34
66
41
47
41
39
37
40
28
46
37
42
41
38
27
49
34
45
43
32
45
37
56
38
48
60
38
48
52
38
54
36
22
30
32
37
39
38
34
55
40
40
27
54
28
49
37
59
55
46
45
64
33
31
30
25
29
33
45
57
53
36
48
49
22
59
49
49
33
29
54
50
27
31
32
45
59
43
34
69
51
39
42
39
43
33
58
37
42
52
54
60
58
38
31
47
22
45
62
51
37
47
53
40
26
69
69
38
45
45
33
67
37
49
28
35
46
43
51
51
53
33
22
61
57
66
34
56
47
51
55
28
27
51
68
35
20
43
43
56
54
35
55
35
27
37
71
52
57
30
32
27
27
18
54
29
32
49
44
30
61
48
35
56
50
57
43
32
57
40
35
50
37
51
48
35
53
22
54
39
22
31
57
34
55
31
38
52
31
66
45
43
45
28
33
33
32
36
57
35
64
30
44
45
24
57
38
24
31
39
54
52
46
