32
68
55
47
54
51
44
45
21
58
39
26
29
52
22
25
45
49
44
58
40
29
65
48
33
46
28
15
51
41
31
32
36
53
40
53
54
34
33
30
48
34
48
58
36
52
55
52
68
34
38
54
62
25
48
52
48
57
23
44
58
51
42
33
30
49
38
44
27
54
47
56
35
47
38
40
57
61
59
53
45
56
26
40
48
34
51
45
50
44
38
49
38
56
29
33
49
47
55
29
43
50
50
51
48
52
60
45
30
50
66
57
31
41
54
63
38
63
42
34
44
51
17
50
40
39
47
44
48
46
59
30
46
28
48
46
40
45
36
50
70
30
31
52
20
52
42
43
57
29
57
37
46
26
58
33
51
57
26
29
50
56
60
57
24
49
49
42
31
35
44
29
51
44
52
34
37
57
61
29
37
21
40
46
46
55
60
23
52
50
32
43
27
44
35
60
25
32
67
30
46
43
53
53
42
72
41
51
54
51
60
47
37
33
41
29
36
36
30
37
52
56
40
69
27
30
35
36
54
60
48
37
41
58
41
50
13
45
49
56
48
48
37
50
20
34
49
21
54
47
49
56
44
52
47
30
52
52
33
17
33
34
40
27
52
47
49
53
21
56
64
52
29
57
47
29
34
39
30
17
48
54
42
33
62
50
47
49
28
55
59
33
56
27
42
22
39
36
56
52
53
31
32
53
33
35
56
47
55
47
47
48
34
37
40
37
38
42
29
32
38
26
39
52
41
54
33
53
56
41
48
35
52
43
56
33
62
47
31
33
41
57
46
43
38
57
50
30
40
23
39
32
26
66
17
28
49
51
50
54
46
39
39
44
51
40
39
60
38
54
46
61
47
41
32
22
28
49
46
17
40
28
59
55
28
38
32
35
48
51
62
26
48
48
53
34
68
56
36
54
40
54
41
31
60
32
40
37
24
53
57
29
47
48
18
52
31
50
48
48
33
53
46
26
46
53
32
53
51
47
42
25
65
29
46
31
31
50
45
40
52
12
40
41
40
49
32
47
47
39
52
47
25
49
51
57
54
36
33
27
48
37
46
55
36
48
38
62
51
45
44
56
37
32
41
38
50
63
56
66
68
48
45
39
49
54
55
37
26
53
46
53
59
49
69
20
55
69
56
49
