66
41
45
60
31
43
45
37
28
52
51
26
36
62
52
30
53
30
38
55
35
46
31
40
28
29
56
42
52
33
38
54
32
57
27
25
47
29
21
51
56
43
48
41
29
27
51
39
45
53
45
53
48
57
66
54
50
57
28
47
29
35
58
41
46
45
46
57
32
56
33
45
30
56
43
28
52
51
61
52
45
35
45
18
52
50
57
48
28
36
55
47
32
38
49
33
19
37
44
32
41
51
43
34
50
45
31
56
32
51
54
22
30
48
45
65
45
33
33
28
27
51
38
28
50
30
17
43
53
51
46
53
22
48
37
46
28
45
53
54
20
38
49
40
53
43
48
38
40
27
53
50
34
55
19
63
24
37
37
51
57
52
48
48
50
59
22
46
40
31
25
46
43
34
38
44
48
21
43
32
37
56
44
49
41
52
26
41
46
18
60
14
37
30
33
40
36
57
49
80
28
62
49
36
31
55
48
36
23
38
46
42
55
57
41
34
37
56
33
48
55
58
39
48
51
52
33
38
30
43
36
29
51
52
23
29
21
63
40
26
25
73
60
47
50
48
42
57
32
37
62
47
53
52
52
30
60
62
45
53
37
54
57
49
14
28
14
53
53
44
49
43
54
56
22
43
35
30
63
32
51
37
48
32
26
55
33
29
38
39
36
47
44
51
20
42
49
31
31
31
41
19
49
19
27
45
47
48
38
49
52
55
21
48
31
52
37
39
47
35
45
29
47
41
25
60
66
33
46
52
34
48
51
51
26
34
48
46
14
48
35
30
50
22
38
36
25
43
46
49
28
33
47
46
28
42
55
27
32
52
52
25
34
54
48
35
46
24
42
54
55
44
33
66
46
34
50
39
42
36
42
53
37
21
29
68
31
42
50
49
55
47
18
9
61
53
33
65
48
64
42
52
48
35
44
30
25
42
29
52
27
47
54
64
53
62
44
37
34
48
28
45
52
50
50
54
48
57
55
54
27
45
29
43
38
33
53
38
53
38
60
52
34
30
55
49
28
51
33
56
51
52
57
58
70
57
12
59
53
55
51
31
57
30
53
39
42
34
50
47
36
53
52
70
40
47
24
55
42
40
35
28
34
32
60
39
32
61
32
51
62
45
56
31
36
43
54
33
34
25
