43
39
31
42
31
52
43
18
60
39
24
53
36
40
31
49
27
45
31
50
50
54
58
46
27
52
54
50
53
50
44
51
41
19
52
51
52
47
29
45
38
58
55
46
53
18
52
56
50
23
56
60
28
45
27
46
38
44
17
49
44
28
56
39
30
47
55
53
69
46
39
50
39
50
50
32
47
50
51
49
50
50
55
56
31
38
40
61
52
61
53
57
38
14
28
51
37
35
39
53
44
41
37
47
43
23
29
34
34
30
10
46
57
43
38
52
58
32
49
39
36
54
49
30
56
55
53
54
56
33
42
38
51
22
62
42
34
35
52
63
37
67
29
26
55
48
26
51
53
42
38
28
50
24
14
25
31
29
73
34
53
49
46
65
49
57
35
30
25
52
35
25
32
25
49
49
49
54
38
32
49
34
33
29
28
64
53
34
53
40
50
36
55
50
58
58
56
52
48
46
54
32
48
50
57
44
41
50
43
46
38
52
50
48
45
26
35
58
56
39
57
29
32
68
53
45
60
64
59
41
55
50
33
34
42
54
55
59
34
52
38
33
19
29
44
23
51
47
6
5
47
45
52
53
37
48
52
11
22
50
34
43
31
32
18
57
24
47
44
30
41
37
28
31
35
36
55
44
51
25
36
55
50
29
35
33
25
20
40
52
27
39
62
35
36
47
53
53
29
44
47
33
36
64
51
48
62
28
74
57
37
45
50
29
35
5
32
31
54
26
41
47
26
57
33
34
53
39
51
31
32
59
30
36
38
51
59
33
45
15
49
53
64
27
59
40
64
46
27
63
49
25
58
38
39
52
47
27
36
32
55
35
48
64
49
45
52
66
14
41
32
49
64
30
47
19
50
46
12
38
63
33
58
50
38
54
28
53
44
21
33
33
41
49
46
16
35
32
35
13
42
54
65
51
46
48
50
51
50
37
32
46
39
35
48
42
51
51
39
58
33
55
51
51
49
33
52
63
54
9
32
29
51
32
49
34
53
23
40
46
25
63
58
45
50
41
56
49
45
33
45
46
52
58
37
37
57
36
61
14
30
36
36
35
42
31
38
36
44
51
56
39
47
45
36
26
51
45
41
32
32
41
42
32
50
29
50
20
60
41
39
54
47
36
29
57
36
53
25
51
