36
31
38
39
32
35
27
43
41
37
41
37
32
36
40
29
15
48
36
27
31
33
34
41
28
26
34
36
23
26
41
38
31
31
38
52
32
25
45
31
39
20
44
48
31
37
28
30
29
27
20
39
43
37
45
33
28
43
26
43
31
35
27
29
34
26
31
29
27
20
54
17
23
41
45
26
45
13
25
30
32
38
31
37
22
37
19
21
48
19
35
56
35
38
50
49
26
24
56
35
38
32
15
37
38
42
31
20
39
45
29
39
40
34
37
37
31
40
36
33
35
26
44
34
32
36
20
27
22
53
9
29
31
40
35
39
37
28
34
24
34
29
55
40
27
25
33
27
36
17
26
33
39
22
49
38
22
47
26
27
33
35
26
31
34
35
31
43
31
45
35
35
17
32
38
33
32
35
46
41
42
31
21
62
26
46
7
32
36
23
23
44
27
24
45
38
21
12
42
24
27
33
28
32
22
35
32
42
27
39
25
43
35
32
36
23
32
36
36
41
36
33
47
45
26
42
28
30
27
18
28
18
30
17
25
42
20
42
31
46
42
33
20
22
32
46
25
20
44
18
37
36
38
30
37
28
28
29
34
41
30
36
36
35
30
42
35
30
27
41
38
27
30
27
31
27
30
26
35
39
32
34
28
27
29
28
34
38
34
31
26
34
39
27
34
31
30
38
27
37
34
36
34
26
26
35
22
23
37
34
31
38
31
28
32
37
28
23
26
36
37
33
35
36
44
32
29
41
35
41
33
22
34
31
26
29
31
36
32
41
39
34
35
36
39
37
30
41
30
36
35
33
31
32
42
31
33
34
31
30
35
35
22
29
29
32
38
31
39
30
36
39
26
34
32
30
30
37
32
38
30
29
34
30
30
39
40
33
40
30
34
16
27
38
33
32
36
33
35
36
36
37
41
32
40
32
37
29
34
26
40
31
33
30
30
28
28
30
37
34
38
30
25
36
31
34
34
32
30
25
35
36
31
32
32
28
22
32
25
36
31
30
29
35
25
31
29
35
40
36
34
36
37
34
33
31
32
25
38
35
26
29
38
30
41
28
34
37
25
35
30
35
36
37
45
26
29
27
50
35
31
33
30
24
27
33
42
37
33
32
32
34
41
30
33
27
36
38
30
22
