36
45
26
49
35
50
34
47
46
54
33
42
28
53
25
52
52
56
29
31
33
27
50
70
28
26
23
29
21
52
46
52
33
30
31
20
75
47
50
43
45
43
33
28
27
23
28
40
25
40
52
57
46
33
51
31
54
62
47
39
55
51
54
51
49
41
34
32
53
22
45
37
50
47
51
29
55
41
56
51
50
41
47
60
26
59
29
34
62
39
32
38
45
33
81
52
31
33
33
26
52
45
35
6
31
54
47
29
38
45
41
65
30
36
44
35
54
34
69
47
28
39
32
48
51
28
36
25
65
38
54
39
53
57
54
42
29
28
38
63
39
60
12
56
33
31
5
27
28
37
14
45
32
37
32
37
34
33
46
64
62
36
61
32
54
34
51
32
50
29
47
52
52
53
50
28
12
30
60
39
46
55
26
54
45
26
57
26
39
38
35
53
62
46
52
52
46
33
55
44
45
52
47
59
50
51
35
44
21
36
53
48
52
52
27
51
39
78
33
39
48
38
46
35
43
53
49
52
13
35
33
29
34
57
29
56
54
43
56
42
54
58
33
43
51
16
49
55
34
30
38
41
58
44
50
24
49
39
48
52
48
34
31
30
14
30
51
46
49
47
42
43
27
46
30
56
38
48
51
50
28
33
57
39
40
34
54
74
52
39
50
47
33
28
32
29
27
43
26
60
59
38
49
43
34
46
40
46
28
48
41
47
23
33
50
29
59
41
60
53
33
36
17
40
58
25
22
60
66
50
64
30
38
48
28
55
46
52
45
31
55
51
44
63
28
24
59
59
17
54
49
54
24
35
38
46
50
25
51
37
26
54
49
55
43
34
32
50
55
24
66
44
54
48
55
51
52
52
46
51
51
55
46
50
20
59
44
17
34
46
33
38
46
42
39
40
32
28
45
49
47
59
52
29
35
29
45
42
41
33
46
20
39
29
44
56
44
51
41
50
46
35
29
37
46
38
47
33
31
34
38
43
44
21
49
42
45
43
39
33
36
29
30
26
40
44
24
31
42
49
38
62
46
55
37
54
18
54
37
42
29
35
45
71
36
49
44
52
33
55
56
47
53
37
52
53
20
38
56
36
29
40
49
27
47
58
58
57
51
47
36
54
29
32
64
48
37
48
39
48
