31
52
30
45
51
39
42
55
46
29
41
51
40
47
53
44
43
50
26
31
33
55
45
35
24
42
23
53
66
49
35
64
46
57
39
55
59
48
52
29
49
38
49
53
64
34
45
36
41
45
46
45
46
52
29
60
51
55
29
24
34
30
49
30
47
57
37
46
45
53
57
27
34
38
39
57
49
42
55
35
53
34
38
54
52
32
41
59
52
52
38
28
50
45
40
48
23
51
33
38
49
52
47
50
21
27
33
35
61
47
41
37
50
52
39
56
33
49
56
42
40
32
38
51
47
49
51
29
37
33
60
48
50
54
56
59
57
34
39
37
34
46
25
46
51
54
39
45
52
46
59
51
59
64
55
24
30
75
36
50
33
31
18
39
37
36
24
32
49
47
43
58
53
46
46
50
55
44
64
54
35
39
51
60
29
56
42
55
58
28
32
70
20
36
51
50
51
30
22
21
32
32
43
53
57
48
37
27
39
52
48
35
59
20
57
46
48
27
51
52
53
36
56
48
51
35
45
72
53
31
28
45
52
54
41
39
41
31
42
37
57
29
27
30
50
19
34
41
48
62
56
50
38
48
46
50
47
35
56
33
54
39
42
15
45
38
43
53
55
34
39
30
46
30
44
55
49
54
26
45
52
47
22
52
48
54
30
56
52
50
25
36
59
45
48
49
28
50
47
70
37
45
46
31
51
30
55
48
35
46
23
43
39
41
46
47
36
51
49
27
49
40
60
57
27
37
41
31
25
38
60
42
57
45
47
36
57
30
57
46
38
36
26
46
39
32
30
33
37
58
61
48
45
58
45
55
36
53
33
45
56
53
36
26
49
34
55
29
81
39
33
51
23
37
34
47
20
40
53
60
51
42
41
48
27
30
49
44
50
43
59
23
50
41
52
60
14
51
32
38
47
37
38
66
63
24
49
48
42
49
56
63
48
54
57
41
53
36
51
14
32
38
41
49
68
28
41
31
45
47
50
64
52
23
46
50
36
38
26
54
54
35
46
34
52
28
41
38
46
42
62
58
34
32
51
43
34
24
38
35
32
48
28
41
19
59
45
46
28
62
47
38
51
49
28
52
55
29
32
22
30
30
54
46
69
44
46
57
53
32
38
54
25
25
27
34
33
59
53
59
