48
19
63
47
38
52
36
53
27
53
42
26
33
46
45
25
53
29
53
31
65
34
53
30
35
57
60
48
26
44
61
26
42
44
31
42
35
54
40
49
52
32
52
21
39
60
58
52
61
61
52
32
39
27
45
31
19
52
27
38
48
49
39
50
46
47
30
45
39
49
50
63
46
26
50
56
63
46
54
32
37
44
53
14
70
39
45
52
41
59
48
55
56
51
64
30
46
51
45
65
34
52
39
60
29
28
35
25
39
45
31
31
55
44
64
40
22
45
42
32
37
37
30
32
58
52
27
56
31
45
34
45
55
31
39
35
39
34
53
48
12
54
36
40
63
59
39
50
45
19
37
24
21
44
46
37
26
46
33
22
54
53
53
49
48
55
52
50
21
11
55
51
49
38
47
55
25
34
34
38
24
52
57
56
45
52
31
62
56
37
48
56
38
27
58
32
47
34
28
31
39
55
59
47
50
59
36
52
59
44
31
61
29
47
29
49
35
37
39
17
42
40
31
53
53
61
41
54
42
32
24
41
42
26
50
52
48
32
44
48
40
20
53
22
47
46
39
55
37
45
42
35
52
49
37
23
17
40
30
26
58
48
60
37
37
37
46
27
48
57
58
57
35
44
38
39
48
51
37
28
50
32
25
51
50
41
32
55
34
49
30
45
46
57
27
59
23
49
25
16
23
34
42
46
43
51
31
42
32
49
43
62
49
59
55
38
60
41
27
31
48
52
52
36
52
19
41
41
33
36
50
33
57
53
23
48
45
34
27
54
39
35
51
53
46
12
43
40
50
44
53
38
43
35
51
45
47
30
29
42
43
40
38
43
53
44
52
32
34
49
57
56
31
38
51
53
49
64
57
36
23
29
39
55
48
51
45
54
49
50
46
44
62
38
30
36
38
48
34
39
32
39
22
49
54
17
48
56
44
47
36
21
50
49
30
42
45
29
28
47
46
23
57
43
41
34
55
29
36
32
38
50
34
16
43
49
29
53
56
55
56
30
53
62
37
47
34
72
55
49
40
8
41
34
16
56
64
33
43
51
40
38
58
41
42
35
38
34
38
54
30
53
38
33
48
36
37
35
47
63
35
50
24
25
39
37
46
50
54
31
36
59
48
48
39
55
15
60
32
61
