33
54
32
29
34
49
34
45
41
45
59
41
57
49
32
28
37
66
37
47
57
53
47
51
43
42
48
27
32
51
46
26
52
30
56
44
49
26
55
31
35
37
41
54
49
31
45
48
40
58
22
33
53
49
46
48
43
50
41
40
47
38
41
14
49
50
54
36
40
22
42
51
32
55
51
29
57
45
36
32
51
53
40
33
52
47
39
46
51
34
20
59
45
63
55
40
43
36
51
31
44
57
7
34
58
34
20
20
20
40
29
55
39
54
64
50
63
49
48
47
50
51
34
37
40
27
54
49
57
38
49
35
64
40
24
54
30
52
47
59
36
46
52
59
42
29
24
37
22
30
36
43
56
24
30
52
39
39
48
51
51
62
40
48
28
50
62
36
50
64
54
55
47
45
36
43
47
62
54
38
38
24
56
62
46
38
59
54
34
34
52
30
41
37
31
42
51
56
33
38
32
32
52
48
43
38
32
35
44
31
50
62
45
78
46
53
36
52
66
44
53
47
53
35
49
22
30
20
19
30
39
42
37
28
57
50
53
35
51
23
43
51
49
46
52
39
50
58
21
61
28
51
35
35
19
61
56
50
40
42
44
48
48
22
39
28
60
48
33
52
49
29
39
51
58
46
25
25
17
66
56
48
55
55
42
36
49
62
33
29
36
37
30
43
37
31
32
61
50
38
38
44
43
33
37
57
43
57
40
41
14
45
45
52
46
42
35
45
26
43
32
33
51
24
56
47
58
43
32
47
57
40
36
64
55
52
52
40
40
33
34
45
51
42
35
31
31
48
49
29
40
43
28
58
38
39
37
33
53
46
27
37
36
52
38
25
31
28
41
60
51
56
53
54
26
23
39
51
44
36
52
51
62
17
19
59
39
50
54
27
56
29
48
41
49
61
61
65
33
24
39
29
32
52
35
63
47
57
28
31
58
45
39
31
50
34
35
51
60
50
49
55
34
23
29
32
58
49
44
42
31
41
60
44
71
51
51
33
53
35
38
52
26
31
50
57
51
25
39
37
24
61
65
36
23
8
52
53
49
54
38
40
38
14
33
74
30
25
37
45
60
45
32
40
49
41
60
48
53
37
56
47
36
46
32
50
51
39
45
15
35
28
54
32
36
30
60
53
14
29
