31
36
25
31
35
52
45
49
44
52
57
56
78
30
50
35
19
42
48
49
47
25
59
56
42
34
44
38
53
41
41
45
19
32
32
52
24
55
53
52
12
51
59
27
26
46
24
47
57
51
44
35
41
49
28
35
56
51
47
36
49
41
30
28
50
55
38
60
35
21
18
32
64
51
56
35
25
57
33
53
39
19
49
40
35
25
52
25
52
47
24
38
24
39
35
30
52
49
42
52
47
49
25
30
53
27
49
33
29
21
54
54
31
37
48
43
34
26
29
74
40
63
29
54
42
48
54
38
45
37
40
46
51
49
47
57
54
30
48
32
33
49
40
33
42
57
45
54
66
27
29
24
52
37
45
27
57
52
32
37
52
60
53
22
48
36
32
31
50
50
56
32
54
41
51
52
45
51
9
62
54
51
31
25
39
33
28
30
59
59
54
44
37
52
23
57
52
69
23
57
24
48
51
63
50
64
63
29
43
41
45
29
56
25
49
30
55
49
58
26
63
31
44
44
55
31
37
42
46
45
46
42
38
61
48
37
30
52
51
54
49
47
49
48
41
43
44
34
27
20
45
53
34
51
59
49
44
54
42
38
36
68
55
38
46
27
50
37
41
74
59
60
62
6
56
36
49
34
37
48
29
51
66
53
28
53
40
32
38
47
40
38
62
31
56
33
57
48
35
26
57
21
57
49
26
45
51
44
33
38
8
52
36
57
44
51
54
36
45
46
47
27
44
19
50
58
20
49
47
62
39
45
42
58
30
43
21
44
51
27
36
48
52
54
35
42
48
24
54
49
46
28
57
44
32
50
18
41
42
50
48
63
54
47
70
38
21
29
50
44
33
50
31
33
21
37
49
57
48
35
41
53
36
68
45
18
34
51
29
56
19
28
33
56
19
71
40
41
42
31
36
51
56
29
45
33
50
26
48
55
61
30
41
25
44
27
59
37
48
49
31
41
56
18
36
41
45
32
55
22
59
52
60
42
53
25
46
48
50
62
57
49
32
48
39
57
28
40
59
40
48
19
26
50
29
42
25
31
55
20
56
35
46
53
34
31
55
48
36
35
46
35
43
48
55
51
59
30
27
56
43
45
48
29
52
50
58
40
49
47
56
53
39
57
23
34
75
74
53
66
