35
47
35
47
50
45
57
57
52
38
33
62
45
57
46
43
36
52
32
45
46
28
21
59
48
22
58
50
29
42
35
51
53
36
31
49
41
57
36
52
54
35
48
43
37
46
45
24
57
39
49
54
51
33
51
28
52
27
46
51
31
58
48
58
43
31
47
50
41
32
44
47
32
41
34
55
29
44
57
42
28
18
58
41
43
26
44
52
47
23
53
43
36
48
62
52
29
72
46
48
39
33
34
36
56
42
31
49
50
48
48
39
40
46
27
36
35
55
29
30
53
44
36
38
20
30
31
39
55
46
41
36
53
46
59
39
49
29
26
57
50
59
40
47
58
45
56
73
49
31
32
57
30
21
49
44
51
28
55
51
32
28
26
31
32
28
32
57
53
28
58
57
41
43
54
25
55
28
10
37
57
39
53
48
21
34
43
35
39
47
55
48
31
41
55
33
30
57
61
43
42
37
53
34
33
44
46
44
29
32
44
48
54
40
50
61
49
51
35
57
30
35
61
29
66
53
38
47
51
49
34
45
72
31
32
31
44
49
28
60
38
37
28
54
40
58
55
49
50
32
30
56
45
59
55
45
45
41
52
45
50
29
32
34
59
59
31
35
48
38
41
34
47
35
37
62
34
48
49
51
46
49
47
38
34
31
46
48
31
55
28
48
44
33
36
30
38
39
57
36
31
44
34
23
45
52
38
50
31
50
42
31
31
58
28
35
50
27
45
20
29
37
29
48
48
24
9
40
37
26
47
53
33
50
53
19
53
39
34
61
60
25
52
21
33
47
44
37
57
65
42
50
52
52
44
46
57
29
37
46
28
41
30
37
50
52
34
59
36
44
12
54
43
29
47
27
60
53
31
50
38
53
55
52
37
18
31
49
56
39
56
24
52
40
66
28
33
43
56
49
48
39
63
23
30
51
28
46
14
51
50
48
50
54
67
51
58
48
34
38
34
47
36
20
48
37
44
49
49
52
45
34
57
30
50
56
47
53
38
45
47
50
47
55
53
28
59
60
58
35
38
45
57
47
46
39
37
46
34
43
30
28
49
17
54
38
31
38
49
42
48
51
40
51
59
54
42
47
41
52
57
50
59
58
50
59
62
45
37
36
46
46
46
49
53
30
52
48
50
57
