50
52
39
52
50
47
54
49
55
51
49
47
54
44
47
49
53
49
43
52
61
50
51
53
55
54
53
50
48
60
53
55
47
60
50
43
50
53
56
40
49
47
56
55
42
38
55
45
53
61
49
44
56
48
49
56
54
54
42
56
48
52
39
53
57
57
48
52
47
41
57
63
45
41
46
55
44
58
49
45
49
50
59
44
49
50
47
55
50
48
42
50
54
49
60
62
46
50
46
46
47
55
60
59
51
47
58
54
48
50
44
45
51
50
45
50
47
51
52
50
53
56
58
51
52
55
43
44
53
46
49
48
52
51
45
48
54
61
49
52
52
46
56
50
45
50
44
54
39
51
49
51
57
52
49
49
50
52
52
57
47
48
45
49
48
49
47
45
55
40
48
45
58
52
51
48
52
47
55
47
43
54
52
59
57
42
41
43
45
54
44
51
50
52
52
54
48
54
49
49
49
47
55
44
45
53
52
45
55
51
49
45
57
57
44
44
47
43
43
55
36
52
49
57
48
44
52
52
47
49
53
51
53
51
44
54
55
53
48
46
56
41
51
44
47
54
50
53
49
46
37
53
56
48
41
49
54
52
56
58
45
52
47
59
54
50
48
55
47
52
59
51
45
60
50
40
42
51
52
43
49
52
52
46
56
52
39
49
54
50
61
49
50
52
40
56
56
60
43
44
48
52
48
53
44
40
46
54
49
59
43
57
40
56
42
47
50
51
58
44
48
49
52
50
48
58
47
48
53
53
51
51
50
49
51
44
53
43
51
53
46
54
49
55
46
45
46
47
44
46
52
50
52
59
48
48
41
49
67
50
50
55
53
46
58
53
52
50
52
49
47
55
51
54
48
49
48
58
49
37
54
55
53
48
55
50
52
48
43
49
54
54
47
47
45
52
47
50
41
52
53
51
45
49
46
49
45
48
51
64
54
41
46
54
50
48
46
45
46
53
47
44
60
45
44
54
48
46
54
55
49
43
44
49
61
48
46
49
45
50
55
50
52
56
46
53
53
52
54
47
53
53
53
51
46
58
50
52
37
60
47
38
48
52
42
46
49
60
58
58
46
60
52
51
58
43
42
52
45
49
46
49
45
49
49
53
50
50
44
43
59
45
41
44
41
53
53
47
51
45
