44
55
30
48
41
32
31
55
28
61
69
37
39
38
40
54
26
38
41
35
29
28
48
48
25
52
56
25
33
42
40
39
33
28
46
31
34
42
38
35
36
26
32
46
45
33
57
43
47
32
57
26
48
48
45
27
48
53
49
36
23
42
29
24
26
67
48
45
26
36
52
55
58
34
47
31
22
48
32
32
56
31
34
31
49
33
52
40
49
27
59
34
28
44
41
31
26
50
49
53
25
30
59
57
27
53
34
50
54
37
36
39
20
45
52
10
47
50
26
41
27
45
38
8
50
39
29
55
53
42
62
46
37
47
50
53
18
47
38
42
52
35
40
32
42
52
50
28
31
38
25
54
45
28
41
58
40
43
25
57
45
29
33
52
32
38
29
48
55
11
55
46
22
38
52
25
56
41
32
34
34
44
40
27
47
34
62
37
52
50
53
23
45
56
36
31
31
57
72
44
39
33
28
57
48
49
51
36
26
68
38
58
56
53
47
47
52
49
53
45
45
57
54
43
49
51
57
48
9
59
60
35
72
48
48
26
43
37
54
56
40
39
23
33
25
47
49
44
53
45
14
24
41
49
48
29
55
44
42
49
41
46
54
49
45
67
40
58
44
42
50
60
33
53
60
55
48
48
47
57
51
34
53
55
50
40
46
52
53
49
52
24
53
49
9
43
53
38
52
55
45
41
56
41
28
52
43
29
66
24
40
50
41
47
41
46
56
38
48
44
37
48
40
56
51
54
42
25
43
47
26
43
54
36
42
65
35
37
22
34
62
21
40
40
64
34
47
29
49
30
44
33
16
56
33
34
37
56
48
49
43
34
55
25
29
30
64
47
40
45
49
59
34
48
62
31
54
60
36
61
16
30
54
49
39
50
38
30
69
39
47
35
53
53
38
48
52
29
51
51
47
25
61
28
50
57
29
43
18
35
62
57
43
36
37
30
36
31
29
29
48
36
32
20
38
47
53
33
29
29
42
52
38
58
50
46
60
49
36
47
66
34
50
29
29
50
43
27
37
30
61
31
25
30
18
53
35
52
45
25
40
45
50
36
46
57
47
45
37
53
35
21
54
42
34
30
44
27
43
32
31
38
31
48
52
23
35
29
22
46
48
34
34
55
32
44
43
27
37
34
