47
63
36
41
31
45
32
46
51
49
50
37
32
56
48
50
37
47
30
57
52
54
36
55
35
52
58
44
35
29
18
56
57
46
59
49
53
54
56
35
34
57
31
33
69
41
51
41
18
59
43
53
56
40
37
48
53
33
23
39
37
36
31
44
34
29
30
27
45
36
37
34
55
68
45
41
39
29
23
40
52
36
26
51
36
33
37
61
42
33
56
54
61
52
31
45
61
46
41
50
38
37
44
40
31
50
50
31
39
49
47
33
32
19
34
43
75
49
17
26
56
23
62
54
50
54
58
42
50
36
52
57
28
31
26
44
18
31
52
46
44
32
31
33
38
48
43
67
53
44
42
47
49
27
53
52
31
44
39
33
52
63
57
10
21
52
40
55
27
23
22
44
54
47
24
54
23
30
57
34
36
56
36
48
37
38
52
40
44
53
38
52
61
38
65
32
30
23
48
42
33
52
48
49
30
38
55
31
27
36
47
34
46
51
43
60
36
40
32
29
39
65
60
18
44
27
48
41
48
47
28
40
45
55
45
63
35
44
38
34
36
49
34
43
50
26
55
45
51
46
40
34
49
42
45
53
27
47
51
30
57
48
51
50
39
52
48
43
41
60
36
48
53
51
51
33
31
39
41
44
36
49
36
47
53
53
49
36
57
27
34
54
27
31
56
25
22
30
33
52
64
31
45
37
54
62
34
41
48
43
47
64
48
56
57
49
31
42
29
50
47
32
37
48
39
40
23
40
30
38
31
28
40
67
44
50
57
24
50
55
38
48
34
34
59
52
55
56
43
20
32
43
42
48
65
42
60
44
33
35
54
33
57
54
46
50
27
13
48
59
50
59
55
28
40
41
60
48
31
29
57
27
32
48
54
53
48
54
35
60
54
38
43
46
32
29
55
45
41
53
48
64
45
28
53
54
28
31
50
52
49
54
30
50
37
51
39
44
39
47
32
31
33
49
27
50
49
26
50
45
26
39
44
44
31
22
35
52
65
44
44
35
53
58
31
44
28
43
33
35
57
48
48
41
48
49
63
56
50
50
39
52
42
38
57
33
31
68
27
47
40
31
56
52
52
34
51
31
56
43
54
53
44
42
47
43
39
41
54
50
48
42
66
24
29
32
27
28
50
34
