36
58
56
38
50
55
46
36
51
28
47
48
48
49
59
26
42
22
38
36
59
42
31
67
32
58
55
37
37
29
44
50
31
27
52
42
26
33
50
56
29
49
39
53
30
58
62
17
56
26
55
55
29
37
29
37
40
35
61
51
44
58
37
27
59
50
32
37
63
48
40
38
44
24
44
39
48
33
36
36
51
64
50
30
21
35
42
39
51
14
32
33
44
53
48
35
55
43
46
30
58
39
51
59
15
68
36
54
49
35
45
40
45
31
29
41
28
41
49
32
40
51
40
42
48
61
33
55
56
49
45
58
33
50
41
42
50
23
33
47
45
24
22
57
51
59
46
30
25
29
48
43
54
41
45
21
51
25
53
30
47
48
47
46
52
60
46
61
40
42
33
25
53
44
31
59
53
49
58
60
41
50
36
18
48
24
37
51
43
31
39
45
40
32
26
33
25
52
29
37
47
40
56
43
35
45
34
62
52
21
39
22
46
54
43
51
51
29
46
54
30
48
56
26
49
27
27
52
24
38
37
29
55
70
62
53
36
38
35
49
47
38
45
50
41
62
29
57
34
58
30
36
31
49
34
60
30
59
54
67
23
50
50
57
39
28
49
28
47
50
52
53
34
72
27
33
26
36
31
26
58
41
55
27
39
48
58
59
48
16
45
24
34
35
22
53
67
53
48
33
69
42
36
52
55
55
34
53
48
22
61
42
36
48
63
22
30
35
53
31
35
48
28
43
44
23
48
25
16
48
62
40
45
42
52
48
35
28
31
53
60
58
56
62
57
64
45
50
43
47
51
42
44
53
41
29
21
34
34
49
53
54
53
44
43
33
41
50
49
21
51
51
45
35
48
32
52
23
39
32
27
16
48
58
41
39
43
50
41
33
27
31
55
41
16
53
48
28
17
43
56
35
54
51
51
23
57
36
47
63
59
55
29
49
69
47
45
59
48
32
61
40
56
33
41
51
60
35
58
52
54
55
59
49
33
49
16
53
49
60
46
29
44
30
34
53
45
48
40
46
33
46
46
22
50
58
21
34
55
42
28
20
50
49
38
34
35
56
44
32
34
43
41
63
54
34
23
64
36
57
51
39
33
44
30
44
49
44
38
34
25
35
48
57
41
41
52
33
52
40
