36
32
37
42
28
36
30
27
29
34
35
34
29
31
36
30
33
27
29
41
36
34
38
36
37
34
29
34
39
31
32
38
41
38
28
38
40
40
40
31
26
28
35
36
31
35
30
33
37
34
24
34
41
32
24
26
39
39
47
33
39
27
38
30
34
42
36
29
35
36
23
38
35
37
36
34
35
34
26
38
35
33
33
44
31
32
30
26
32
35
36
38
25
33
23
49
35
29
41
36
28
21
34
31
34
30
33
38
22
28
37
37
40
36
33
33
33
35
34
41
21
30
30
41
36
23
29
39
43
36
31
27
26
31
34
34
30
35
31
34
36
35
38
28
36
26
33
24
29
24
32
29
34
27
40
33
31
38
39
31
37
30
34
30
38
23
34
33
36
41
33
28
33
28
39
35
35
25
34
33
27
31
40
35
36
42
29
28
33
41
34
25
43
28
38
25
29
39
31
37
36
30
39
35
38
35
29
50
34
42
26
26
39
32
22
25
31
45
41
40
33
37
37
38
34
22
32
29
37
33
28
32
24
39
30
28
35
24
39
38
38
32
42
33
39
35
36
29
43
29
46
51
25
39
34
36
47
42
25
24
59
59
19
36
47
35
40
39
28
23
37
36
31
37
43
16
39
37
14
21
38
43
44
49
24
24
20
26
41
31
26
23
41
40
54
39
21
34
39
49
49
29
37
24
28
44
27
42
39
42
32
50
43
36
28
24
41
33
47
27
37
39
47
29
33
29
26
44
24
32
15
29
43
29
34
44
34
49
27
41
26
37
42
30
24
13
28
24
36
28
33
31
35
31
35
29
32
32
38
54
50
29
22
28
29
31
17
38
45
36
28
32
46
39
21
34
45
40
33
57
56
28
23
20
20
14
51
30
20
28
28
29
33
27
35
30
53
38
32
22
43
40
31
42
44
26
26
16
44
39
18
29
31
24
43
35
41
9
29
36
45
37
33
48
20
47
19
29
11
31
37
41
30
4
33
22
10
33
31
45
30
39
23
43
31
43
44
37
35
26
38
37
30
49
44
20
33
26
27
29
19
30
34
29
30
24
47
43
26
17
44
27
16
37
47
47
56
49
41
33
42
48
19
39
24
34
28
26
29
32
16
32
33
32
32
37
54
30
45
43
