53
37
46
52
34
52
35
28
63
56
32
59
48
68
52
36
48
45
42
48
35
50
56
50
50
49
44
53
53
32
31
34
29
53
51
53
27
49
55
62
52
35
30
31
54
54
31
56
34
32
44
56
62
53
51
39
56
23
26
37
46
27
29
27
44
31
50
43
33
46
20
23
56
28
43
50
32
34
49
48
48
46
54
58
40
44
28
41
52
52
51
41
30
47
37
59
56
17
30
28
35
49
50
35
38
30
45
62
34
32
48
58
45
24
44
32
39
43
47
49
23
35
40
52
48
33
55
59
36
39
54
36
42
14
52
36
32
47
49
44
12
46
41
38
24
37
16
39
63
55
34
37
49
34
47
12
70
29
34
25
45
43
32
60
39
57
46
50
53
36
41
54
54
43
62
38
34
25
36
35
32
43
49
48
55
50
53
44
53
64
62
47
35
59
52
50
33
33
26
48
24
20
56
47
33
37
41
51
49
52
27
38
49
37
28
52
54
48
48
53
62
60
64
52
6
40
50
59
55
46
40
45
49
52
54
41
56
28
57
34
39
46
34
48
51
30
52
58
46
52
42
50
47
34
52
37
11
33
63
41
31
49
30
39
53
35
52
43
55
45
38
66
51
53
47
37
38
56
37
63
53
47
60
22
24
46
45
41
30
46
53
29
32
47
33
43
37
19
37
28
44
34
33
35
53
41
43
48
52
53
52
45
53
44
39
34
37
32
41
32
34
55
41
23
32
40
62
45
36
27
29
34
53
38
51
51
47
40
36
49
36
31
50
50
54
52
39
51
45
43
31
31
48
54
22
30
51
20
35
31
26
34
46
30
44
39
49
30
55
36
35
31
47
29
70
40
29
37
34
44
34
31
48
37
29
53
35
51
34
46
34
53
36
46
53
23
19
48
34
53
29
45
25
52
35
51
43
52
39
12
23
54
19
26
30
52
21
49
57
26
58
37
51
28
34
51
28
36
42
48
27
30
50
41
24
63
57
51
58
48
50
23
38
52
33
13
48
55
41
53
49
42
33
68
32
35
31
28
41
57
59
30
40
24
45
51
43
54
38
43
40
35
43
23
54
37
18
31
26
34
49
43
46
46
39
33
35
57
13
50
53
27
29
46
27
49
43
36
51
42
