48
45
46
54
53
54
32
52
12
28
45
32
54
35
27
47
44
45
49
43
36
53
34
49
52
68
43
57
27
32
18
48
38
38
44
48
35
26
50
61
36
30
50
40
36
30
48
48
33
44
44
36
49
22
52
34
55
36
50
47
23
42
37
56
61
55
46
54
28
41
20
42
44
25
62
42
45
40
38
34
33
36
26
51
42
57
54
58
33
57
23
55
27
31
41
49
56
54
60
26
27
56
30
55
57
21
33
36
49
55
32
28
39
45
47
56
47
57
34
54
5
39
15
49
31
25
39
24
44
30
32
49
65
41
51
27
42
47
47
47
54
25
47
46
59
30
44
39
34
66
49
39
40
31
42
33
67
57
42
43
56
30
33
41
27
59
51
18
43
50
16
30
37
42
51
41
32
39
60
57
52
55
47
42
56
51
53
59
51
59
46
23
47
18
37
50
39
39
45
51
47
29
30
54
51
31
56
28
37
48
46
39
49
47
53
27
51
41
27
23
44
40
36
25
32
53
46
49
38
34
21
53
62
28
57
68
48
32
55
38
27
63
30
37
44
48
32
48
47
41
12
57
35
26
43
51
37
38
37
51
50
62
39
48
27
45
31
49
40
72
44
34
38
66
45
51
48
35
46
44
50
28
32
31
31
25
65
51
29
43
39
8
50
49
51
44
50
32
25
39
41
32
10
63
24
28
53
46
22
24
18
44
32
39
28
44
36
54
28
34
53
35
60
48
11
46
43
45
34
49
37
57
48
28
45
38
46
48
35
50
37
51
35
34
68
34
31
57
48
50
27
53
43
40
28
22
62
27
36
49
50
33
32
52
30
45
53
54
46
32
32
34
50
54
30
47
53
47
34
37
50
39
49
42
17
20
25
39
35
50
26
28
35
50
45
53
44
49
53
56
34
35
46
49
34
45
40
62
64
44
24
33
58
27
29
36
37
27
49
28
62
38
47
23
53
59
34
47
31
62
29
43
52
36
46
44
50
50
39
29
46
68
44
42
37
28
35
35
58
45
17
45
47
41
57
29
64
29
52
53
31
32
34
48
56
34
48
45
33
32
36
33
30
26
43
50
49
37
44
51
25
52
37
55
44
44
45
46
63
52
52
22
37
41
30
46
56
42
35
53
