38
55
41
47
30
55
34
55
51
46
39
34
34
32
29
40
51
52
49
52
43
45
41
34
47
15
40
51
55
48
21
6
65
42
51
62
29
28
35
31
27
29
34
27
42
31
39
41
51
31
23
20
29
55
30
54
50
45
32
38
49
53
63
39
46
44
54
46
31
48
34
74
49
60
34
49
30
38
46
65
54
47
37
41
47
22
52
44
39
70
51
50
49
49
53
48
37
49
49
52
44
42
49
40
41
28
33
31
31
44
21
52
39
45
33
39
27
44
37
45
46
51
49
46
32
39
39
71
28
45
38
52
38
40
53
14
60
58
48
34
51
40
34
17
59
43
44
34
57
29
56
45
64
32
47
44
42
37
43
57
39
48
53
32
58
45
46
67
49
56
48
28
30
22
22
53
35
19
35
35
41
54
58
29
48
32
35
56
46
29
19
43
41
34
24
47
57
25
10
50
41
53
55
40
26
44
36
49
32
30
21
49
58
36
47
27
52
49
36
55
36
23
29
34
57
54
38
25
23
34
29
38
50
56
34
53
33
41
37
29
37
46
57
52
35
65
25
44
54
58
28
54
54
47
54
32
49
37
50
51
32
40
31
36
34
50
48
38
24
24
29
58
33
55
31
33
30
59
49
31
36
25
50
60
45
50
48
38
71
61
29
43
28
51
45
40
37
35
54
36
50
37
50
31
27
33
27
66
30
32
59
22
56
19
30
57
50
58
50
48
56
43
36
47
50
17
56
57
45
44
36
30
12
62
35
53
58
56
58
13
44
45
44
53
31
32
37
49
68
48
53
49
63
44
31
60
39
63
48
41
46
30
33
47
24
55
35
45
57
59
49
22
41
41
22
35
50
52
66
47
27
28
45
51
35
56
59
29
39
52
42
49
41
42
47
49
43
57
51
34
73
29
36
33
36
60
21
41
53
48
53
4
42
46
32
42
33
47
27
32
49
21
34
44
66
42
41
43
56
54
32
45
41
57
49
46
23
50
48
48
53
50
36
41
50
33
31
49
29
57
27
31
63
33
66
40
54
53
43
41
47
63
44
49
47
59
56
59
50
58
65
39
43
63
34
30
58
41
46
55
27
52
19
29
39
44
35
57
37
32
45
39
29
55
45
21
44
51
14
56
