31
26
34
30
33
30
43
34
31
35
32
31
29
24
42
34
34
34
29
35
33
43
45
31
27
37
33
34
32
33
37
35
35
22
37
33
25
34
33
32
32
34
37
38
29
42
35
41
37
30
32
32
36
34
29
36
36
28
35
34
28
29
32
38
33
27
36
32
30
33
34
37
32
35
22
30
39
29
33
39
27
33
30
25
40
31
37
37
32
32
36
33
18
41
24
34
26
33
34
33
35
33
24
37
33
44
27
31
33
33
26
33
38
29
32
34
36
30
31
34
34
41
38
27
31
43
31
37
34
33
28
29
40
37
29
32
41
29
36
40
32
36
30
31
27
35
32
41
39
30
36
26
33
36
33
33
32
37
33
36
31
29
35
23
31
29
33
34
30
29
34
34
30
33
29
29
40
34
23
31
32
39
31
34
35
33
34
23
25
36
42
33
27
37
26
32
34
25
39
42
25
40
24
23
34
39
37
37
36
26
37
44
29
35
39
30
32
38
39
29
29
23
42
31
25
32
28
33
33
35
28
30
33
35
39
30
34
37
40
40
42
29
34
36
35
32
23
30
41
40
37
36
38
30
37
28
28
29
34
41
30
36
36
35
30
42
35
30
27
41
38
27
30
27
31
27
30
26
35
39
32
34
28
27
29
28
34
38
34
31
26
34
39
27
34
31
30
38
27
37
34
36
34
26
26
35
22
23
37
34
31
38
31
28
32
37
28
23
26
36
37
33
35
36
44
32
29
41
35
41
33
22
34
31
26
29
31
36
32
41
39
34
35
36
39
37
30
41
30
36
35
33
31
32
42
31
33
34
31
30
35
35
22
29
29
32
38
31
39
30
36
39
26
34
32
30
30
37
32
38
30
29
34
30
30
39
40
33
40
30
34
16
27
38
33
32
36
33
35
36
36
37
41
32
40
32
37
29
34
26
40
31
33
30
30
28
28
30
37
34
38
30
25
36
31
34
34
32
30
25
35
36
31
32
32
28
22
32
25
36
31
30
29
35
25
31
29
35
40
36
34
36
37
34
33
31
32
25
38
35
26
29
38
30
41
28
34
37
25
35
30
35
36
37
45
26
29
27
50
35
31
33
30
24
27
33
42
37
33
32
32
34
41
30
33
27
36
38
30
22
