48
34
49
43
31
43
52
50
60
31
22
33
51
45
52
45
42
50
40
24
26
26
51
46
53
28
60
30
55
50
58
53
32
48
52
29
49
22
28
32
36
43
39
22
61
29
54
20
35
35
47
16
34
53
35
51
45
44
44
48
45
35
44
27
24
58
24
40
51
50
46
34
59
44
51
53
43
34
49
45
68
31
37
34
55
35
48
50
52
47
34
55
27
47
56
71
46
56
75
31
44
60
21
41
46
64
32
31
28
31
56
35
56
36
55
69
30
29
51
30
49
51
32
43
50
44
48
47
30
27
60
38
34
42
29
32
26
52
23
20
40
45
27
38
64
48
40
56
42
31
34
54
49
64
28
20
56
50
31
53
30
60
37
49
43
36
27
35
57
20
47
36
39
29
65
64
50
49
50
66
49
28
35
50
57
7
58
50
48
59
35
63
41
61
69
54
56
48
51
46
50
51
36
31
30
48
54
18
33
37
54
39
36
54
46
59
47
45
64
39
32
53
30
36
62
25
47
44
56
37
43
22
53
32
20
46
29
22
26
38
42
50
13
48
53
38
57
39
33
55
47
32
30
35
61
29
39
37
35
61
40
34
33
22
39
32
52
24
38
21
46
39
37
34
31
32
38
57
35
55
42
50
46
31
41
31
37
54
27
48
42
61
35
41
40
25
33
43
29
47
27
27
44
31
37
31
52
57
46
47
21
35
29
54
29
57
52
46
56
25
55
52
75
23
53
37
52
53
52
42
32
62
40
33
50
37
34
38
49
34
28
53
30
42
26
31
38
32
47
27
38
42
42
60
28
32
46
50
11
37
46
54
24
51
24
28
35
42
27
51
44
30
57
43
31
30
50
40
18
48
27
25
46
14
20
51
35
49
49
47
37
46
26
54
41
39
44
46
40
47
28
32
50
18
51
20
24
39
54
42
49
35
29
51
51
42
62
52
32
53
50
39
39
33
33
51
36
31
41
57
53
36
24
41
34
33
41
53
21
36
38
59
52
53
63
19
37
70
45
43
46
48
47
53
57
31
35
50
38
14
11
53
52
39
37
25
30
32
31
29
53
41
53
49
19
43
54
32
46
40
30
33
41
46
61
38
48
38
30
50
37
41
68
32
31
25
23
55
52
49
