51
39
28
30
41
35
41
30
41
53
25
50
67
31
42
51
59
34
58
28
52
36
33
25
23
52
19
44
25
42
66
60
49
16
57
40
48
57
44
51
63
44
26
52
48
18
59
43
25
48
38
55
28
29
38
47
40
57
22
49
55
34
35
42
79
31
25
52
58
37
55
34
26
51
59
29
49
16
26
52
54
56
45
63
33
41
39
53
62
41
47
43
45
11
29
34
45
23
35
56
58
43
43
24
56
19
46
16
33
54
48
55
26
51
47
60
49
31
36
38
47
31
61
44
34
47
47
34
56
47
42
48
57
30
64
39
57
40
25
39
53
62
52
61
37
40
49
13
54
31
45
43
34
47
36
55
50
47
37
38
32
30
56
30
29
28
38
29
41
42
34
51
43
42
46
52
54
47
50
42
39
30
45
52
56
48
27
53
53
34
51
58
33
26
46
55
47
34
21
54
30
29
52
34
56
42
47
32
49
34
31
52
48
43
55
6
41
50
33
43
59
34
24
48
38
42
50
30
51
56
19
52
51
49
30
47
26
41
37
47
30
31
51
51
24
30
30
42
49
27
39
49
42
59
43
33
37
45
48
56
34
68
64
65
53
36
36
63
43
48
34
43
55
63
25
37
50
20
6
39
43
29
30
42
42
37
35
42
41
50
53
21
57
21
45
78
51
52
43
35
50
23
27
50
39
38
51
51
56
36
23
28
31
35
54
33
27
45
46
26
53
39
50
57
46
40
24
61
50
34
62
48
42
29
54
70
46
32
49
46
49
36
45
33
49
51
54
36
51
27
51
57
66
42
24
49
44
45
49
56
44
47
31
41
34
31
32
70
31
26
63
49
29
52
45
47
23
46
25
29
15
39
31
23
42
51
32
27
20
57
39
40
32
58
44
47
33
54
30
28
55
33
31
47
40
38
47
51
48
28
41
46
42
14
52
42
31
45
41
32
41
33
49
29
29
39
56
52
42
51
53
24
63
39
11
36
57
23
50
36
36
54
30
54
48
19
41
27
32
27
35
53
63
22
31
50
24
55
38
44
32
31
11
63
22
31
23
46
51
34
42
44
52
52
52
42
28
60
41
33
55
58
39
53
39
48
57
34
51
36
40
31
42
49
20
49
22
29
10
55
