36
33
55
54
43
27
45
33
35
48
49
37
28
26
35
31
34
49
50
34
28
33
44
41
28
38
39
57
41
42
37
42
52
52
43
24
47
48
28
40
30
45
38
28
54
47
30
39
41
44
51
40
65
49
35
11
40
54
34
62
49
47
60
56
57
54
38
57
29
54
46
56
29
45
48
24
51
32
55
37
53
35
53
53
29
61
41
52
55
25
27
56
31
34
36
41
49
30
40
33
54
33
56
46
37
44
66
50
32
39
28
59
29
46
25
37
37
51
45
37
27
53
59
57
48
34
26
55
33
38
68
33
30
54
24
30
33
31
45
40
53
50
59
37
58
48
29
29
38
36
54
33
32
58
14
48
49
44
41
42
52
50
41
37
58
47
38
41
56
43
55
56
67
52
30
35
54
31
30
19
58
49
52
44
32
62
20
63
31
50
59
37
53
45
51
29
29
50
47
32
27
42
45
47
41
47
47
69
33
27
42
52
36
54
55
63
56
33
51
65
49
53
41
43
22
56
33
45
45
24
39
51
50
38
50
57
28
57
23
40
36
54
46
48
59
39
24
45
47
37
33
41
47
27
52
45
54
40
46
31
25
70
39
37
61
52
31
39
43
48
50
34
37
54
48
48
28
63
39
27
23
48
62
35
28
53
34
41
57
55
63
47
48
23
56
53
40
51
37
32
41
53
48
27
48
37
55
54
53
20
53
56
40
32
49
57
60
59
49
49
39
34
37
45
24
47
33
37
30
29
55
20
54
36
33
57
38
45
47
42
33
57
52
41
32
51
42
31
46
54
24
41
53
55
22
50
76
50
50
55
64
41
61
48
13
41
37
54
53
49
62
38
37
70
40
48
51
50
54
51
24
39
41
45
52
49
43
60
48
32
35
50
56
32
49
35
59
34
40
45
13
42
39
52
36
49
38
52
49
51
47
36
52
33
26
25
56
37
53
48
32
32
45
53
38
47
27
26
33
49
53
52
44
49
49
71
27
59
30
20
30
52
38
30
56
49
48
43
61
68
27
60
30
32
46
48
54
37
51
58
53
45
34
30
48
48
22
35
30
31
46
47
52
35
43
52
42
29
54
49
33
58
64
36
45
57
21
48
45
50
49
59
53
39
45
23
56
37
48
61
