27
33
45
38
35
30
35
30
24
38
34
41
32
26
42
19
17
19
41
32
22
16
49
41
44
21
32
47
23
25
34
33
28
35
22
23
12
18
20
36
50
38
34
18
37
42
50
34
50
28
33
40
21
26
31
26
26
32
31
35
47
38
34
36
42
34
17
26
39
31
30
25
26
35
31
35
24
48
27
26
26
36
40
41
23
37
19
50
44
36
37
28
36
45
32
48
54
38
11
36
43
33
38
20
29
28
47
34
24
39
32
33
44
37
43
18
44
25
17
27
35
49
42
32
37
37
30
5
45
24
37
28
47
25
54
33
41
14
23
30
41
46
37
51
41
26
31
18
38
22
19
26
19
48
41
37
50
33
44
42
23
48
33
30
24
28
37
39
48
52
36
41
33
33
32
28
25
41
20
38
29
25
22
39
27
37
42
55
52
21
41
45
48
47
31
35
35
28
30
36
25
20
44
22
29
24
30
21
36
18
37
28
44
34
26
35
26
43
52
21
33
22
19
32
16
42
37
56
38
27
36
24
55
17
45
12
46
14
36
44
39
39
40
36
35
50
37
19
22
32
37
36
38
30
37
28
28
29
34
41
30
36
36
35
30
42
35
30
27
41
38
27
30
27
31
27
30
26
35
39
32
34
28
27
29
28
34
38
34
31
26
34
39
27
34
31
30
38
27
37
34
36
34
26
26
35
22
23
37
34
31
38
31
28
32
37
28
23
26
36
37
33
35
36
44
32
29
41
35
41
33
22
34
31
26
29
31
36
32
41
39
34
35
36
39
37
30
41
30
36
35
33
31
32
42
31
33
34
31
30
35
35
22
29
29
32
38
31
39
30
36
39
26
34
32
30
30
37
32
38
30
29
34
30
30
39
40
33
40
30
34
16
27
38
33
32
36
33
35
36
36
37
41
32
40
32
37
29
34
26
40
31
33
30
30
28
28
30
37
34
38
30
25
36
31
34
34
32
30
25
35
36
31
32
32
28
22
32
25
36
31
30
29
35
25
31
29
35
40
36
34
36
37
34
33
31
32
25
38
35
26
29
38
30
41
28
34
37
25
35
30
35
36
37
45
26
29
27
50
35
31
33
30
24
27
33
42
37
33
32
32
34
41
30
33
27
36
38
30
22
