39
31
31
35
25
38
31
30
30
42
30
44
34
39
39
38
43
27
27
36
45
35
25
29
28
31
33
37
34
37
35
32
31
27
36
35
36
43
29
38
32
29
34
40
30
28
29
40
37
28
34
30
30
33
32
35
34
37
38
30
30
31
34
33
29
31
30
34
35
38
31
31
35
35
27
39
33
43
34
37
31
35
42
35
41
26
28
30
38
40
30
28
31
35
27
29
33
32
40
27
32
39
25
28
31
25
47
39
36
25
30
41
33
38
24
33
28
34
29
31
40
36
36
24
28
36
32
38
44
31
30
34
37
31
33
31
35
31
35
35
38
26
41
31
37
40
32
37
36
29
38
31
36
29
36
26
33
34
29
27
39
36
25
39
24
28
38
31
38
35
34
31
35
24
36
31
39
31
35
27
35
39
27
31
37
28
29
35
30
27
30
25
35
42
39
31
36
35
34
30
33
37
34
31
32
30
24
32
38
35
37
30
28
41
34
24
45
31
31
31
30
31
31
19
19
28
31
33
27
36
35
38
39
30
31
31
38
31
41
37
35
35
27
33
30
33
37
22
39
28
46
51
25
39
34
36
47
42
25
24
59
59
19
36
47
35
40
39
28
23
37
36
31
37
43
16
39
37
14
21
38
43
44
49
24
24
20
26
41
31
26
23
41
40
54
39
21
34
39
49
49
29
37
24
28
44
27
42
39
42
32
50
43
36
28
24
41
33
47
27
37
39
47
29
33
29
26
44
24
32
15
29
43
29
34
44
34
49
27
41
26
37
42
30
24
13
28
24
36
28
33
31
35
31
35
29
32
32
38
54
50
29
22
28
29
31
17
38
45
36
28
32
46
39
21
34
45
40
33
57
56
28
23
20
20
14
51
30
20
28
28
29
33
27
35
30
53
38
32
22
43
40
31
42
44
26
26
16
44
39
18
29
31
24
43
35
41
9
29
36
45
37
33
48
20
47
19
29
11
31
37
41
30
4
33
22
10
33
31
45
30
39
23
43
31
43
44
37
35
26
38
37
30
49
44
20
33
26
27
29
19
30
34
29
30
24
47
43
26
17
44
27
16
37
47
47
56
49
41
33
42
48
19
39
24
34
28
26
29
32
16
32
33
32
32
37
54
30
45
43
