27
36
37
32
34
29
32
34
28
31
20
33
31
32
32
38
35
23
35
27
34
38
39
31
31
29
38
27
34
29
30
31
33
39
40
36
39
34
33
44
33
38
37
27
32
19
23
37
24
38
29
40
30
29
28
35
43
36
32
34
20
31
33
35
34
48
27
35
31
37
29
36
32
36
38
29
36
35
31
33
37
30
41
32
36
39
33
37
33
24
33
43
34
38
34
29
33
32
34
27
36
38
31
30
36
22
34
34
44
25
36
33
29
31
24
36
29
35
31
39
36
37
32
38
39
33
39
32
35
36
32
41
28
31
35
32
38
32
39
31
38
34
33
36
33
27
37
35
31
30
36
34
32
40
30
33
32
25
29
29
39
28
36
31
33
50
34
34
35
37
24
38
39
41
35
33
29
38
31
30
38
28
36
34
37
30
37
32
36
35
34
23
31
27
30
34
28
39
33
36
35
30
29
35
30
34
31
38
38
34
32
29
41
31
38
29
33
36
29
31
40
34
27
32
39
33
30
29
28
28
36
29
33
31
41
35
41
37
27
34
34
27
28
33
43
29
33
29
36
39
27
20
28
27
29
28
37
46
40
48
41
41
45
27
25
16
26
41
45
26
42
46
37
27
28
34
32
35
28
37
19
41
13
35
37
33
29
10
26
23
33
27
22
38
15
30
36
36
28
31
31
28
10
42
40
39
30
27
21
43
40
32
26
41
41
23
25
26
16
40
48
45
41
28
35
25
32
25
39
27
20
23
40
45
35
24
38
21
25
46
38
17
29
35
27
36
33
28
33
31
45
17
35
42
38
26
29
32
41
33
47
23
32
39
15
48
28
33
46
42
12
14
45
35
27
19
6
24
50
25
35
39
40
25
49
39
22
27
27
23
34
37
28
25
27
38
16
32
28
46
36
30
46
47
27
15
31
24
27
37
34
40
24
43
21
45
44
36
33
30
39
32
25
45
36
26
54
36
32
29
50
24
30
54
33
47
34
20
33
33
27
24
30
33
25
43
33
9
15
29
42
23
37
31
26
29
33
54
44
32
34
34
34
28
13
34
53
37
50
31
47
52
31
29
52
41
40
25
25
39
50
34
23
24
23
28
39
23
10
21
17
32
20
48
47
52
31
22
30
31
