12
22
65
47
52
27
47
38
56
51
32
54
54
38
40
38
25
25
35
43
23
58
32
44
30
37
59
41
36
35
51
31
30
47
47
23
54
37
29
38
39
47
50
50
39
52
30
58
41
67
39
28
53
27
54
41
48
14
53
36
53
57
33
33
23
55
52
47
72
28
37
29
32
13
55
53
37
64
49
40
48
32
71
35
17
64
51
53
50
40
33
47
44
41
50
29
33
43
63
48
41
41
48
39
40
56
56
32
56
50
52
47
32
43
55
19
68
39
34
35
46
48
36
34
24
24
38
33
53
44
44
51
28
49
50
51
52
51
48
53
67
45
55
26
47
33
40
37
27
57
43
32
33
54
48
34
33
46
48
31
55
49
49
34
38
35
32
21
55
39
59
53
23
24
55
40
53
44
32
34
64
49
50
27
40
41
52
60
31
49
27
27
32
53
54
35
49
53
43
47
50
24
49
48
45
31
51
39
35
49
50
38
27
49
18
40
53
51
31
50
34
17
34
42
42
40
32
37
50
37
33
33
46
41
30
49
44
46
62
40
55
47
45
52
49
26
41
33
64
31
53
33
60
40
44
54
54
58
60
55
51
29
57
31
47
44
46
73
34
55
43
46
59
36
22
44
52
31
56
47
30
43
52
52
42
55
36
48
40
46
55
51
39
38
32
50
37
24
38
42
73
57
52
45
47
32
38
54
23
43
48
59
36
25
45
33
30
81
44
48
54
53
25
52
37
29
43
50
47
52
52
52
48
64
55
25
49
52
50
50
40
38
45
37
62
53
53
43
42
52
39
80
35
34
39
28
41
47
33
56
31
33
49
43
44
42
42
52
25
37
42
53
56
46
29
42
42
33
19
44
22
43
49
37
45
37
35
27
57
55
58
54
29
37
47
38
41
33
39
24
43
61
41
48
50
33
33
28
30
55
66
52
52
46
38
31
58
28
50
31
50
48
56
36
30
29
27
28
55
62
49
64
34
66
27
50
52
43
45
66
57
33
35
31
46
56
33
51
24
24
38
56
54
22
38
50
35
43
55
11
45
40
31
50
58
32
39
28
64
38
35
55
35
55
36
35
38
48
29
52
50
34
61
32
47
43
24
30
45
27
56
29
22
48
43
29
38
21
46
52
