42
59
56
34
49
38
22
56
28
25
34
33
49
39
32
31
37
25
53
36
40
56
58
49
44
42
51
55
38
51
52
47
30
30
75
44
25
49
48
43
48
44
63
33
47
56
53
29
51
54
34
50
34
46
29
32
47
66
62
62
34
45
26
23
26
43
49
48
53
42
34
20
27
50
55
58
31
63
44
60
31
51
56
45
57
22
30
52
22
30
25
29
56
30
52
45
41
59
56
36
58
32
37
34
48
52
37
59
45
19
30
55
52
53
49
54
52
35
53
68
45
28
52
28
43
68
49
51
46
20
47
50
54
60
66
35
58
48
51
30
30
43
28
48
46
35
55
62
50
54
49
55
54
46
4
49
43
59
47
55
44
58
31
51
53
67
12
53
57
44
51
35
45
49
37
56
45
51
52
45
19
21
54
52
43
47
34
56
44
46
37
36
54
32
29
27
48
42
27
38
54
52
52
45
55
50
43
53
47
53
33
26
36
48
42
47
28
58
50
33
56
35
56
31
38
57
31
53
59
39
44
39
40
37
29
46
23
46
57
38
32
42
47
42
38
46
30
20
30
51
51
54
21
46
30
29
53
31
59
47
53
43
53
52
60
35
45
33
30
35
27
32
48
35
46
53
52
53
50
52
37
26
25
54
47
36
53
31
47
57
43
33
50
50
36
42
57
45
55
41
43
54
47
48
43
50
46
41
58
23
56
69
53
44
43
47
47
35
43
47
57
45
53
45
54
48
45
66
31
43
32
42
32
37
44
37
58
45
44
37
53
51
62
39
41
37
36
53
26
36
27
58
36
21
65
65
48
45
30
26
59
48
28
38
53
47
42
54
27
41
75
33
29
48
34
51
25
49
52
25
29
47
27
48
26
51
39
36
35
29
32
25
36
27
55
81
35
21
51
34
53
27
32
46
41
47
43
32
48
38
50
47
28
51
53
61
33
53
29
34
48
56
43
49
24
26
39
36
53
27
51
63
35
9
65
48
38
77
29
52
53
40
67
48
57
18
47
41
55
38
47
35
38
31
59
52
50
34
32
58
59
51
52
53
55
36
60
41
39
41
51
27
20
55
48
47
29
35
43
51
30
52
36
46
15
51
51
27
55
54
50
36
62
47
29
40
54
44
50
33
