49
51
54
53
58
39
69
55
44
42
48
70
62
46
52
42
42
47
63
36
64
37
45
60
59
63
64
69
50
49
37
45
40
44
64
58
55
50
59
51
60
58
62
52
39
52
43
57
46
43
71
46
48
62
57
58
43
58
62
29
46
58
32
47
58
39
53
51
57
35
51
39
48
35
69
40
43
52
53
51
47
54
56
48
35
41
62
49
47
41
33
53
48
60
37
75
57
59
40
46
41
38
61
44
62
29
65
53
57
66
48
65
36
39
28
54
56
39
50
40
47
60
43
41
42
59
59
51
44
41
61
60
51
36
50
43
54
60
47
49
52
57
54
53
36
62
30
52
40
54
37
52
22
57
52
54
58
46
50
60
47
58
66
49
47
43
31
38
56
63
57
71
43
70
24
60
63
33
52
60
48
53
43
38
49
38
64
54
60
51
64
50
73
53
67
56
50
50
59
49
49
61
52
54
37
57
58
59
52
67
51
50
39
29
35
48
40
36
46
51
50
58
45
59
41
35
36
63
47
32
46
53
45
65
47
59
38
60
42
56
55
62
54
59
55
51
53
36
62
49
31
44
46
43
41
40
65
46
56
49
51
44
49
55
49
53
57
62
51
34
59
59
46
52
58
60
59
63
71
29
50
23
69
64
48
36
38
67
46
57
59
46
46
54
62
57
43
44
57
48
55
49
54
54
62
47
53
51
44
51
51
47
45
43
41
52
29
55
45
63
67
58
37
46
65
38
38
54
39
57
59
27
63
61
52
64
55
48
65
40
46
38
71
37
50
59
41
60
50
52
46
41
63
49
52
59
43
45
47
57
76
60
63
43
56
46
56
43
40
51
67
54
55
53
63
52
49
48
40
68
41
64
54
35
49
55
55
52
29
60
42
53
53
54
66
45
44
54
55
41
35
59
56
35
55
47
52
53
42
47
41
51
59
41
23
49
52
60
62
55
62
52
43
51
51
45
49
50
45
44
60
43
34
42
51
48
44
58
50
52
25
64
48
34
33
52
46
45
54
48
42
52
65
40
46
51
59
29
47
60
63
36
63
55
54
53
48
43
41
33
48
58
45
49
58
37
74
64
54
46
47
67
40
49
42
41
60
49
39
43
35
50
50
48
46
49
44
61
47
49
