58
43
50
33
39
47
48
46
59
32
64
24
52
46
54
49
31
33
38
38
41
63
51
50
49
48
30
19
47
52
49
49
36
51
55
49
38
37
30
31
10
49
34
47
48
34
29
44
54
33
40
40
47
37
60
50
43
43
37
40
43
37
55
57
49
63
38
38
65
49
60
51
62
23
31
43
40
51
42
57
44
56
58
69
31
30
15
28
54
53
30
64
56
43
53
46
28
70
35
57
52
39
30
30
29
48
51
15
53
26
34
22
42
46
41
50
59
49
51
45
34
59
38
24
27
64
12
49
36
60
55
41
51
36
39
60
25
43
45
41
38
45
58
54
66
63
22
35
59
59
57
63
32
23
36
42
35
35
52
40
52
29
38
48
44
44
35
24
30
55
52
52
50
64
31
44
30
40
39
53
32
21
34
34
51
48
41
41
26
48
42
61
51
39
37
38
21
24
23
57
51
51
13
37
51
37
32
49
51
55
34
37
50
36
55
53
33
68
52
48
50
31
29
25
53
55
32
49
54
61
45
47
46
52
47
61
32
41
38
43
65
37
54
51
54
35
29
30
29
16
49
72
45
31
37
51
28
43
23
51
43
44
15
67
39
34
49
46
40
24
60
30
29
44
32
50
18
36
52
76
48
56
33
40
69
23
49
48
62
39
50
48
34
42
52
39
47
38
63
30
45
47
26
54
40
43
42
70
37
36
75
36
53
34
60
29
43
39
31
57
53
33
42
33
44
28
33
50
54
72
34
48
52
38
32
64
45
57
65
15
31
49
51
40
36
46
34
32
31
51
41
49
34
43
48
30
24
44
53
49
27
52
21
31
51
32
44
37
29
47
27
58
32
32
52
50
55
31
42
44
42
30
50
33
62
33
50
29
43
49
12
29
59
58
28
49
30
49
37
62
42
19
44
38
30
23
57
49
55
45
53
37
48
49
40
37
43
58
41
53
41
44
27
50
58
29
29
57
54
58
24
56
47
42
48
25
18
54
30
42
29
31
43
41
34
33
25
46
51
45
41
26
56
31
36
49
43
53
45
49
51
51
34
49
37
49
47
45
52
58
58
53
46
52
43
26
30
29
52
43
52
46
53
22
53
30
43
24
53
48
38
59
59
51
34
36
48
53
53
26
