55
49
38
34
45
60
30
47
20
57
49
34
39
39
47
48
36
47
46
46
45
46
35
47
20
62
46
50
23
45
20
33
44
35
29
44
48
37
50
54
36
68
38
53
47
34
65
51
30
34
51
35
51
36
52
44
60
52
43
53
28
52
25
57
51
19
37
28
24
25
47
43
33
48
45
35
27
54
37
49
28
42
50
53
40
38
14
32
40
57
71
43
45
35
49
40
30
49
30
34
49
54
22
57
23
16
64
48
29
55
48
48
54
52
27
48
45
52
40
26
32
34
45
36
34
57
34
41
28
41
53
38
26
65
54
38
25
53
33
37
50
59
63
50
40
39
46
25
22
60
46
46
63
40
53
49
46
26
32
40
52
51
31
44
54
52
61
63
28
40
44
32
48
21
42
57
34
51
66
48
36
49
45
29
47
53
26
41
35
49
36
31
64
50
32
43
36
57
58
42
23
49
36
39
55
35
52
54
55
37
56
49
42
37
50
51
53
43
43
17
49
47
49
49
77
36
53
23
51
49
26
64
33
27
61
49
62
36
70
34
30
18
28
30
52
58
48
53
36
48
24
36
27
50
45
23
36
48
55
49
57
54
52
56
48
52
52
49
57
27
56
41
31
20
26
33
38
61
57
50
65
56
47
62
47
43
44
60
47
37
26
62
20
38
41
33
65
34
37
47
34
33
37
34
44
60
37
40
35
69
35
46
50
61
40
51
57
58
31
19
54
50
26
50
53
37
33
49
47
28
43
36
34
52
38
49
31
50
41
35
51
57
62
64
45
18
36
48
37
12
50
38
30
53
58
60
30
46
54
53
58
45
67
42
45
53
62
30
48
35
23
48
39
56
45
38
48
45
51
48
39
38
37
49
25
57
23
51
9
28
57
53
40
54
39
50
32
44
32
29
46
29
25
63
55
75
32
62
53
50
27
60
30
54
37
29
30
28
45
52
49
51
53
29
47
31
43
54
28
36
37
48
51
50
51
49
32
31
56
20
67
31
53
56
7
50
52
35
34
52
36
29
49
19
36
42
26
61
36
40
39
17
63
40
56
57
50
32
29
62
34
37
34
46
31
48
35
43
23
47
56
52
30
55
46
28
45
59
61
35
27
34
26
35
33
50
51
59
36
51
