31
49
35
44
50
46
40
43
41
58
24
42
53
45
21
54
46
33
44
27
37
59
58
30
31
31
30
56
37
35
29
34
43
46
48
41
38
55
29
32
34
44
62
43
53
39
63
38
31
41
38
37
62
36
29
38
46
61
25
36
41
28
52
45
60
48
34
41
54
56
41
58
43
32
43
41
34
59
45
34
53
69
49
52
30
30
32
39
30
49
33
49
35
45
56
48
30
34
26
21
57
40
47
53
53
43
43
63
62
53
66
63
30
55
17
68
36
52
43
53
46
45
42
21
55
33
56
39
40
7
25
36
50
29
29
48
54
43
50
58
47
80
47
17
49
36
34
35
50
48
60
51
23
23
32
36
51
46
45
52
58
48
35
40
73
34
24
47
54
30
46
45
57
59
22
31
39
52
54
25
23
52
46
49
62
47
43
25
56
38
45
34
20
39
35
44
28
48
36
49
64
49
26
35
46
56
61
46
28
40
26
49
50
38
45
31
55
35
34
31
60
32
58
36
37
52
53
25
70
28
53
40
65
45
36
35
40
50
55
51
31
31
48
61
58
33
54
48
32
45
33
36
35
38
49
41
43
44
31
66
23
65
30
41
41
58
23
30
52
33
40
36
56
36
25
21
38
49
56
43
45
41
42
51
38
45
64
30
64
47
40
55
37
35
38
36
31
39
36
47
57
39
32
42
59
51
53
49
39
53
53
48
31
51
47
40
63
38
26
55
35
42
49
17
59
30
54
65
57
54
63
39
34
47
26
52
50
51
54
34
60
64
49
51
28
53
50
32
50
35
30
28
46
35
24
51
17
37
57
43
53
37
48
52
43
43
50
42
12
38
45
41
41
30
31
37
27
32
50
49
32
50
43
44
33
58
71
20
52
54
50
34
35
40
32
31
32
62
18
43
36
23
46
45
58
52
76
55
45
41
38
48
52
54
39
56
62
46
48
52
26
48
60
54
30
49
52
52
32
32
56
45
24
43
25
43
46
55
36
38
44
36
54
32
54
62
49
59
44
58
63
54
48
22
40
32
40
43
48
49
39
47
45
64
49
33
42
52
25
28
36
48
51
34
47
43
39
52
32
38
53
51
24
52
54
36
23
38
46
43
45
49
57
45
42
49
48
39
52
56
