59
56
40
54
47
43
52
34
38
47
42
45
44
56
44
27
35
38
40
49
51
21
27
33
50
51
60
51
42
40
39
54
48
53
21
40
54
36
41
29
36
48
30
45
53
52
30
55
36
55
39
58
34
19
35
58
25
61
31
42
66
34
64
65
49
58
55
38
37
50
50
53
46
52
33
53
45
29
35
75
34
16
43
47
29
55
58
23
54
39
67
62
51
50
58
41
55
50
19
46
60
34
28
44
52
40
45
34
28
49
26
43
48
53
49
37
59
30
56
35
57
51
42
45
31
41
49
28
63
40
30
37
29
28
31
30
52
38
47
53
42
54
55
31
48
41
27
62
51
44
36
50
46
30
48
31
29
40
58
34
37
49
42
59
52
48
31
57
39
35
69
56
43
53
51
39
48
43
62
47
49
38
47
57
20
32
35
46
55
64
42
46
41
27
65
33
57
44
20
48
25
39
42
53
44
42
9
28
53
40
45
46
33
23
27
35
44
54
55
29
59
36
38
53
51
57
39
45
25
35
43
49
12
27
21
39
36
57
19
50
37
46
49
29
49
40
33
42
51
30
66
46
42
48
28
43
50
50
31
38
42
54
53
34
66
48
46
27
34
45
32
32
58
47
38
30
48
57
34
27
23
27
49
56
48
32
53
62
49
53
35
55
28
41
47
45
52
42
64
37
53
48
32
53
54
62
36
53
41
7
30
56
32
48
37
47
23
51
42
30
23
44
58
52
57
40
33
41
61
47
61
60
29
30
52
36
56
63
38
35
57
52
36
52
39
47
42
36
47
61
37
50
58
37
64
62
26
36
41
49
49
37
51
38
52
38
23
38
35
32
26
50
29
43
31
47
46
22
39
34
51
44
33
51
56
15
51
33
10
53
27
26
35
37
43
66
59
27
31
28
44
63
47
37
46
27
52
57
20
42
53
27
32
56
60
45
29
48
41
70
66
70
17
50
58
55
31
46
35
25
56
50
48
65
50
38
40
51
51
22
58
42
54
59
55
40
48
63
44
37
53
66
33
45
32
63
49
28
43
42
53
36
28
24
65
39
42
48
28
37
28
50
53
34
35
37
32
26
47
53
17
60
55
50
50
20
51
28
64
53
52
26
17
63
48
43
54
42
65
33
