48
43
32
43
52
52
50
60
51
29
22
28
45
52
45
42
50
40
26
32
51
36
46
53
60
39
55
22
50
58
53
48
61
49
29
20
43
35
35
16
35
54
44
35
27
24
47
24
34
43
34
31
53
51
37
45
44
48
34
45
44
35
58
34
27
40
47
51
50
46
59
31
44
51
53
34
44
49
45
68
55
21
41
32
48
31
50
52
47
55
28
56
31
35
71
46
56
75
60
36
30
46
29
51
64
56
32
43
44
48
56
30
55
27
69
51
38
42
30
49
50
29
32
26
47
23
20
60
40
27
34
38
52
40
42
31
34
45
28
20
31
64
36
27
48
56
35
54
20
36
39
49
64
56
29
28
50
53
35
30
60
37
49
43
57
7
35
36
47
31
65
30
18
33
64
50
49
50
66
49
50
57
37
58
50
39
48
59
63
41
36
61
69
54
56
48
51
46
50
51
48
54
39
32
30
54
54
36
25
22
46
32
20
59
47
45
64
53
62
47
29
44
22
56
37
26
43
53
46
42
50
38
48
13
38
53
57
33
32
30
39
55
35
47
61
29
61
40
39
39
52
37
35
34
38
33
22
32
24
46
37
21
39
34
57
31
55
32
42
38
50
46
37
35
31
41
31
54
27
48
42
61
43
35
41
40
47
44
25
52
57
47
54
33
29
27
27
57
31
52
37
31
46
46
21
35
56
55
29
52
29
25
23
75
37
53
52
53
52
42
32
62
40
33
50
34
37
49
53
38
42
47
42
34
42
60
28
30
46
26
31
50
38
46
32
27
38
28
54
32
11
51
35
42
37
24
51
30
24
28
57
43
27
50
44
31
48
46
30
51
40
49
49
47
18
27
46
54
25
44
14
20
50
35
37
51
26
54
49
51
41
51
39
42
46
40
62
47
28
32
18
20
52
24
53
39
50
42
39
35
39
29
32
33
51
41
57
53
33
36
53
59
52
53
36
70
31
24
43
46
48
53
41
34
33
41
21
57
36
38
63
31
50
53
19
37
45
52
47
37
53
53
35
49
43
54
38
46
14
11
39
46
61
25
48
30
32
31
29
41
50
37
41
68
19
55
52
32
49
40
30
33
41
47
53
38
49
38
30
51
43
52
46
32
31
25
23
39
59
47
