24
40
34
17
43
28
53
35
24
56
54
50
50
54
31
18
43
42
46
53
56
30
30
9
45
45
22
49
41
36
39
56
33
50
51
55
30
47
56
37
27
50
27
71
26
51
38
36
43
47
41
51
47
50
21
38
19
49
25
57
24
49
61
62
23
33
39
32
41
48
48
28
50
34
47
41
49
43
56
36
55
40
26
29
31
48
31
39
26
52
59
56
30
35
59
56
34
52
29
35
38
36
31
48
47
42
59
29
45
41
50
48
36
32
50
40
37
66
34
63
40
57
48
58
52
29
62
44
50
40
51
54
69
55
29
29
44
24
48
35
51
46
49
38
39
51
34
45
37
55
35
65
57
45
43
23
40
30
50
25
56
39
25
50
48
64
49
64
27
48
31
34
49
26
31
57
55
32
38
20
41
26
55
61
64
19
51
45
50
42
42
41
48
51
27
30
54
55
30
60
54
46
34
34
60
46
29
67
33
62
39
30
30
57
50
55
35
49
53
46
27
54
36
9
24
32
45
48
32
45
52
32
63
46
55
55
52
54
62
25
26
27
41
42
34
31
22
34
20
30
54
49
56
36
54
49
31
44
41
22
43
46
53
31
37
43
47
50
32
44
34
53
53
21
20
55
37
38
41
39
30
58
48
33
52
28
47
28
71
53
45
50
54
24
49
39
60
58
30
29
18
44
56
46
57
50
50
36
54
32
52
64
34
33
38
45
28
48
45
36
49
47
45
52
52
27
58
47
52
63
40
49
37
44
62
22
57
40
22
40
48
62
52
52
34
46
60
56
51
44
57
26
14
27
53
58
35
32
29
32
37
49
29
29
51
63
53
63
37
48
25
29
31
38
42
37
52
39
32
37
63
61
58
52
51
52
36
43
48
43
57
31
49
19
50
19
49
72
30
45
41
51
65
27
47
58
54
40
32
33
40
59
50
47
28
48
37
61
52
44
54
55
36
56
56
31
28
34
35
26
41
38
34
50
57
46
52
48
26
48
63
57
45
34
37
16
31
33
30
21
37
36
51
42
35
44
45
32
53
37
36
28
32
47
67
64
35
44
49
50
35
50
33
81
28
48
54
22
51
69
52
32
57
50
42
41
39
51
57
49
11
52
20
43
37
32
61
34
49
26
