45
49
49
37
46
54
55
51
46
47
48
53
47
52
55
58
53
54
57
61
56
55
44
53
47
47
53
54
50
57
59
52
47
50
50
57
52
51
53
50
53
54
54
49
48
52
51
47
42
57
56
50
55
55
52
44
46
46
55
47
57
50
49
51
51
44
50
42
42
60
58
55
52
43
44
40
54
60
53
44
50
48
63
46
39
49
48
53
56
48
47
57
46
52
49
52
52
52
53
52
43
44
46
49
49
63
53
41
48
54
48
44
56
50
52
59
47
53
53
53
51
52
42
46
47
53
47
52
50
57
50
45
51
49
62
37
42
57
50
48
54
49
48
52
50
47
47
57
47
46
49
59
57
50
63
47
47
47
47
49
47
45
51
42
54
49
49
45
46
64
46
47
48
44
57
50
41
57
45
55
55
52
54
53
52
42
48
56
55
51
53
49
41
47
53
46
38
56
52
58
53
49
49
45
49
46
49
50
51
42
50
53
52
55
45
56
52
49
51
43
52
52
61
49
53
54
48
50
51
44
51
47
51
48
49
49
46
56
57
50
43
53
48
51
48
57
49
56
53
50
67
46
57
34
35
65
40
52
45
44
38
45
57
64
39
63
37
70
51
57
44
35
38
40
63
59
60
49
40
58
44
55
33
58
33
35
55
66
65
34
38
16
45
44
64
46
48
40
51
57
50
59
62
31
51
44
54
53
47
55
35
46
51
47
53
51
42
46
32
43
66
34
30
52
56
36
46
55
53
40
49
66
71
49
30
53
56
55
61
52
61
46
41
38
28
45
58
38
46
57
57
22
73
42
60
49
61
52
46
30
52
55
44
55
45
53
41
53
51
44
46
49
40
62
40
44
49
66
37
57
56
56
67
40
47
66
54
44
54
54
32
58
53
60
54
42
58
61
53
36
41
33
53
58
62
63
58
58
54
51
34
49
44
46
56
50
44
32
45
57
36
55
58
56
55
60
44
60
58
22
34
32
52
52
54
64
35
21
53
51
51
48
49
54
52
52
42
52
67
56
32
36
78
28
45
66
41
64
56
41
47
62
58
37
43
51
52
53
48
47
58
25
69
54
44
46
55
62
62
74
54
68
53
65
25
46
41
48
56
52
54
59
27
44
52
62
49
47
47
60
