28
23
54
25
36
21
39
20
43
30
59
57
22
41
44
30
56
58
34
58
46
26
61
30
35
50
35
36
33
38
35
50
50
39
41
46
47
43
49
34
41
38
41
44
53
59
46
44
51
31
34
58
34
36
45
51
59
30
31
69
20
40
35
51
42
32
45
46
37
64
33
55
46
66
29
17
52
31
23
34
57
50
46
37
54
27
42
35
45
41
29
49
52
41
50
33
46
57
56
40
59
44
39
14
62
57
47
42
30
32
32
32
32
32
29
45
36
59
50
46
36
59
25
32
32
54
47
38
23
38
41
63
27
34
49
58
36
46
52
59
63
42
32
59
54
20
25
48
27
54
57
32
23
42
48
39
34
55
22
54
39
32
20
53
36
51
41
51
73
61
55
23
50
31
41
31
36
27
47
55
63
48
54
26
53
51
31
24
40
34
32
30
46
45
66
36
23
26
44
60
28
49
37
28
55
40
55
25
35
45
54
47
41
60
34
29
27
57
31
58
51
58
44
57
48
33
64
46
33
39
47
25
37
41
35
44
32
50
65
32
45
32
62
23
55
25
56
36
40
44
47
16
37
48
52
26
57
32
44
32
40
46
22
37
36
55
34
30
36
38
54
51
62
43
45
50
19
26
61
57
39
38
47
36
31
28
19
39
51
37
36
34
27
54
57
19
49
34
54
61
66
63
64
48
51
58
32
40
63
52
55
44
46
63
31
34
29
51
60
27
36
38
52
41
60
23
30
55
46
33
29
55
29
52
51
33
48
40
27
26
58
29
44
43
52
40
33
40
61
53
51
39
45
53
58
49
58
35
38
30
37
27
52
52
44
30
35
34
54
47
51
49
47
48
42
37
40
60
28
51
54
54
49
49
43
50
25
38
43
55
35
25
35
19
41
64
57
34
26
29
48
35
36
65
46
52
49
53
52
44
57
68
43
44
45
52
52
59
46
35
47
30
35
51
41
55
44
48
51
44
55
45
58
31
40
41
53
25
33
50
25
46
51
44
20
30
47
42
40
53
32
51
71
48
49
41
47
26
47
28
35
39
50
32
54
35
51
52
42
35
37
46
47
52
37
33
54
26
60
34
50
34
53
41
48
36
51
53
10
67
60
50
40
42
53
50
34
41
47
34
