56
36
42
37
59
48
39
51
52
42
32
42
30
51
31
40
48
60
53
35
23
44
34
49
56
60
41
40
43
32
34
36
24
45
35
55
37
48
50
31
17
38
31
46
50
33
59
52
43
20
40
48
58
14
53
33
54
47
17
25
33
33
51
53
47
51
37
69
38
44
46
42
24
27
47
40
54
52
35
43
42
33
35
40
30
49
39
53
48
40
44
43
40
29
54
55
30
46
47
36
34
61
45
44
35
32
41
44
37
30
30
51
48
48
44
34
53
36
41
57
40
52
19
41
46
45
54
44
32
53
24
40
42
49
35
47
41
51
48
31
54
48
52
52
53
44
25
52
34
25
59
32
57
46
45
50
52
38
40
41
34
24
52
28
28
53
50
40
61
29
40
61
49
31
37
29
55
47
25
43
54
33
35
44
61
49
39
57
26
55
24
50
39
47
31
48
30
65
32
34
33
45
50
45
40
41
46
44
49
41
44
47
52
30
49
51
26
48
55
59
46
40
38
49
42
49
33
54
53
26
43
47
45
32
49
46
31
51
26
26
48
48
48
39
54
43
23
19
52
58
35
49
38
51
42
49
50
39
47
53
43
49
59
34
37
31
19
57
37
33
28
28
66
46
81
54
40
44
38
28
34
31
55
50
43
29
51
65
32
43
57
22
37
24
54
22
39
45
40
50
35
45
50
61
45
43
24
37
50
37
57
27
38
56
53
50
46
45
48
47
43
47
31
42
38
31
55
34
43
46
63
52
62
48
33
54
28
18
28
64
36
36
36
51
22
55
55
29
45
35
17
22
35
52
49
31
52
53
34
33
33
48
15
51
40
40
35
52
50
56
34
47
60
46
38
44
46
52
40
59
69
39
31
44
47
54
38
46
52
29
43
30
49
49
23
33
56
44
47
42
52
48
34
48
70
55
30
50
34
56
40
46
49
31
37
41
37
26
59
66
46
54
64
46
56
48
38
54
49
31
23
55
49
55
50
24
31
44
31
28
49
47
34
54
36
41
29
37
33
24
39
53
40
34
28
34
38
19
25
61
32
33
51
39
31
61
52
48
42
46
47
43
34
71
26
47
39
58
26
53
31
72
33
17
49
54
35
66
47
29
62
23
49
56
48
48
30
52
41
41
