36
31
38
39
32
35
27
43
41
37
41
37
32
36
40
29
15
48
36
27
31
33
34
41
28
26
34
36
23
26
41
38
31
31
38
52
32
25
45
31
39
20
44
48
31
37
28
30
29
27
20
39
43
37
45
33
28
43
26
43
31
35
27
29
34
26
31
29
27
20
54
17
23
41
45
26
45
13
25
30
32
38
31
37
22
37
19
21
48
19
35
56
35
38
50
49
26
24
56
35
38
32
15
37
38
42
31
20
39
45
29
39
40
34
37
37
31
40
36
33
35
26
44
34
32
36
20
27
22
53
9
29
31
40
35
39
37
28
34
24
34
29
55
40
27
25
33
27
36
17
26
33
39
22
49
38
22
47
26
27
33
35
26
31
34
35
31
43
31
45
35
35
17
32
38
33
32
35
46
41
42
31
21
62
26
46
7
32
36
23
23
44
27
24
45
38
21
12
42
24
27
33
28
32
22
35
32
42
27
39
25
43
35
32
36
23
32
36
36
41
36
33
47
45
26
42
28
30
27
18
28
18
30
17
25
42
20
42
31
46
42
33
20
22
32
46
25
20
44
18
29
32
35
32
37
41
40
35
38
28
32
19
43
27
37
36
33
33
36
31
29
42
31
26
32
36
31
31
41
30
36
31
35
29
36
35
31
44
34
27
39
31
34
30
34
21
31
26
40
41
38
34
35
32
29
22
33
30
31
30
26
23
33
44
35
41
29
29
38
35
32
37
28
30
25
38
25
30
27
31
40
36
40
32
34
32
37
30
27
39
27
28
42
36
27
26
31
29
36
32
33
30
19
36
38
34
31
33
34
31
33
33
33
28
28
37
37
43
42
35
33
36
26
34
25
27
36
39
34
21
30
30
29
33
41
33
37
36
33
30
29
30
40
28
29
33
33
30
39
36
37
30
30
33
29
34
36
18
28
36
33
23
32
39
34
27
28
41
38
38
31
27
29
36
41
33
32
25
39
29
36
30
40
27
25
37
30
39
31
29
33
33
40
36
31
37
41
35
32
38
30
40
34
27
25
33
32
49
34
43
31
39
34
38
35
39
35
28
33
38
34
32
34
34
38
32
33
41
32
38
29
34
36
31
27
33
29
29
31
32
41
28
27
34
31
28
29
37
23
27
