51
41
53
44
28
21
55
61
45
27
41
31
52
24
38
54
56
58
50
55
43
44
55
46
26
51
50
39
48
34
41
31
29
34
41
53
36
38
40
52
42
21
43
46
39
39
35
52
38
62
29
52
35
48
28
37
39
30
46
41
49
32
42
41
57
56
28
39
42
33
50
28
71
43
39
41
6
24
34
41
63
38
46
50
68
50
56
30
45
26
43
38
28
56
55
33
52
49
41
41
55
26
53
60
68
42
43
33
33
39
45
47
52
45
32
31
50
25
61
39
62
44
53
32
47
78
17
51
50
50
53
57
49
36
37
15
41
36
33
36
24
46
26
44
36
49
27
43
27
37
38
31
50
53
31
36
35
31
29
58
34
57
42
50
49
43
55
52
49
22
46
29
52
56
45
69
21
27
44
53
46
41
44
51
23
42
38
46
43
48
46
54
40
31
53
47
48
43
37
13
38
38
34
51
47
37
56
30
48
31
40
31
52
49
48
47
16
41
45
38
33
50
47
70
38
38
44
53
53
42
51
51
52
23
53
42
49
49
50
35
51
31
35
20
54
47
42
43
41
41
22
65
48
32
51
57
35
24
56
40
50
50
48
54
43
39
41
29
51
56
49
24
52
29
63
45
4
62
49
26
37
41
32
36
48
57
52
42
61
30
36
53
35
47
68
33
40
33
44
55
52
56
46
43
66
29
31
46
31
68
27
38
26
33
41
17
53
57
45
41
58
32
27
34
40
48
52
46
40
32
43
52
51
36
62
34
59
22
33
31
60
54
57
50
29
47
60
9
25
45
32
68
26
33
27
61
32
60
28
29
29
47
45
42
60
23
52
42
51
35
59
56
60
43
62
40
46
31
48
37
46
60
41
29
53
53
55
37
35
31
50
53
32
29
35
50
46
23
44
44
71
35
53
36
65
31
38
54
30
59
32
43
32
56
47
46
26
42
34
34
42
42
50
37
45
32
42
48
42
54
49
36
44
48
55
52
36
39
56
39
53
45
46
50
59
40
29
53
31
57
56
42
67
53
50
45
37
58
31
56
54
53
29
55
26
44
24
48
67
31
50
47
34
43
28
28
38
37
24
63
57
39
58
39
20
41
36
44
40
49
52
36
47
33
43
52
58
32
35
24
