56
53
56
49
41
51
55
51
52
48
47
45
47
53
49
48
43
46
48
48
48
53
53
48
48
46
52
53
43
48
51
53
46
44
50
53
53
57
52
51
56
50
42
44
58
48
59
43
49
53
43
50
59
49
53
47
52
47
53
44
58
50
41
48
53
48
52
46
45
52
52
51
46
54
55
54
56
54
56
41
37
54
51
46
49
55
43
50
57
57
43
49
50
55
41
49
46
47
54
50
46
55
59
47
47
50
53
47
57
50
49
54
53
44
48
51
55
53
54
49
47
64
49
60
56
47
48
48
50
38
45
43
47
58
45
45
72
55
49
50
49
50
51
55
53
47
49
54
53
59
51
56
56
43
53
52
53
52
53
45
57
49
47
45
47
60
44
53
51
50
50
54
65
47
50
49
46
45
47
57
49
53
47
52
50
50
43
52
50
58
46
59
46
48
45
54
47
50
51
51
54
57
52
48
54
49
45
45
52
49
53
55
54
53
46
48
57
53
42
42
46
44
52
49
43
43
42
48
53
49
52
59
48
44
52
46
44
57
43
48
49
55
44
46
56
55
52
52
43
48
40
61
46
45
52
53
45
58
53
41
36
30
63
40
55
30
48
43
65
53
65
53
42
64
69
35
48
53
41
48
55
44
49
43
27
39
72
20
57
53
54
51
53
41
28
40
64
58
62
43
58
51
58
47
35
57
60
54
53
70
50
52
48
38
41
42
48
34
42
45
62
44
65
50
39
46
61
44
54
54
55
60
45
36
55
54
38
38
57
49
62
54
33
46
55
63
54
56
59
49
61
54
60
50
48
63
47
49
50
42
47
40
47
36
43
27
60
59
59
38
38
37
72
63
51
52
40
40
47
45
47
60
42
57
66
58
69
28
52
36
26
48
66
60
51
49
58
37
46
50
47
42
64
55
53
62
42
41
53
54
40
63
46
46
32
46
63
48
37
37
36
53
51
51
61
56
47
55
40
44
56
60
50
38
44
45
52
50
41
48
48
63
59
56
45
46
50
61
37
40
44
69
36
41
65
57
50
61
63
71
47
66
52
41
39
69
68
40
48
63
64
37
47
43
54
28
58
39
63
58
61
45
57
44
40
38
59
56
36
48
59
45
57
56
54
45
46
70
52
74
