49
38
21
32
53
28
22
31
30
44
51
11
54
35
37
54
46
52
32
29
29
46
35
56
36
30
29
58
48
28
20
48
30
28
37
20
51
37
46
48
35
39
36
46
34
49
45
49
38
42
34
11
55
31
26
39
25
40
33
58
43
20
51
25
31
17
45
40
17
56
74
34
48
31
29
51
29
37
47
45
41
65
31
55
43
58
50
18
33
49
48
49
45
60
57
47
54
51
46
32
26
19
46
45
43
49
49
32
54
58
34
41
40
66
45
39
62
26
68
33
31
44
25
38
31
23
71
47
27
57
40
55
40
33
29
23
34
35
40
49
35
46
45
44
41
31
43
62
37
46
34
41
45
49
37
36
48
42
38
43
36
33
29
53
35
49
41
31
34
49
30
37
32
27
25
41
33
25
36
33
41
57
44
39
45
23
39
39
52
62
41
49
55
53
46
59
32
48
30
40
48
43
46
43
45
39
60
52
50
52
55
34
30
48
42
37
26
37
59
27
44
45
50
63
64
47
26
42
26
66
34
30
59
43
50
36
33
34
40
31
45
33
44
31
38
28
33
43
54
37
32
34
50
48
32
55
47
29
40
39
31
58
39
38
40
63
35
53
68
34
36
47
33
54
33
52
57
29
55
39
29
46
35
28
61
20
47
35
39
34
45
52
52
54
54
41
55
36
22
35
56
31
65
29
24
68
53
55
19
40
47
47
42
59
28
60
41
44
22
47
49
35
34
48
32
34
55
36
60
28
54
40
46
43
50
47
37
49
36
27
61
43
45
56
39
30
37
33
25
42
54
41
39
28
41
31
45
57
52
45
49
38
59
22
29
59
46
14
48
21
39
51
43
47
29
28
54
35
46
31
37
31
56
45
44
56
51
46
26
52
45
46
35
48
40
25
40
49
26
58
9
52
38
52
39
50
32
49
47
38
35
47
42
44
53
31
66
47
52
49
32
29
39
45
70
36
26
34
52
37
49
50
32
43
53
31
50
55
63
48
56
51
46
35
48
55
52
34
34
47
11
52
48
53
20
53
44
37
38
34
55
47
56
16
56
53
35
31
37
47
34
32
48
24
40
59
57
46
38
58
34
24
46
39
49
55
24
48
47
64
32
47
46
36
28
57
23
59
45
41
