24
20
51
41
44
65
26
49
55
32
50
53
31
48
49
39
43
39
57
47
37
29
48
52
43
41
21
51
48
28
47
46
31
36
57
47
33
59
49
22
50
56
53
35
58
27
55
44
21
54
54
55
38
39
35
37
29
55
51
46
26
53
49
41
49
28
33
21
44
48
46
32
47
28
54
32
38
35
59
55
53
33
39
44
35
44
60
60
25
57
48
29
39
30
48
46
65
38
19
33
49
49
51
53
55
63
50
31
31
38
33
38
33
59
59
41
50
46
51
62
35
31
41
43
33
45
43
44
29
30
41
33
35
51
40
31
51
41
34
27
23
26
49
51
58
33
21
46
28
55
42
31
39
60
32
46
35
39
23
32
44
32
42
42
29
51
48
31
35
37
32
67
43
28
35
26
45
47
30
56
40
46
22
49
35
43
55
52
30
36
35
25
23
64
40
26
22
40
42
49
38
28
40
13
26
62
39
40
41
41
34
50
49
52
52
39
63
39
33
38
48
34
53
55
49
45
51
51
18
41
35
48
59
38
49
51
54
34
33
41
42
27
59
46
30
44
30
45
47
21
40
44
32
36
39
45
35
36
37
48
50
47
28
26
32
41
48
65
28
52
47
65
41
55
32
41
38
44
31
52
50
32
57
49
44
39
37
42
25
47
41
53
32
40
34
50
28
37
68
45
52
49
54
49
51
52
52
45
45
26
38
51
54
52
50
44
56
54
19
34
39
24
54
57
55
56
39
31
34
52
41
40
41
46
32
52
48
52
49
50
44
37
59
33
46
46
57
42
56
51
35
46
53
22
54
37
44
31
39
56
41
45
50
27
70
31
27
33
45
34
16
51
55
40
38
45
55
52
21
46
62
51
34
43
57
24
58
51
40
51
53
48
28
45
37
49
51
32
61
30
56
36
29
52
48
56
45
50
32
26
45
51
42
54
65
31
23
36
22
40
59
28
39
53
60
56
37
49
45
32
46
37
43
36
49
47
48
46
43
47
43
5
52
29
31
36
42
50
12
48
49
42
57
39
48
54
49
39
44
46
56
33
35
38
64
32
53
48
41
58
65
26
55
48
51
42
43
35
41
39
48
45
28
28
49
28
31
48
46
31
55
29
52
42
17
42
33
50
52
31
