37
36
37
29
38
29
46
37
44
23
34
39
57
39
25
53
38
20
46
24
27
40
40
17
43
15
28
38
31
29
31
55
30
38
17
30
33
32
51
27
36
35
34
59
33
38
35
28
14
40
39
29
11
30
35
40
49
33
11
38
22
41
38
42
46
44
30
28
19
34
38
41
6
24
34
24
46
34
14
26
33
25
26
39
27
27
8
46
38
13
49
31
21
41
31
54
39
38
19
33
30
27
12
28
23
39
45
32
36
24
37
17
30
42
55
43
41
29
28
28
32
47
41
36
42
34
19
40
37
39
38
42
41
46
9
11
36
27
19
21
18
21
40
47
17
38
41
27
53
26
11
36
48
28
21
4
24
18
27
33
25
31
20
25
19
34
47
52
43
24
41
22
44
40
24
23
31
38
33
21
27
27
29
29
43
42
39
17
37
36
36
19
31
32
24
40
42
25
51
38
27
18
32
44
56
18
40
37
17
31
56
26
38
42
47
15
23
12
49
31
16
34
20
48
28
34
51
37
43
23
34
34
22
24
35
37
38
27
44
32
42
30
44
41
26
33
51
36
20
34
32
28
32
36
26
28
40
32
32
28
34
35
29
37
27
32
30
32
37
29
28
34
19
28
35
43
39
25
31
37
31
30
35
24
30
34
29
23
29
34
34
40
32
22
32
35
37
29
39
34
31
41
30
36
36
36
40
44
40
30
32
41
37
33
37
29
31
32
33
34
32
35
35
46
24
28
27
34
31
24
34
35
31
38
30
29
34
26
38
38
28
31
34
41
26
33
36
41
36
34
30
34
42
36
32
31
37
30
42
33
38
41
39
34
32
37
34
37
28
33
32
33
29
32
33
34
34
34
32
32
42
35
30
36
43
36
29
35
37
39
37
40
40
34
24
30
35
32
38
43
33
40
35
34
27
29
35
40
33
26
38
30
37
25
28
39
35
31
39
24
31
28
37
30
31
34
33
34
34
29
33
32
32
33
37
39
31
28
40
31
36
31
25
29
42
24
32
24
28
35
31
36
26
27
30
34
25
29
38
43
36
31
35
37
33
39
28
32
39
30
31
43
29
36
36
32
36
35
27
32
35
27
37
29
27
36
22
43
31
25
28
33
28
34
31
26
34
36
31
33
