29
21
40
31
33
29
34
48
47
50
34
28
61
32
43
52
48
58
69
22
28
35
48
42
50
41
51
52
52
26
38
54
21
45
38
47
34
52
60
48
38
33
66
33
47
45
48
35
20
24
12
34
37
71
65
38
52
25
46
48
42
23
54
27
64
48
52
43
48
26
34
44
29
54
29
31
48
26
51
44
34
40
45
38
29
50
28
24
31
43
29
33
68
30
39
32
40
49
42
48
36
43
30
37
39
35
60
46
50
18
18
57
28
63
50
40
56
38
48
40
35
50
50
55
54
25
32
36
53
48
35
56
48
55
30
33
45
51
22
54
45
39
48
39
28
49
58
40
52
27
57
56
35
32
35
58
33
39
54
26
51
49
41
28
37
54
39
62
56
34
41
22
35
51
26
17
44
50
40
52
52
56
51
49
31
43
32
32
11
33
60
54
34
34
44
57
33
30
45
34
50
32
63
51
36
58
31
36
57
42
53
50
66
41
29
60
18
25
60
32
46
39
50
30
50
65
60
65
37
26
43
46
34
34
35
25
33
59
62
42
50
47
22
47
22
66
48
32
32
46
45
54
41
31
33
43
30
48
18
42
49
47
19
27
49
34
32
56
51
33
49
31
32
49
39
18
28
57
34
49
32
40
30
45
37
19
40
21
47
25
34
38
23
36
35
44
41
50
54
43
52
40
76
36
63
46
49
47
37
35
51
31
43
31
38
30
29
49
42
32
27
51
39
37
53
52
38
27
44
63
35
40
37
49
37
29
52
55
52
25
55
72
48
22
57
29
35
45
57
51
25
60
42
49
52
45
29
53
34
56
54
32
41
59
49
33
33
43
30
31
46
53
46
48
53
50
50
60
63
30
39
30
50
55
43
40
48
28
47
73
56
44
37
22
34
51
46
31
42
58
23
51
37
53
27
29
38
57
29
55
38
52
44
56
40
49
26
31
53
47
44
55
16
35
25
49
30
31
43
63
35
40
26
49
50
48
55
24
13
36
38
36
57
54
47
48
54
33
27
55
21
39
33
27
38
52
49
47
39
52
34
31
42
25
41
32
51
52
53
51
60
52
44
45
55
50
47
29
36
50
46
59
51
54
40
56
47
51
50
34
45
53
35
29
53
39
51
39
31
66
