40
49
48
50
50
45
60
48
47
45
47
48
47
51
49
50
47
40
48
52
44
49
54
52
42
50
58
55
50
49
49
53
46
50
44
54
38
51
50
53
50
48
60
49
52
47
53
47
46
46
49
52
52
50
50
45
47
52
47
45
42
46
51
49
44
44
54
47
55
57
39
53
49
52
57
59
48
52
53
57
57
55
52
50
47
47
50
52
45
51
51
57
54
46
53
45
60
53
50
49
59
49
55
50
46
46
50
54
53
54
47
50
48
49
51
51
49
56
47
47
51
45
52
51
51
51
43
51
48
43
50
45
56
55
48
53
52
50
50
63
42
47
42
44
41
48
39
53
45
54
45
57
38
53
48
47
46
49
50
48
54
61
61
51
49
58
52
43
46
45
45
41
42
44
59
46
46
52
54
55
50
55
56
51
47
52
47
48
50
48
49
57
45
51
47
46
49
53
48
48
49
46
43
54
52
50
55
47
53
42
52
55
50
51
50
48
49
51
48
45
53
59
47
60
47
43
50
53
55
51
45
52
57
54
55
58
55
55
45
50
47
50
55
48
49
49
50
56
49
51
43
47
45
52
51
55
51
46
51
40
56
49
49
45
43
49
54
54
51
54
58
52
51
47
53
42
50
52
55
47
58
52
53
49
51
53
49
42
54
50
55
59
52
57
47
47
58
53
55
46
50
45
46
48
49
57
44
47
47
49
40
49
45
49
48
47
53
56
45
53
57
60
49
42
44
44
46
57
57
58
44
42
49
43
48
42
48
47
56
45
54
52
60
61
46
49
59
53
54
44
54
51
59
60
56
53
46
50
52
44
50
48
57
48
49
52
51
50
43
55
46
49
42
52
50
51
55
58
47
48
52
51
47
58
42
58
55
44
66
50
51
58
47
51
39
53
53
54
48
54
45
51
50
44
44
42
56
43
52
47
52
52
51
56
38
49
44
65
54
45
43
52
51
52
54
49
48
49
46
49
52
54
51
57
51
45
51
41
49
51
50
51
59
48
49
53
55
60
46
53
58
51
57
45
56
64
56
60
57
53
49
45
50
54
48
55
50
55
40
51
47
57
51
49
50
47
51
47
48
44
60
58
50
56
37
47
55
44
49
39
45
47
54
47
52
40
52
49
41
45
