54
46
72
67
45
42
61
55
36
47
43
58
44
59
48
57
52
52
49
47
56
50
55
35
65
57
66
37
68
47
46
47
51
47
56
43
44
42
47
30
52
68
63
60
32
41
74
57
58
40
40
52
49
43
60
55
47
51
59
47
58
53
50
39
47
50
48
51
60
77
59
67
38
56
55
48
55
57
57
55
40
54
65
72
44
48
62
52
41
64
54
55
53
51
66
64
49
58
49
34
36
49
46
55
64
53
36
63
42
62
57
49
56
39
65
51
44
44
54
59
41
48
49
39
42
51
50
63
51
46
49
48
52
44
61
62
54
56
59
33
48
45
51
52
25
35
60
47
66
37
60
64
49
48
42
42
51
43
59
44
50
52
60
42
47
52
46
53
49
41
48
45
54
61
57
60
49
54
58
57
56
51
42
68
49
47
52
41
63
31
47
60
62
55
56
56
34
52
61
42
54
50
74
67
53
55
59
47
55
59
45
53
41
38
55
43
53
50
41
41
65
50
37
49
50
52
28
50
55
50
53
39
28
46
55
53
46
45
44
30
34
38
38
61
38
63
52
29
76
36
53
56
58
47
46
52
43
47
42
53
55
46
49
53
50
57
54
55
46
52
56
52
46
49
56
53
51
46
57
56
52
53
59
54
51
50
51
47
56
50
52
52
55
46
54
55
53
51
51
52
52
51
49
46
41
39
57
50
43
53
55
49
43
46
51
41
48
54
48
52
55
47
59
55
48
59
44
45
55
53
54
45
44
50
47
53
54
52
46
47
50
52
50
44
43
53
47
56
42
44
45
53
47
51
49
47
51
50
42
55
51
55
52
48
48
51
57
50
54
48
55
51
52
49
50
55
47
59
48
52
44
57
58
44
50
48
56
43
54
54
51
54
49
38
47
50
42
50
42
49
50
54
51
48
41
51
50
59
54
53
57
52
50
48
44
42
49
48
59
53
51
47
56
42
52
43
35
62
50
43
43
46
45
48
48
50
54
46
55
54
49
48
56
56
44
52
53
54
47
45
45
55
47
57
52
38
38
48
42
44
49
56
53
54
56
48
64
48
50
50
51
45
57
50
51
45
47
58
39
50
51
49
59
57
52
46
41
58
50
54
62
49
43
59
51
49
51
56
49
55
