27
45
46
54
53
54
32
52
18
28
38
38
44
35
35
26
44
45
49
43
36
53
34
49
52
68
30
57
40
36
30
48
33
36
22
48
34
36
50
61
50
23
50
42
37
48
48
44
28
44
49
20
52
25
55
34
47
33
36
56
26
42
33
61
55
46
54
41
23
42
27
44
62
31
42
45
40
38
51
41
56
26
27
57
54
58
57
55
30
49
21
54
33
36
32
60
28
56
55
39
45
57
34
49
55
5
15
31
47
56
47
25
39
24
57
54
39
49
30
44
32
49
41
65
51
27
25
59
42
30
44
47
47
39
34
39
47
54
47
46
66
40
49
67
31
42
33
30
33
57
42
27
18
16
30
37
43
56
41
59
51
42
41
43
32
50
51
42
39
60
51
23
18
37
57
39
39
52
55
47
56
53
59
45
51
59
46
47
50
51
47
29
54
30
31
51
28
37
39
56
48
46
27
49
47
53
51
27
23
41
44
40
53
49
53
36
62
57
25
32
68
46
38
34
21
48
28
55
32
38
27
63
48
30
48
47
41
37
57
44
32
43
12
35
26
51
37
51
50
62
38
48
37
39
45
49
27
31
34
40
72
44
35
38
50
66
28
45
51
48
46
32
44
65
51
43
50
31
49
51
31
25
29
50
39
8
39
63
44
53
32
25
46
44
54
41
53
32
10
60
24
28
22
48
46
24
43
45
18
44
32
39
28
36
28
49
34
48
35
11
45
34
46
50
37
37
35
68
57
57
28
38
50
48
53
35
43
51
34
40
28
34
62
31
36
48
50
33
27
52
22
45
53
54
46
27
50
49
54
32
47
53
30
47
32
50
49
42
39
32
34
30
50
26
34
50
45
53
37
39
44
17
49
53
20
25
35
56
28
35
46
35
34
49
40
62
64
44
58
49
62
47
53
59
34
45
47
62
43
46
24
33
44
27
29
36
37
27
50
28
50
38
68
23
44
37
34
58
31
45
29
45
52
36
47
41
57
64
39
29
46
52
48
42
56
28
35
35
48
45
17
43
44
51
52
29
55
29
44
53
31
32
34
44
45
34
46
63
33
32
36
33
30
26
52
50
49
37
52
41
25
46
37
56
42
53
43
50
49
28
31
22
37
43
30
44
56
48
35
56
