35
43
24
31
53
18
56
30
30
54
50
50
54
43
9
22
42
46
53
56
45
41
36
39
45
49
33
56
30
27
27
50
26
51
55
47
36
56
37
50
43
71
47
51
21
38
41
38
25
24
51
47
50
19
23
33
49
57
32
49
41
61
62
39
28
36
48
26
29
48
50
34
47
41
49
43
56
55
40
31
39
52
48
31
26
30
34
59
29
56
35
59
38
56
52
35
36
48
31
47
29
45
41
42
59
50
48
36
32
40
50
66
37
34
63
29
29
40
44
57
48
58
52
29
62
44
50
40
51
54
69
55
51
46
24
48
35
38
39
34
49
51
55
45
37
65
35
57
45
43
23
56
39
40
50
30
50
25
25
27
48
64
31
49
64
48
49
57
34
55
26
31
41
32
38
55
61
20
26
19
64
41
51
45
50
27
42
42
48
51
54
30
55
60
30
34
54
46
34
60
46
67
29
33
62
39
30
57
30
50
55
27
36
35
49
53
46
54
45
48
9
45
24
32
32
32
52
63
25
46
55
26
55
52
54
62
41
42
54
27
34
31
49
56
22
34
20
30
36
31
54
49
44
41
43
46
22
53
31
37
47
50
44
43
32
34
53
53
21
55
20
58
48
37
38
47
41
39
71
30
33
53
45
52
28
28
50
24
54
49
60
58
44
39
56
30
57
50
29
18
46
50
54
36
52
64
45
32
48
34
49
47
33
38
28
52
52
58
45
36
47
52
45
63
49
27
44
62
57
48
40
62
37
52
52
22
60
40
22
40
56
51
57
53
34
46
58
37
49
44
51
26
14
27
63
53
35
32
29
32
48
42
29
29
37
52
63
63
37
61
25
29
31
38
58
52
51
39
32
37
52
36
48
57
49
50
72
43
45
43
51
31
65
19
47
19
49
58
30
54
41
59
47
27
48
61
52
40
32
33
40
44
50
54
28
55
37
56
56
50
57
46
36
52
48
31
28
34
35
26
41
38
34
48
63
57
45
51
26
35
44
45
53
34
37
16
31
33
30
21
37
36
67
42
64
49
50
32
81
37
36
28
32
47
48
54
35
44
51
50
35
69
33
52
28
57
50
22
39
51
57
32
49
52
42
41
32
61
49
38
11
51
20
43
37
42
53
34
49
26
