49
29
46
33
47
27
50
52
27
53
29
50
44
32
52
45
54
55
54
57
49
40
28
37
35
53
31
36
24
52
42
45
46
27
54
53
50
45
33
33
47
46
52
53
37
38
46
40
43
40
25
51
54
40
53
44
47
40
40
38
50
34
40
52
59
23
36
32
50
53
54
50
30
51
45
23
33
57
47
46
36
27
29
54
40
49
47
55
52
28
31
47
49
62
44
24
47
59
33
48
45
55
40
40
45
38
34
50
41
55
48
31
32
50
25
40
42
34
47
57
54
31
19
5
59
54
36
55
49
58
58
48
43
57
32
32
35
54
42
48
50
60
67
51
28
46
46
41
36
56
37
36
60
71
30
34
58
27
30
45
38
31
25
37
47
61
36
42
41
23
29
25
53
59
54
54
52
50
38
55
43
42
46
52
57
47
27
34
46
32
29
58
48
45
46
50
45
38
50
50
27
52
34
51
37
35
43
28
40
20
61
28
28
23
43
50
50
19
47
25
6
42
36
51
50
53
40
39
58
44
20
39
40
59
31
49
41
53
49
53
51
35
54
48
46
45
24
37
46
49
30
39
30
50
31
51
53
60
52
49
61
34
49
33
50
34
55
32
52
46
63
39
43
27
29
52
35
48
60
45
36
63
65
57
53
53
34
51
49
43
51
29
29
36
37
26
50
27
56
31
38
58
49
37
54
30
50
58
35
44
60
44
34
59
41
46
26
35
48
36
49
58
60
38
33
56
50
17
34
56
55
65
41
69
34
38
78
44
22
36
17
70
53
43
37
43
41
69
32
62
56
50
45
50
50
35
12
52
31
40
36
58
52
34
32
30
52
45
22
44
20
63
42
59
37
41
58
45
20
35
55
48
28
52
49
50
55
51
44
26
56
11
43
33
51
55
59
37
47
63
34
44
50
26
52
41
53
36
47
36
53
49
48
49
70
26
29
35
29
54
50
34
44
32
52
44
35
55
53
34
29
47
58
52
59
22
41
32
60
33
58
61
47
37
41
50
43
42
21
36
43
49
29
48
51
34
52
44
56
31
63
30
28
52
51
39
57
26
26
44
47
47
51
24
32
32
40
41
52
53
54
45
41
34
32
47
39
46
24
50
32
19
46
27
54
37
45
16
55
30
