48
35
63
47
38
52
16
53
22
53
42
38
30
46
45
25
53
29
53
19
65
36
53
27
26
33
60
48
31
34
61
30
35
44
57
42
26
54
40
49
52
44
52
26
42
60
58
52
61
61
52
31
39
35
45
32
21
52
39
32
27
31
19
27
38
48
49
47
39
45
49
50
63
50
46
50
56
63
46
46
30
39
54
26
53
32
70
45
52
41
59
48
55
56
51
37
64
46
51
45
44
14
39
65
30
34
52
39
29
60
28
35
45
25
55
39
31
64
45
31
44
40
22
32
42
58
37
52
37
56
30
45
45
32
27
55
31
34
35
53
31
48
39
39
54
63
34
59
50
12
36
40
39
45
44
19
37
46
24
21
46
54
53
53
49
48
55
52
37
26
50
55
51
33
49
47
22
21
11
38
25
55
52
57
34
56
34
52
62
38
56
48
24
45
56
31
37
38
27
58
32
31
55
59
47
50
47
34
59
59
28
44
39
61
36
47
52
31
49
29
29
35
37
39
53
53
61
41
54
17
42
40
42
31
42
50
52
32
48
44
24
41
48
26
53
47
32
46
40
55
45
20
42
52
22
39
37
35
49
37
30
58
48
23
17
40
26
37
60
48
57
58
37
37
46
27
35
57
44
51
28
38
39
50
51
50
48
37
32
41
25
55
49
45
32
46
34
57
59
30
27
23
49
25
42
46
16
43
51
42
23
32
49
62
49
59
55
38
34
31
60
41
43
27
31
52
36
48
19
41
52
33
52
41
36
50
57
33
23
53
34
48
45
54
35
27
51
39
53
46
43
12
40
38
50
44
53
43
51
35
45
30
47
42
29
43
38
40
32
43
53
44
34
31
52
49
57
56
51
38
36
23
29
53
39
49
64
57
55
51
45
54
49
48
38
30
36
50
38
34
39
46
32
44
62
22
48
39
49
54
48
17
56
44
21
30
47
42
29
36
50
28
49
23
45
43
47
34
29
46
36
57
38
34
41
55
16
32
50
43
49
29
53
56
30
55
37
56
53
62
34
40
47
8
34
72
55
16
33
49
41
43
56
38
41
42
35
38
64
51
34
40
30
38
58
33
36
37
38
54
35
53
35
24
25
39
48
47
63
37
50
46
50
54
31
36
15
59
32
48
