48
22
47
36
30
52
27
37
49
23
31
49
54
47
30
29
49
36
30
47
60
52
49
64
35
18
30
49
57
33
52
35
18
57
26
47
36
46
59
37
51
46
44
28
31
30
30
24
45
25
60
53
33
27
36
47
46
32
37
43
38
65
60
25
45
53
49
57
46
50
48
53
34
48
55
45
52
40
37
47
21
47
31
49
53
34
43
53
52
47
38
29
53
42
43
33
39
32
33
57
55
54
33
49
51
57
48
43
24
54
41
31
34
60
41
63
46
42
46
52
39
53
35
34
55
49
22
46
47
32
34
26
35
52
58
59
56
46
52
51
35
51
46
44
29
23
45
51
33
31
29
56
44
44
48
46
58
42
47
44
47
57
42
33
25
48
26
54
55
31
53
16
31
64
36
55
47
51
33
27
57
37
60
28
46
49
25
57
50
44
52
55
28
37
30
41
53
22
29
29
43
40
33
35
47
27
48
48
51
50
55
35
33
56
41
35
37
52
27
52
58
42
44
24
56
52
54
40
40
49
48
48
27
50
35
30
56
64
55
45
55
25
54
25
33
38
66
52
36
40
39
41
43
45
60
45
50
36
23
50
50
38
53
33
30
55
62
35
51
40
55
51
48
54
46
40
27
43
37
49
34
35
31
53
28
59
58
51
44
41
60
52
59
50
46
35
43
70
47
28
41
51
57
16
52
59
19
32
49
30
28
51
37
62
37
55
41
49
43
34
25
39
61
41
31
47
44
41
32
51
71
46
33
32
50
44
49
36
46
55
43
37
37
44
32
24
43
45
38
52
46
56
22
48
63
53
59
28
35
30
48
46
41
41
66
12
37
54
55
39
51
47
25
41
40
51
68
23
58
35
57
39
18
57
29
49
41
44
51
53
45
37
16
51
36
39
34
26
42
28
57
35
24
50
30
23
61
36
39
42
62
41
28
52
51
29
55
15
25
49
26
35
33
58
47
29
49
31
53
36
34
30
31
24
58
58
44
61
43
40
63
53
29
36
49
32
63
43
40
46
24
53
56
24
51
53
32
40
45
54
48
52
49
40
60
56
31
52
50
49
46
56
36
43
8
41
51
43
41
32
34
34
47
42
58
62
49
24
33
49
43
34
47
27
35
49
33
45
39
48
