22
43
54
32
28
32
28
23
25
36
59
57
21
39
20
43
56
58
30
58
46
22
61
41
44
50
35
30
34
26
30
50
50
35
41
46
47
36
49
33
41
38
35
44
53
59
46
44
51
39
43
58
34
38
45
51
59
41
31
69
34
34
36
51
30
31
45
46
20
64
40
55
46
66
35
42
52
32
37
33
57
50
46
29
54
27
42
17
45
31
23
49
52
41
50
34
46
57
56
37
59
44
35
41
62
57
47
29
30
33
40
39
14
42
32
32
32
59
50
32
32
59
29
45
36
54
47
46
36
38
41
63
25
32
49
58
36
46
52
59
63
42
32
59
54
38
23
48
27
34
57
32
20
25
27
54
32
55
22
23
42
48
39
53
34
51
41
51
73
61
54
39
50
32
20
36
55
23
31
55
63
48
41
31
53
51
36
27
40
47
54
26
31
45
66
24
34
32
44
60
30
49
46
36
55
23
55
25
26
45
54
47
41
60
28
37
28
57
40
58
51
58
35
57
48
34
64
46
29
27
47
31
44
33
33
44
39
25
50
37
65
41
45
35
62
32
32
32
55
40
44
23
25
47
48
56
52
36
57
16
44
40
37
26
46
36
32
32
22
37
55
54
51
34
62
45
30
36
50
61
38
57
38
43
19
26
39
36
47
31
28
19
39
51
54
37
57
36
49
54
61
66
63
64
48
51
34
58
32
40
27
63
52
55
19
34
31
44
46
34
29
27
63
36
51
38
41
60
52
60
23
55
30
46
33
29
29
33
40
27
55
26
52
51
48
29
40
58
44
43
52
40
61
53
51
39
45
53
58
33
30
37
49
58
35
27
30
35
38
34
52
52
44
54
42
37
40
47
28
51
49
47
48
60
51
54
25
38
43
54
49
49
35
19
43
50
55
34
26
29
35
25
36
41
64
57
48
35
65
46
52
49
43
53
52
44
57
68
44
35
45
30
35
52
52
59
46
47
51
44
41
45
55
31
44
41
48
25
33
51
25
55
58
40
20
30
53
42
40
50
32
46
51
44
47
53
51
26
71
28
35
48
50
32
49
35
41
47
47
35
37
39
54
51
37
33
52
26
42
34
46
34
47
52
54
36
60
50
10
53
41
48
40
51
53
67
34
60
50
42
