55
44
52
33
38
64
49
32
53
27
50
29
40
33
46
23
29
50
46
58
53
55
38
45
33
19
40
56
59
63
49
33
47
60
29
51
39
52
21
52
37
59
59
48
51
50
33
35
29
47
58
44
27
53
31
38
35
57
47
46
30
32
45
46
23
22
32
28
52
44
42
62
48
45
57
57
59
37
59
63
57
46
44
53
41
38
52
50
50
51
54
63
47
53
50
50
36
46
47
31
43
50
51
51
27
52
38
32
45
43
46
40
19
49
21
54
44
45
49
33
31
33
31
41
42
60
28
69
35
54
34
48
55
28
37
31
22
36
39
53
46
30
59
36
47
45
17
36
59
57
36
58
38
35
31
49
55
50
59
29
55
55
34
48
28
31
62
58
29
19
30
36
49
30
49
42
65
27
48
15
49
55
33
69
57
24
45
42
39
50
52
34
50
42
32
34
33
47
39
45
53
53
27
39
33
41
53
56
32
37
38
52
28
31
76
43
50
49
60
35
51
34
32
53
36
46
36
46
33
47
42
50
51
50
58
54
39
16
40
23
32
60
38
36
54
46
48
37
47
52
26
32
60
23
54
61
48
59
49
47
37
25
46
29
49
26
27
43
34
33
53
33
28
53
22
51
19
36
58
55
32
39
28
29
54
48
45
42
26
31
55
35
40
47
54
57
54
31
30
27
45
66
50
56
35
29
66
40
43
57
28
50
55
37
53
52
52
21
53
42
35
31
32
60
48
61
30
50
31
32
59
50
46
48
32
56
28
29
29
47
36
27
28
41
42
37
45
43
33
44
55
47
47
49
50
57
21
41
50
59
48
36
47
35
42
55
52
48
54
47
46
50
35
45
50
50
44
53
46
50
48
44
61
54
40
67
18
24
37
34
45
42
28
57
52
37
37
46
23
23
49
29
30
47
15
57
42
36
29
36
28
27
34
35
48
46
29
57
32
31
52
32
67
40
50
57
48
25
51
65
35
30
53
33
53
48
45
31
23
25
30
48
32
63
49
51
62
34
45
53
46
24
36
40
35
52
49
62
50
26
47
51
55
53
29
15
43
47
57
49
37
52
50
55
41
26
31
50
39
35
29
56
53
51
36
47
50
55
52
25
48
29
50
50
33
21
27
29
32
54
