27
33
56
45
53
38
35
30
35
30
24
56
38
34
49
41
41
51
32
26
42
19
17
19
41
32
55
51
22
16
49
41
52
44
21
32
47
48
47
23
25
34
33
45
28
35
22
47
23
12
18
20
36
50
38
34
18
37
53
42
50
34
50
28
49
48
43
46
48
33
40
21
26
31
26
26
32
31
35
48
47
38
34
36
42
48
34
53
17
26
39
31
30
25
26
35
31
35
24
53
48
27
26
26
36
40
48
41
23
37
19
50
44
48
36
46
37
52
28
36
45
32
48
54
38
11
53
43
36
43
48
33
38
51
20
53
29
46
28
44
47
34
24
39
32
33
50
44
37
43
53
18
44
53
25
57
52
17
51
27
35
49
42
56
50
32
37
42
37
30
44
5
45
58
24
48
37
59
28
47
25
54
43
33
41
14
49
53
23
30
41
46
37
43
51
50
41
26
31
18
38
22
19
26
19
48
41
37
59
50
33
44
49
42
23
48
33
30
24
53
28
37
39
48
52
36
41
47
52
33
47
53
33
32
28
25
41
20
44
38
29
25
22
39
58
27
37
42
55
52
21
50
41
45
48
41
48
47
31
35
35
28
30
53
36
25
48
20
44
22
29
52
46
24
30
21
36
45
18
37
52
28
44
52
34
26
35
26
43
52
51
21
33
46
22
54
19
55
32
16
54
42
37
56
38
27
36
24
55
17
45
56
12
46
14
54
36
44
39
56
39
40
36
35
50
41
37
37
19
22
32
46
51
25
54
39
34
51
46
36
49
47
42
25
24
55
59
59
19
43
36
50
47
57
35
40
57
39
28
23
37
36
31
43
49
50
37
55
43
16
39
41
37
14
21
38
43
44
49
49
46
24
24
47
54
20
26
41
31
50
26
23
46
55
41
40
54
59
39
21
47
47
34
39
49
49
29
50
37
24
28
53
44
27
47
57
42
39
50
42
32
50
43
36
28
24
49
54
41
33
53
47
27
37
44
39
48
47
29
33
51
29
55
53
54
26
44
49
24
47
32
15
29
64
43
49
60
29
34
44
34
49
27
41
26
37
42
30
24
13
56
28
24
36
28
33
31
35
31
35
29
32
32
38
54
50
29
22
28
29
31
17
38
45
36
28
32
46
39
21
