36
40
49
32
37
42
28
48
50
36
30
50
27
29
34
35
34
29
45
60
31
36
48
47
30
33
27
29
45
41
36
34
38
47
36
37
34
48
29
34
39
31
32
38
41
38
28
38
40
47
51
40
40
31
49
26
50
28
35
47
36
40
31
35
30
33
37
34
24
34
41
32
24
26
39
39
48
47
52
33
39
27
38
30
34
42
36
29
44
35
36
49
23
54
52
38
35
42
37
36
34
50
35
58
34
26
55
38
35
33
33
44
31
32
30
26
32
35
36
50
49
38
25
33
49
23
49
35
29
41
36
28
21
34
31
34
53
30
33
46
38
50
44
22
28
37
54
37
40
36
33
33
38
33
35
34
41
21
30
30
41
36
23
29
39
43
36
31
27
26
31
34
34
30
51
35
31
34
36
50
35
38
28
36
53
26
50
33
24
48
29
60
24
32
29
34
49
27
40
52
33
31
38
39
31
37
30
34
30
38
23
34
33
36
47
53
41
47
33
28
46
33
28
46
39
49
52
35
35
52
25
50
34
33
27
31
40
35
36
42
29
28
33
41
50
34
25
43
45
28
38
47
25
52
29
39
47
31
37
36
30
39
35
38
45
42
35
46
29
50
34
42
51
26
49
26
44
39
32
22
44
25
54
47
31
55
57
45
39
53
41
49
40
33
37
37
38
34
22
32
29
37
52
33
28
32
57
24
39
30
28
59
35
24
39
38
48
38
32
42
52
53
33
57
57
39
35
36
29
55
43
29
29
52
32
35
32
50
37
41
40
47
47
35
38
28
32
19
43
27
37
36
33
33
36
31
29
42
31
26
32
36
31
50
31
41
30
36
31
52
35
29
45
36
35
31
44
34
27
39
51
51
57
31
34
54
46
53
45
60
30
34
21
31
26
40
41
38
34
35
32
29
22
53
50
33
49
30
31
30
26
23
33
59
44
35
41
49
29
29
38
35
32
37
28
30
25
55
50
46
38
25
30
27
31
40
36
46
40
32
50
34
32
37
54
30
53
27
39
54
27
28
42
36
27
26
31
29
36
32
33
30
19
36
38
34
31
33
34
31
33
33
33
28
47
28
37
37
50
43
42
35
48
33
49
36
26
34
25
51
51
49
56
47
47
51
45
52
51
51
