49
51
36
31
54
38
39
32
35
27
43
41
53
37
41
37
58
32
36
39
69
55
40
29
15
48
36
27
31
33
34
41
28
44
26
42
48
34
36
23
26
41
38
70
31
31
62
38
46
52
52
32
25
42
45
31
39
20
44
48
42
31
37
28
47
30
29
27
20
39
43
63
37
45
33
36
64
37
28
43
45
26
43
31
35
60
27
29
34
26
31
59
29
27
20
54
17
23
41
45
63
64
26
45
13
25
30
69
32
50
49
38
31
37
22
37
37
19
21
48
45
40
19
35
56
35
44
64
38
50
49
26
24
56
35
38
32
15
37
38
42
31
20
58
39
45
55
29
39
50
40
59
34
37
51
37
31
60
40
36
33
35
26
44
34
32
36
20
58
62
27
22
53
9
29
31
40
52
35
39
37
28
34
24
39
34
29
55
40
27
25
52
33
27
36
17
26
33
39
22
43
49
38
22
47
57
26
27
33
46
35
26
31
43
34
35
31
43
31
71
45
35
35
46
17
32
38
33
32
35
46
41
42
31
21
62
26
48
46
62
7
32
36
57
23
23
58
44
27
24
43
58
62
45
38
21
12
42
24
27
33
29
28
32
22
35
32
42
27
39
46
25
43
35
58
32
36
23
32
47
58
32
36
39
53
36
51
41
36
33
57
35
47
45
26
42
28
30
27
18
28
18
30
17
51
25
39
42
20
42
31
46
42
33
20
22
48
32
46
25
35
20
69
40
44
18
43
52
50
48
47
30
53
42
51
25
47
25
54
56
48
40
46
14
35
49
34
28
41
35
42
28
62
49
47
46
41
33
17
52
42
53
41
33
37
48
60
37
46
31
75
46
26
57
59
20
47
27
34
27
26
40
19
30
40
27
46
28
41
57
38
12
31
45
24
35
30
31
45
27
48
29
61
34
41
26
31
38
44
40
35
25
46
30
29
11
33
62
29
65
25
33
34
19
32
35
31
36
21
53
22
30
37
14
57
22
54
66
42
43
18
35
32
32
55
25
25
27
30
36
14
21
47
26
21
31
48
45
32
65
36
26
42
25
33
20
39
32
54
40
46
31
39
16
30
41
35
32
25
46
17
28
54
55
56
39
29
30
39
50
38
40
33
32
14
47
60
43
41
42
