36
56
53
56
32
49
37
42
28
41
51
55
36
30
27
29
51
52
48
34
47
35
45
34
29
47
31
36
53
30
49
48
33
27
43
46
48
48
48
53
53
29
48
48
46
41
36
34
38
36
37
34
29
34
52
53
43
48
39
31
51
53
46
32
38
44
50
41
38
28
38
53
53
57
40
40
40
31
26
52
51
28
35
56
50
42
44
36
31
35
58
48
59
30
43
49
53
43
50
33
59
49
37
34
24
34
53
47
41
32
52
47
53
24
44
58
26
50
39
39
47
33
39
41
27
38
48
30
34
53
42
48
52
36
46
45
29
35
52
36
23
38
35
37
52
51
36
34
35
46
54
55
34
54
26
56
54
56
38
41
37
54
35
33
51
33
46
49
55
44
43
50
57
57
31
43
49
50
32
55
41
49
46
30
47
54
26
50
46
55
32
59
35
47
47
50
53
47
57
36
38
50
49
25
54
53
33
44
23
49
35
29
41
48
36
51
55
53
54
28
21
49
47
64
49
34
60
56
31
47
48
34
48
50
38
45
43
30
33
38
22
28
37
37
40
47
36
58
33
33
45
45
33
72
35
55
49
50
49
50
34
41
21
51
55
53
30
30
47
41
36
49
54
53
23
29
39
43
59
36
31
51
27
26
56
31
34
56
34
30
43
35
31
53
52
53
52
53
34
36
35
45
38
57
28
36
49
26
33
47
24
29
45
47
24
32
29
34
27
40
33
60
31
44
38
53
39
51
31
50
50
37
54
30
65
34
30
38
23
34
33
47
36
50
41
33
49
46
28
33
28
45
39
35
35
47
57
25
34
33
49
27
31
53
40
35
36
42
47
29
52
28
33
50
41
34
25
43
28
38
50
43
52
50
25
58
46
29
39
59
31
46
37
48
36
30
45
39
54
47
50
51
51
35
54
38
35
57
52
48
54
29
50
49
34
42
45
26
45
52
26
49
39
32
22
53
55
25
54
53
31
45
41
40
46
48
33
37
57
53
42
37
42
46
38
44
34
22
32
29
37
52
33
49
43
28
32
43
42
48
53
24
49
52
59
48
39
44
30
28
35
24
52
46
39
38
38
32
44
42
57
43
48
33
49
39
35
36
29
43
55
29
44
46
56
55
52
52
43
48
