56
53
27
36
56
49
41
51
55
51
52
37
48
47
45
32
47
34
53
49
48
29
43
32
46
48
34
48
28
48
53
53
48
48
31
46
20
52
53
43
33
48
31
51
53
46
44
50
53
53
32
57
52
51
56
50
42
44
32
38
58
48
35
23
59
43
49
53
43
50
59
49
53
35
27
47
52
47
53
44
58
50
34
41
38
48
53
48
52
39
46
45
52
31
52
31
51
46
54
55
29
54
56
38
54
56
27
34
41
37
29
54
51
30
46
49
55
43
50
57
57
31
43
49
50
55
33
41
49
39
46
40
47
54
50
46
36
55
59
39
47
47
50
53
34
33
47
44
33
38
57
50
37
49
54
53
27
44
48
32
51
55
53
54
49
19
47
64
49
60
56
47
48
48
50
23
38
45
37
43
47
24
58
45
45
72
55
49
50
49
50
51
55
53
47
49
38
54
53
59
51
56
56
43
53
52
53
52
53
45
57
49
47
45
47
60
44
53
51
50
29
40
30
50
29
54
28
35
65
47
50
49
43
46
36
45
47
57
49
32
53
47
52
50
50
43
34
20
52
50
31
33
58
35
46
34
59
46
48
45
54
47
48
27
50
51
51
54
57
35
52
31
48
54
49
45
45
52
49
53
37
55
54
53
46
48
57
53
42
42
46
44
52
49
43
43
29
42
48
36
53
49
52
59
48
32
44
52
36
38
46
44
29
36
35
57
31
33
43
48
49
55
44
46
56
37
55
52
30
52
43
48
41
32
37
53
56
48
41
49
54
36
39
33
52
37
56
58
45
52
47
33
24
59
54
33
43
50
48
34
55
47
38
52
59
51
45
34
60
50
40
42
51
52
43
49
52
52
46
29
33
32
34
56
52
39
49
54
50
61
49
27
50
52
40
56
56
60
43
44
48
52
48
53
36
44
40
38
31
46
54
49
59
43
57
40
30
56
42
36
47
50
22
34
51
58
44
48
34
49
52
50
48
58
47
48
44
25
53
53
51
51
50
49
36
51
44
53
43
51
53
46
33
54
49
55
29
31
46
24
45
36
46
47
44
46
52
50
52
59
48
48
29
35
41
31
39
49
67
36
50
37
50
32
55
38
53
46
58
53
52
50
52
39
49
47
55
51
54
48
