36
32
37
42
28
36
30
27
29
34
35
34
29
31
36
30
33
27
29
41
36
34
38
36
37
34
29
34
39
31
32
38
41
38
28
38
40
40
40
31
26
28
35
36
31
35
30
33
37
34
24
34
41
32
24
26
39
39
47
33
39
27
38
30
34
42
36
29
35
36
23
38
35
37
36
34
35
34
26
38
35
33
33
44
31
32
30
26
32
35
36
38
25
33
23
49
35
29
41
36
28
21
34
31
34
30
33
38
22
28
37
37
40
36
33
33
33
35
34
41
21
30
30
41
36
23
29
39
43
36
31
27
26
31
34
34
30
35
31
34
36
35
38
28
36
26
33
24
29
24
32
29
34
27
40
33
31
38
39
31
37
30
34
30
38
23
34
33
36
41
33
28
33
28
39
35
35
25
34
33
27
31
40
35
36
42
29
28
33
41
34
25
43
28
38
25
29
39
31
37
36
30
39
35
38
35
29
50
34
42
26
26
39
32
22
25
31
45
41
40
33
37
37
38
34
22
32
29
37
33
28
32
24
39
30
28
35
24
39
38
38
32
42
33
39
35
36
29
43
29
27
20
28
27
29
28
37
46
40
48
41
41
45
27
25
16
26
41
45
26
42
46
37
27
28
34
32
35
28
37
19
41
13
35
37
33
29
10
26
23
33
27
22
38
15
30
36
36
28
31
31
28
10
42
40
39
30
27
21
43
40
32
26
41
41
23
25
26
16
40
48
45
41
28
35
25
32
25
39
27
20
23
40
45
35
24
38
21
25
46
38
17
29
35
27
36
33
28
33
31
45
17
35
42
38
26
29
32
41
33
47
23
32
39
15
48
28
33
46
42
12
14
45
35
27
19
6
24
50
25
35
39
40
25
49
39
22
27
27
23
34
37
28
25
27
38
16
32
28
46
36
30
46
47
27
15
31
24
27
37
34
40
24
43
21
45
44
36
33
30
39
32
25
45
36
26
54
36
32
29
50
24
30
54
33
47
34
20
33
33
27
24
30
33
25
43
33
9
15
29
42
23
37
31
26
29
33
54
44
32
34
34
34
28
13
34
53
37
50
31
47
52
31
29
52
41
40
25
25
39
50
34
23
24
23
28
39
23
10
21
17
32
20
48
47
52
31
22
30
31
