36
32
37
42
28
40
49
48
50
50
36
45
30
60
48
27
29
34
47
45
47
35
34
48
29
47
31
51
36
49
30
33
50
27
29
41
47
40
48
36
52
34
44
49
38
36
37
34
29
34
54
39
52
42
50
58
31
55
32
38
41
38
50
28
38
49
40
49
53
40
46
50
40
31
26
28
35
36
44
31
54
38
51
50
35
30
53
50
33
37
34
48
24
60
34
49
52
47
53
41
47
32
46
24
46
26
39
39
47
33
39
49
27
52
38
30
52
50
34
42
50
36
29
45
47
35
36
52
23
47
45
38
35
42
37
46
36
51
49
44
44
54
34
47
55
35
57
34
26
38
39
53
49
35
52
33
33
44
31
57
59
32
30
26
48
52
53
32
57
35
57
36
38
55
52
50
25
33
23
49
35
47
29
41
36
47
50
28
21
34
52
31
34
45
51
30
33
51
38
22
57
28
37
54
46
53
37
45
40
36
60
33
53
50
49
33
33
59
35
34
49
55
50
46
46
41
21
50
54
53
30
54
30
47
50
41
36
23
29
48
39
49
51
43
36
31
51
27
26
49
56
47
47
51
45
31
34
52
51
51
34
51
30
43
51
48
43
35
31
34
36
50
45
56
35
38
55
48
53
52
50
50
28
36
26
33
63
42
24
29
47
42
44
41
48
24
32
29
34
27
39
53
45
54
40
33
31
45
57
38
53
48
38
47
46
39
49
31
50
37
48
54
61
61
30
34
30
51
38
23
34
49
58
33
52
36
41
43
46
45
45
41
33
42
28
33
28
39
35
35
25
44
34
33
27
31
59
40
35
36
46
46
52
54
55
50
55
56
51
42
47
29
52
47
48
28
33
50
48
41
34
25
49
57
45
43
51
47
28
38
46
25
29
49
53
48
39
31
37
36
30
39
35
48
49
46
38
43
35
29
50
34
42
54
26
52
50
55
26
47
39
32
53
42
22
25
52
55
50
31
45
41
40
51
33
50
48
49
37
37
38
51
48
34
45
53
59
47
60
47
43
22
32
50
29
37
53
55
51
33
28
45
52
32
57
54
55
24
39
58
30
55
55
28
35
24
45
39
38
50
38
47
32
50
42
55
33
39
35
48
49
49
36
50
29
43
56
29
49
51
