31
64
40
38
66
51
26
59
62
34
59
30
51
65
36
33
68
30
43
48
34
68
61
31
35
32
44
31
56
50
43
56
54
52
29
46
24
42
34
65
34
34
53
48
29
35
59
60
37
33
43
31
45
49
59
31
57
27
37
33
34
32
30
54
33
55
37
27
35
35
49
32
22
52
37
33
66
58
63
46
54
25
34
33
33
32
38
54
32
34
37
43
38
53
53
50
55
49
55
29
42
48
50
52
55
69
35
49
45
78
27
41
34
37
61
63
30
57
40
53
43
44
75
32
32
36
44
46
40
34
42
29
36
36
28
59
50
35
64
62
56
34
51
28
45
49
29
49
32
56
38
42
33
54
27
58
49
57
52
57
36
57
48
60
42
51
57
32
49
30
55
33
40
42
34
49
42
50
37
56
32
46
35
22
30
39
56
48
49
36
53
29
54
51
57
38
54
33
39
43
41
36
27
33
46
56
30
47
25
59
40
45
31
37
37
32
52
32
28
36
55
25
52
33
18
41
24
34
35
43
49
26
54
33
34
33
50
35
44
54
26
33
24
29
37
33
44
35
62
47
27
41
31
40
51
33
33
34
63
46
39
26
33
62
68
38
29
43
35
21
32
34
36
81
30
31
48
58
34
34
62
27
52
41
38
27
31
43
52
57
54
53
31
37
34
33
57
64
52
56
28
29
56
40
42
37
57
29
32
41
47
29
40
57
43
58
42
19
47
36
55
42
62
47
40
32
36
30
31
27
35
32
41
39
42
54
54
47
48
37
30
36
47
50
26
34
33
36
53
56
33
33
32
37
33
54
36
55
48
61
31
29
60
35
51
23
46
47
31
56
29
33
34
58
30
29
65
50
34
34
30
33
44
29
29
40
34
52
53
23
31
32
39
46
31
51
34
37
30
35
51
33
55
34
23
47
25
36
49
42
54
33
27
38
70
31
54
37
26
32
34
25
55
39
48
59
59
58
42
25
40
24
52
53
48
23
34
39
37
70
42
37
36
26
43
37
44
48
43
29
35
61
51
45
60
53
39
63
30
47
32
38
32
47
39
39
29
41
43
29
45
23
42
31
25
32
28
33
33
35
28
30
33
35
39
30
34
37
40
40
42
29
34
36
35
32
23
30
41
40
