23
17
61
30
29
43
13
48
17
38
31
48
39
20
53
29
57
43
63
51
34
62
31
12
19
40
53
38
32
25
31
31
39
45
26
68
46
30
45
34
12
18
25
48
31
65
43
36
45
38
47
48
27
46
41
56
35
13
38
14
40
37
34
52
71
57
57
34
52
45
79
69
31
47
15
55
37
22
32
60
22
75
38
48
36
39
36
39
60
33
44
8
59
40
45
31
48
37
52
48
49
18
49
57
49
39
46
54
61
41
36
29
45
51
31
58
65
57
38
34
46
57
70
41
49
31
21
34
32
54
65
43
51
21
47
17
48
50
32
41
51
58
30
52
44
30
25
56
45
51
52
38
50
60
11
48
22
31
40
37
38
29
18
51
43
69
28
37
68
80
27
35
25
35
53
19
16
38
39
46
55
42
43
24
30
59
44
62
46
54
56
51
15
50
28
34
51
54
33
38
39
55
31
37
39
42
57
48
51
55
31
59
47
28
45
44
53
50
36
39
41
35
65
36
61
57
35
45
34
38
45
65
44
57
21
62
68
33
41
55
48
48
46
41
23
40
48
26
50
53
17
54
44
42
45
45
38
53
51
59
35
31
30
43
23
56
25
38
49
52
41
49
52
65
63
20
56
28
53
42
35
58
63
47
32
65
45
51
45
50
46
58
41
34
40
62
69
28
31
25
49
57
52
63
43
61
20
64
36
50
32
29
35
31
30
66
43
34
54
41
50
23
40
45
27
30
43
24
32
34
42
51
54
47
49
30
31
36
59
49
57
29
60
48
22
40
54
64
62
31
39
28
31
47
47
23
73
28
43
23
61
42
49
30
26
42
12
52
48
21
40
40
67
41
27
77
51
38
41
33
32
39
21
48
24
44
28
58
57
45
53
45
66
28
31
56
37
54
40
62
36
14
48
33
74
50
43
47
30
41
42
36
56
51
26
39
45
28
51
62
29
23
32
32
43
20
73
36
47
19
21
34
36
17
32
11
51
56
32
12
39
43
69
22
32
37
27
59
66
34
16
9
56
37
55
37
16
54
31
48
21
24
20
23
53
39
33
71
52
27
49
29
50
49
54
41
29
40
60
39
52
53
60
55
53
36
51
35
45
57
66
29
50
38
41
62
65
52
51
58
