36
32
37
42
28
36
30
27
29
49
34
51
35
34
54
29
31
36
53
30
58
33
27
29
39
69
41
36
34
38
36
37
34
55
29
44
34
42
39
31
32
38
41
38
48
70
28
38
40
40
40
31
26
62
28
35
36
31
35
30
46
52
33
37
34
24
34
42
41
42
32
24
26
39
47
39
47
63
33
39
27
38
30
34
42
36
36
64
29
35
37
36
23
38
35
37
36
34
35
45
34
26
60
38
59
35
63
64
69
33
33
44
50
31
32
30
49
26
37
32
35
45
36
40
38
44
64
25
33
23
49
58
35
55
29
41
50
36
28
21
59
34
31
34
30
33
38
22
28
37
37
40
36
51
33
33
60
58
62
33
35
34
52
39
41
21
30
30
41
36
23
29
39
52
43
43
36
57
46
31
27
26
31
43
34
34
30
71
46
35
48
31
62
34
36
35
38
57
28
36
26
58
33
24
29
24
32
29
34
27
40
33
31
38
39
31
37
43
58
30
62
34
30
38
23
29
34
33
46
36
41
33
58
32
28
33
28
39
35
47
35
58
39
25
34
33
27
31
40
35
36
42
29
28
33
41
34
25
43
28
38
53
51
57
35
25
29
39
31
51
37
36
39
30
39
35
48
38
35
35
29
50
34
42
69
26
26
39
32
40
22
25
31
45
41
40
43
33
37
37
38
34
22
32
29
37
33
28
32
52
24
53
51
39
47
30
28
35
24
39
54
38
38
32
42
33
39
56
35
36
48
29
43
29
35
29
32
35
32
37
41
40
35
41
38
28
62
32
19
49
43
27
37
36
33
33
36
31
29
42
31
26
32
36
31
31
47
41
41
30
36
31
33
53
35
29
36
48
35
60
37
75
57
59
31
44
40
34
27
39
31
34
30
34
46
21
41
31
38
26
40
61
44
62
41
38
34
35
32
29
22
33
29
65
30
31
53
57
66
30
26
23
33
44
35
41
29
29
38
48
35
32
37
65
28
30
36
25
38
25
30
27
31
40
36
39
28
40
54
56
32
34
32
37
30
27
39
27
28
42
39
36
27
26
31
29
36
32
50
33
30
19
36
38
34
40
47
31
33
34
60
31
33
33
43
33
28
41
28
37
42
37
43
42
35
33
36
26
34
25
