64
23
17
61
40
30
13
38
17
38
31
48
39
66
20
53
29
34
31
12
51
19
40
59
53
38
62
32
25
59
51
65
31
31
39
26
30
45
34
12
18
25
31
36
38
36
27
35
13
38
14
68
37
34
52
48
31
15
37
68
22
32
22
61
38
48
44
36
36
39
8
31
56
37
48
18
39
46
41
36
50
29
31
31
21
43
34
32
51
21
47
17
48
56
32
30
54
44
30
25
52
38
11
46
22
31
65
40
53
37
48
59
29
18
60
51
43
28
37
27
35
25
35
37
19
16
46
42
24
31
30
44
46
51
49
15
59
28
57
30
54
34
33
38
31
39
55
27
51
31
28
45
49
44
32
50
36
52
39
41
35
36
45
34
38
66
58
21
63
33
46
41
48
41
23
48
26
17
42
38
54
33
35
31
30
23
25
38
41
49
38
54
20
28
42
35
41
43
34
28
31
25
20
36
32
29
35
53
53
30
43
34
23
40
27
50
30
24
32
34
42
31
36
55
29
22
40
49
31
55
39
28
31
48
50
23
52
28
23
55
42
30
26
69
49
42
45
12
78
21
40
27
34
61
63
40
27
38
41
33
32
39
21
57
48
24
44
40
28
53
28
43
31
44
75
37
40
36
14
48
33
30
44
41
42
36
26
45
28
29
23
46
40
42
32
32
20
59
50
36
47
19
64
21
36
17
32
11
32
12
39
43
22
32
62
27
34
16
56
9
37
37
51
16
31
21
24
20
23
39
33
27
29
27
20
28
27
45
29
49
28
37
46
40
48
49
41
41
56
45
42
27
25
16
26
41
45
54
58
26
42
46
49
37
27
28
57
52
34
32
35
28
37
19
41
13
57
35
57
48
60
37
33
29
10
26
23
33
27
22
42
38
15
30
36
51
36
28
57
49
31
31
28
10
55
40
42
40
39
42
30
49
42
27
21
43
40
32
26
41
41
50
56
23
46
25
26
56
16
48
49
40
48
45
36
53
41
28
35
25
32
54
25
51
57
39
38
27
20
23
40
45
35
24
38
21
25
54
46
38
17
29
35
27
36
33
28
33
31
45
17
43
35
42
41
38
36
26
29
32
41
46
33
56
47
23
32
47
39
15
48
28
33
46
42
12
14
45
35
27
