56
53
56
49
41
51
55
51
52
48
47
45
47
53
49
48
43
46
48
48
48
53
53
48
48
46
52
53
43
48
51
53
46
44
50
53
53
57
52
51
56
50
42
44
58
48
59
43
49
53
43
50
59
49
53
47
52
47
53
44
58
50
41
48
53
48
52
46
45
52
52
51
46
54
55
54
56
54
56
41
37
54
51
46
49
55
43
50
57
57
43
49
50
55
41
49
46
47
54
50
46
55
59
47
47
50
53
47
57
50
49
54
53
44
48
51
55
53
54
49
47
64
49
60
56
47
48
48
50
38
45
43
47
58
45
45
72
55
49
50
49
50
51
55
53
47
49
54
53
59
51
56
56
43
53
52
53
52
53
45
57
49
47
45
47
60
44
53
51
50
50
54
65
47
50
49
46
45
47
57
49
53
47
52
50
50
43
52
50
58
46
59
46
48
45
54
47
50
51
51
54
57
52
48
54
49
45
45
52
49
53
55
54
53
46
48
57
53
42
42
46
44
52
49
43
43
42
48
53
49
52
59
48
44
52
46
44
57
43
48
49
55
44
46
56
55
52
52
43
48
59
50
53
45
52
58
47
51
47
50
52
58
46
60
51
52
36
47
50
57
49
49
47
48
49
48
48
53
51
52
52
49
52
60
58
47
50
51
55
49
59
51
45
49
55
52
49
48
48
54
40
49
44
44
53
52
48
45
57
56
48
54
56
54
49
50
52
51
52
51
57
56
52
43
46
59
59
56
39
44
49
49
53
55
51
49
45
45
43
52
60
45
46
55
50
41
44
49
56
55
55
54
48
51
45
50
59
48
59
47
62
50
49
39
52
49
46
48
58
52
56
50
57
59
46
45
58
52
52
52
46
46
48
42
47
53
55
47
39
41
43
41
45
45
51
51
48
52
52
51
45
48
57
52
45
50
46
50
46
53
44
46
48
50
47
50
50
38
52
42
48
53
51
52
47
42
55
50
49
50
45
51
52
52
53
51
57
54
61
53
48
57
48
54
52
45
51
58
55
55
55
51
57
56
49
38
51
60
54
55
39
53
52
44
52
51
48
55
43
52
45
40
52
51
51
43
48
41
50
52
55
56
52
44
52
54
50
51
51
43
50
53
44
42
61
55
50
41
41
44
