56
53
31
26
56
34
30
49
41
33
30
51
55
51
43
34
31
52
35
48
47
32
45
47
31
29
24
53
42
49
48
43
34
34
46
34
48
29
35
48
33
48
43
45
31
27
53
37
33
34
32
33
37
53
35
35
22
37
48
33
48
46
25
52
53
34
43
33
48
51
53
32
32
46
34
44
50
53
53
37
38
57
52
29
42
51
56
35
41
50
42
44
58
48
37
30
59
32
32
43
36
49
53
34
43
29
36
50
36
59
49
53
28
47
35
34
52
47
53
44
28
58
29
50
41
32
38
48
53
48
52
33
27
46
45
52
52
51
36
32
46
30
33
34
54
55
37
54
56
32
35
22
30
54
39
29
56
33
39
27
33
30
25
41
40
37
31
37
37
54
51
46
49
55
32
43
32
50
36
57
57
33
43
49
50
18
55
41
41
24
49
46
47
34
26
54
50
46
33
55
59
34
47
47
50
33
53
35
33
47
24
57
37
33
44
27
31
33
33
26
50
33
49
38
54
53
44
48
51
55
29
32
53
54
49
47
64
34
49
36
60
30
31
34
34
56
47
41
38
27
48
48
50
31
38
45
43
43
31
47
58
45
45
72
37
55
34
49
33
50
28
29
49
50
51
40
55
37
29
53
47
49
54
32
41
29
36
53
59
40
51
56
56
43
53
32
52
53
52
53
36
30
31
45
57
27
35
49
47
32
45
41
47
39
60
30
44
36
26
53
51
33
50
36
50
54
65
47
33
33
32
37
50
33
49
46
36
45
47
31
57
29
35
23
31
29
33
49
34
53
30
47
52
29
50
50
34
43
52
50
58
46
59
34
30
46
48
33
29
45
54
29
40
47
34
23
50
51
51
31
32
54
57
52
48
54
49
45
39
45
31
52
34
35
33
34
23
25
36
49
53
42
55
33
27
54
53
37
46
26
48
32
34
25
57
53
39
42
42
46
44
42
52
49
43
43
25
40
42
24
48
53
23
34
49
52
39
37
59
37
36
48
26
44
37
52
44
46
29
35
39
30
44
32
57
38
39
29
29
43
23
42
48
49
55
31
44
25
46
56
55
52
52
32
28
43
48
33
33
35
28
30
33
35
39
30
34
37
40
40
42
29
34
36
35
32
23
30
41
40
