49
51
54
53
58
39
69
55
44
42
48
70
62
46
52
42
42
47
63
36
64
37
45
60
59
63
64
69
50
49
37
45
40
44
64
58
55
50
59
51
60
58
62
52
39
52
43
57
46
43
71
46
48
62
57
58
43
58
62
29
46
58
32
47
58
39
53
51
57
35
51
39
48
35
69
40
43
52
53
51
47
54
56
48
35
41
62
49
47
41
33
53
48
60
37
75
57
59
40
46
41
38
61
44
62
29
65
53
57
66
48
65
36
39
28
54
56
39
50
40
47
60
43
41
42
59
59
51
44
41
61
60
51
36
50
43
54
60
47
49
52
57
54
53
36
62
30
52
40
54
37
52
22
57
52
54
58
46
50
60
47
58
66
49
47
43
31
38
56
63
57
71
43
70
24
60
63
33
52
60
48
53
43
38
49
38
64
54
60
51
64
50
73
53
67
56
50
50
59
49
49
61
52
54
37
57
58
59
52
67
51
50
39
29
35
48
40
36
46
51
50
58
45
59
41
35
36
63
47
32
46
53
45
65
47
59
38
60
42
56
55
62
54
59
55
51
53
36
62
49
67
46
57
34
35
65
40
52
45
44
38
45
57
64
39
63
37
70
51
57
44
35
38
40
63
59
60
49
40
58
44
55
33
58
33
35
55
66
65
34
38
16
45
44
64
46
48
40
51
57
50
59
62
31
51
44
54
53
47
55
35
46
51
47
53
51
42
46
32
43
66
34
30
52
56
36
46
55
53
40
49
66
71
49
30
53
56
55
61
52
61
46
41
38
28
45
58
38
46
57
57
22
73
42
60
49
61
52
46
30
52
55
44
55
45
53
41
53
51
44
46
49
40
62
40
44
49
66
37
57
56
56
67
40
47
66
54
44
54
54
32
58
53
60
54
42
58
61
53
36
41
33
53
58
62
63
58
58
54
51
34
49
44
46
56
50
44
32
45
57
36
55
58
56
55
60
44
60
58
22
34
32
52
52
54
64
35
21
53
51
51
48
49
54
52
52
42
52
67
56
32
36
78
28
45
66
41
64
56
41
47
62
58
37
43
51
52
53
48
47
58
25
69
54
44
46
55
62
62
74
54
68
53
65
25
46
41
48
56
52
54
59
27
44
52
62
49
47
47
60
