64
32
30
40
40
33
37
38
66
51
39
59
28
62
59
40
35
51
65
35
32
36
68
27
38
48
21
36
68
61
44
56
50
32
32
43
32
36
31
56
54
52
31
37
31
37
46
65
35
30
34
25
35
53
48
35
59
60
37
27
33
31
49
59
57
28
30
28
24
54
34
28
40
28
55
28
27
32
23
49
32
52
33
35
33
36
66
30
58
35
63
44
30
35
37
30
32
46
34
54
33
38
34
30
54
39
43
53
33
53
24
50
34
55
23
37
49
28
55
36
34
48
50
40
28
22
52
29
55
69
23
34
33
49
30
45
78
27
38
34
61
37
25
29
63
38
28
57
40
38
39
32
31
29
35
27
24
33
53
43
29
44
75
35
40
44
46
23
22
32
40
42
30
59
35
33
29
50
64
37
62
35
38
37
34
30
56
31
51
33
27
36
45
37
49
30
37
30
49
31
36
33
36
56
42
26
41
24
41
37
40
34
54
58
35
49
40
36
57
52
57
57
29
48
60
42
51
26
36
36
57
49
55
40
42
33
38
49
33
42
31
31
26
50
56
46
34
56
34
48
40
34
30
29
49
36
53
32
54
24
29
29
30
51
23
36
57
34
38
54
43
41
33
36
40
46
32
32
56
32
47
31
59
45
52
24
33
28
32
55
31
28
24
25
40
41
26
35
52
35
32
29
43
49
54
21
50
37
44
54
26
36
32
29
29
35
29
37
62
47
41
40
51
35
34
63
28
29
46
37
39
42
62
68
33
29
32
29
43
39
38
35
21
81
48
58
62
29
33
27
35
33
41
52
52
57
54
53
41
35
57
64
52
56
29
36
36
38
56
31
31
42
25
35
57
31
32
47
36
40
57
34
43
58
42
19
33
47
37
30
55
42
33
62
34
24
33
33
47
41
42
54
26
31
54
47
31
38
33
48
31
37
35
24
37
47
50
34
26
53
33
36
56
54
40
55
38
31
48
61
32
60
51
22
46
47
56
34
34
58
65
42
50
23
31
44
52
37
34
53
46
51
37
31
40
30
51
55
29
32
47
49
42
54
38
70
31
54
55
38
33
39
29
26
33
48
59
59
58
52
53
48
70
42
43
48
43
61
51
45
60
53
63
47
32
47
39
41
43
45
