50
32
59
49
30
40
56
33
40
48
37
39
28
49
40
35
35
32
41
27
56
54
38
54
21
50
47
36
43
54
32
45
32
32
36
31
31
50
47
37
31
49
49
37
35
50
56
44
53
30
59
34
25
35
35
58
27
33
28
28
24
52
34
28
53
40
28
28
55
32
48
23
33
50
56
56
35
57
33
36
55
30
35
44
46
45
30
35
52
37
30
32
54
34
34
43
48
30
39
33
24
34
23
37
28
36
55
48
48
53
34
51
54
54
59
42
40
37
55
28
22
29
43
53
50
23
34
33
30
54
34
38
45
52
48
47
57
37
25
29
54
46
51
55
38
28
47
48
38
55
39
32
31
59
29
55
53
49
35
53
54
49
27
50
24
33
29
35
44
40
47
46
41
51
23
22
37
32
59
30
35
47
53
44
48
33
49
51
60
29
46
37
48
35
48
38
49
57
58
37
49
34
30
52
52
48
46
31
53
45
58
55
46
44
55
49
33
27
36
37
46
30
37
56
58
30
49
31
36
33
36
52
48
49
26
40
41
47
24
46
47
59
54
53
41
51
45
45
46
37
44
54
38
40
49
48
45
45
50
58
34
35
50
40
36
53
29
51
55
49
56
55
26
36
51
36
51
33
38
61
33
31
31
26
46
48
34
34
40
46
53
34
30
29
49
48
50
32
57
48
24
29
42
29
57
49
30
23
36
34
33
40
42
40
51
32
41
55
56
32
46
32
31
24
56
41
46
33
54
32
31
28
24
56
40
40
41
50
26
35
48
56
32
46
52
29
21
37
52
36
48
32
29
29
37
35
28
59
29
57
37
42
33
29
32
52
48
55
29
39
38
29
38
51
53
46
52
49
33
54
35
57
57
33
47
41
41
35
29
49
48
36
51
36
38
31
48
51
31
25
35
31
44
32
45
46
52
46
36
34
33
37
30
33
45
43
34
24
49
33
33
54
41
26
31
31
47
45
38
55
33
48
31
37
47
50
35
45
24
26
53
43
33
45
50
36
40
52
38
31
32
22
54
34
60
34
42
23
31
60
37
57
44
48
47
34
31
40
48
41
54
29
32
42
56
38
33
53
39
52
29
26
56
33
43
45
48
60
47
48
44
47
53
50
56
56
50
45
52
47
