27
33
49
51
54
53
58
39
45
38
69
55
44
42
48
70
62
46
52
42
42
35
30
47
35
30
63
36
64
24
37
38
34
41
32
26
42
45
60
19
59
63
64
17
19
41
69
32
22
50
49
37
45
16
49
41
40
44
44
21
64
58
32
47
55
50
23
59
25
34
33
28
51
35
22
23
60
58
12
62
18
20
52
39
52
36
43
50
57
46
43
71
46
48
38
34
18
37
62
57
58
42
50
34
43
58
50
62
29
46
58
28
33
32
40
21
47
26
31
26
58
39
53
26
51
32
57
35
31
51
39
35
48
35
69
47
38
40
34
43
52
36
42
53
34
51
47
17
54
56
26
39
48
31
30
35
25
26
35
41
62
31
35
49
24
47
41
48
33
27
26
26
53
36
40
41
23
37
48
19
50
60
44
36
37
37
28
36
75
45
57
59
32
40
46
48
54
41
38
61
44
38
11
62
36
29
65
53
43
57
66
48
33
38
20
29
28
47
34
24
65
36
39
39
28
54
32
33
56
44
39
37
50
40
47
60
43
43
41
42
18
59
59
44
51
25
44
17
27
35
49
41
42
32
61
37
37
30
5
60
51
45
24
36
50
37
28
43
54
47
25
54
33
41
14
23
30
60
47
41
49
46
52
57
54
53
37
36
62
51
30
41
52
40
54
26
37
31
52
18
22
57
52
54
38
22
19
58
46
50
26
60
47
19
48
41
37
50
33
44
42
58
23
66
48
33
49
47
43
30
24
28
37
39
31
48
52
38
56
36
63
41
57
33
71
33
32
28
43
25
41
70
24
20
60
63
33
52
60
38
48
29
25
22
53
39
27
43
38
37
42
55
49
38
52
64
54
21
41
45
60
48
51
64
50
47
73
53
67
31
35
35
56
50
28
50
59
49
49
61
30
36
52
25
54
37
57
58
59
20
52
67
44
22
29
24
30
21
36
18
37
51
28
44
34
26
35
50
26
39
43
52
29
21
35
33
48
22
19
32
40
36
46
16
42
37
51
50
56
58
38
27
36
45
59
24
41
35
55
17
36
45
63
12
46
47
14
36
32
44
39
39
46
40
53
45
36
35
65
50
37
47
19
59
38
60
42
56
22
55
32
62
54
59
55
51
53
36
62
49
