50
36
52
31
39
52
38
39
32
35
50
47
54
27
49
43
41
37
55
41
37
32
51
36
49
47
40
54
29
44
47
49
15
53
49
43
52
61
50
51
53
48
36
55
54
27
31
33
34
53
41
50
48
60
28
53
26
55
34
47
36
23
26
60
41
38
50
31
31
38
52
32
25
43
45
50
31
53
56
39
20
40
49
44
47
56
55
48
31
37
28
30
29
42
27
20
39
38
55
45
53
61
43
49
37
44
45
56
33
28
48
43
26
43
49
56
54
54
42
56
31
35
48
52
27
29
34
26
39
31
29
53
57
57
27
20
48
52
54
17
23
47
41
41
57
45
63
26
45
45
41
13
46
55
25
44
30
32
38
58
31
37
22
37
49
19
21
45
48
19
49
35
50
56
59
35
44
49
50
38
50
47
49
55
50
26
24
56
35
38
48
42
50
32
54
49
60
62
46
50
46
15
46
37
38
42
31
47
55
60
59
51
20
39
45
29
39
40
47
34
58
37
37
54
31
48
40
36
33
35
26
44
50
34
44
45
32
36
51
20
50
27
22
53
9
45
50
29
47
31
40
51
35
52
50
53
56
39
37
28
34
58
24
51
52
34
55
43
44
53
29
46
49
55
48
52
51
45
48
54
40
61
49
27
25
33
52
27
52
36
46
17
26
33
56
50
45
39
22
50
44
49
38
22
47
26
54
27
33
39
35
26
31
51
49
34
35
51
31
57
43
52
49
31
49
45
50
35
52
52
35
57
17
32
47
48
45
49
38
33
48
32
35
46
41
42
49
31
47
21
45
55
62
40
26
48
45
46
58
52
7
32
51
36
23
48
23
44
27
24
52
45
38
47
55
21
47
12
42
24
43
54
52
27
59
57
42
33
28
32
22
41
43
45
35
54
44
32
42
27
51
39
25
43
50
35
32
36
52
52
23
32
54
48
36
54
36
49
49
41
49
36
33
47
47
45
55
44
26
45
42
53
28
52
30
45
27
18
55
28
51
49
45
18
57
30
17
25
57
44
44
42
20
42
47
43
43
55
36
31
46
42
33
52
49
20
22
32
57
48
46
25
20
44
52
52
44
47
49
18
53
51
53
51
44
54
55
53
48
46
56
41
51
44
47
54
50
53
49
46
