54
46
36
72
67
45
42
61
55
32
36
47
37
43
58
44
59
42
28
48
57
52
52
49
47
56
50
55
36
30
35
65
57
66
27
37
68
47
46
47
51
47
56
43
44
42
47
30
52
68
63
60
32
41
74
57
29
58
40
40
52
49
43
60
55
34
47
51
35
59
47
58
53
50
39
47
50
48
34
51
60
77
29
59
67
38
56
55
48
55
57
57
55
40
54
65
72
31
44
48
62
52
41
36
64
54
55
53
51
30
66
33
64
49
58
49
34
36
49
46
55
64
27
53
36
29
63
42
62
57
49
41
36
56
34
39
65
51
38
44
36
37
44
34
29
34
54
59
41
48
49
39
42
51
50
39
31
63
32
51
46
49
48
52
44
38
41
61
62
54
56
59
33
38
48
45
28
51
38
52
25
35
40
60
47
40
66
37
60
64
49
48
42
40
42
51
43
31
59
26
44
50
28
52
35
60
36
42
47
52
31
35
46
53
49
41
48
45
54
61
57
60
49
30
33
37
54
58
34
57
24
56
34
51
42
68
49
47
41
52
41
32
63
24
31
47
60
62
26
55
56
56
34
39
52
61
42
54
50
74
67
53
55
39
47
33
59
47
55
59
39
45
53
41
38
27
55
43
53
50
41
38
41
65
50
30
37
49
50
52
28
50
34
55
50
53
39
28
46
55
53
46
45
44
30
34
38
38
61
38
63
42
52
29
76
36
36
29
56
35
51
65
36
64
48
43
61
23
66
50
37
53
60
55
38
56
50
35
37
61
36
36
57
34
35
35
58
56
62
56
49
48
46
40
60
59
62
24
56
40
47
57
49
50
60
34
59
47
65
58
26
47
38
29
49
38
49
63
35
39
45
35
51
54
58
33
54
33
44
31
61
64
62
61
64
35
70
67
45
27
72
52
46
68
49
46
48
45
35
32
51
62
53
50
68
35
50
42
57
59
62
48
59
49
55
30
43
26
32
35
59
54
37
64
49
33
38
35
64
36
38
25
52
33
38
35
57
51
23
56
54
49
35
55
43
48
62
51
40
52
40
52
60
29
40
60
39
61
33
48
50
55
41
49
36
28
21
34
31
34
30
33
38
22
28
37
37
40
36
33
33
33
35
34
41
21
30
30
41
36
