45
27
36
37
32
49
49
34
29
32
34
28
31
20
33
31
32
37
46
54
32
55
38
35
23
35
27
51
34
38
39
31
31
29
46
38
47
27
34
29
30
31
33
39
40
36
39
34
33
48
44
33
38
37
27
32
19
53
23
37
24
38
29
40
30
47
29
52
28
35
43
55
36
32
34
58
20
31
53
33
35
54
34
48
27
35
31
37
57
61
29
36
32
36
38
29
36
35
31
33
37
30
41
56
32
55
36
39
33
37
33
24
44
53
47
33
43
34
38
34
47
29
53
33
32
34
54
27
50
36
38
31
30
57
59
36
52
22
34
34
44
25
47
36
50
33
29
31
24
36
50
29
35
31
57
39
36
37
52
32
38
39
51
33
39
32
35
36
32
53
41
28
31
35
32
38
32
39
31
38
34
33
36
50
33
27
37
35
53
31
30
36
54
54
34
49
32
40
30
33
32
25
29
48
52
29
39
28
36
31
51
33
50
34
34
47
42
35
37
24
38
39
41
35
33
29
38
31
30
38
28
36
34
37
30
37
57
32
36
35
34
23
31
56
27
30
34
28
39
33
36
35
30
29
50
35
30
55
34
31
55
38
52
38
34
32
29
44
41
31
46
38
29
33
36
46
29
31
40
34
55
27
32
39
33
47
30
29
28
57
28
50
36
29
33
31
41
35
41
49
37
27
34
51
51
34
44
27
28
50
33
43
42
29
33
42
60
29
36
39
58
32
28
55
52
32
43
36
26
28
40
32
32
28
34
35
29
37
27
32
44
30
32
37
29
28
34
19
40
54
28
35
43
39
25
31
37
31
30
60
35
24
30
53
34
29
44
50
23
29
34
34
40
32
22
32
35
37
29
39
34
31
41
30
36
36
36
48
40
63
44
40
30
32
41
37
33
46
37
39
49
29
31
32
33
34
48
32
35
35
46
53
56
48
24
28
27
47
34
31
24
34
35
31
38
30
29
57
46
34
26
52
38
38
28
49
31
34
41
26
33
52
36
41
36
34
30
34
42
36
52
32
31
37
52
30
42
53
52
43
33
38
41
39
44
34
32
37
34
37
28
46
33
32
33
29
49
32
33
49
63
53
41
48
54
48
44
56
50
52
59
47
53
53
53
51
52
42
46
47
