60
32
52
55
50
30
51
52
40
51
48
51
33
50
48
45
45
39
47
37
39
28
40
57
35
42
47
33
35
67
59
62
47
55
32
27
42
64
60
43
42
53
32
32
53
52
39
48
54
65
36
38
21
36
45
47
56
54
51
58
58
41
40
32
46
54
63
32
64
51
61
45
65
40
40
38
43
59
51
56
39
32
36
31
41
31
48
37
53
68
50
31
47
40
37
63
35
51
53
48
63
50
30
50
34
63
48
75
37
65
33
34
25
35
59
58
63
35
52
57
70
43
55
56
57
37
65
50
38
39
44
59
54
35
52
61
60
56
58
72
49
27
64
32
58
51
33
41
40
57
42
28
28
51
40
57
24
37
54
45
60
50
51
46
62
34
28
54
58
51
47
51
43
40
39
43
46
28
64
42
28
32
64
23
62
33
63
30
50
49
53
40
48
42
52
48
35
48
48
68
41
56
60
40
26
36
50
47
56
51
33
32
56
50
36
48
46
30
35
44
72
55
42
49
54
35
47
57
53
67
50
30
44
45
35
53
54
26
37
42
30
59
52
31
50
47
41
49
50
65
32
56
34
37
34
30
51
56
58
36
40
53
44
56
39
33
19
43
32
78
66
37
57
24
39
52
60
40
61
45
34
48
52
39
55
23
31
44
44
37
28
57
36
41
41
42
34
52
53
40
63
60
38
48
50
28
22
55
55
29
23
27
61
48
57
34
33
30
38
57
64
35
50
37
56
25
57
29
67
46
57
34
35
65
40
52
45
44
38
38
45
57
28
38
64
39
39
63
37
70
32
31
51
57
44
35
38
40
63
59
29
35
27
60
49
24
40
58
44
55
33
58
33
33
29
35
35
55
66
40
65
34
38
23
16
45
22
32
30
44
35
33
64
46
48
40
51
57
50
59
62
31
51
44
54
53
29
47
55
35
46
51
47
37
35
53
51
42
46
32
43
66
34
30
52
56
36
46
55
53
40
49
66
71
49
38
30
37
53
56
55
61
34
52
61
30
31
46
33
41
27
36
38
28
45
58
38
46
37
57
30
37
57
22
73
42
60
30
49
61
31
52
46
30
36
52
55
44
55
45
53
41
53
51
44
46
33
49
40
62
40
36
26
41
24
41
37
40
34
35
