45
49
49
37
46
54
55
51
46
47
48
53
47
52
55
58
53
54
57
61
56
55
44
53
47
47
53
54
50
57
59
52
47
50
50
57
52
51
53
50
53
54
54
49
48
52
51
47
42
57
56
50
55
55
52
44
46
46
55
47
57
50
49
51
51
44
50
42
42
60
58
55
52
43
44
40
54
60
53
44
50
48
63
46
39
49
48
53
56
48
47
57
46
52
49
52
52
52
53
52
43
44
46
49
49
63
53
41
48
54
48
44
56
50
52
59
47
53
53
53
51
52
42
46
47
53
47
52
50
57
50
45
51
49
62
37
42
57
50
48
54
49
48
52
50
47
47
57
47
46
49
59
57
50
63
47
47
47
47
49
47
45
51
42
54
49
49
45
46
64
46
47
48
44
57
50
41
57
45
55
55
52
54
53
52
42
48
56
55
51
53
49
41
47
53
46
38
56
52
58
53
49
49
45
49
46
49
50
51
42
50
53
52
55
45
56
52
49
51
43
52
52
61
49
53
54
48
50
51
44
51
47
51
48
49
49
46
56
57
50
43
53
48
51
48
57
49
56
53
50
40
61
46
45
52
53
45
58
53
41
36
30
63
40
55
30
48
43
65
53
65
53
42
64
69
35
48
53
41
48
55
44
49
43
27
39
72
20
57
53
54
51
53
41
28
40
64
58
62
43
58
51
58
47
35
57
60
54
53
70
50
52
48
38
41
42
48
34
42
45
62
44
65
50
39
46
61
44
54
54
55
60
45
36
55
54
38
38
57
49
62
54
33
46
55
63
54
56
59
49
61
54
60
50
48
63
47
49
50
42
47
40
47
36
43
27
60
59
59
38
38
37
72
63
51
52
40
40
47
45
47
60
42
57
66
58
69
28
52
36
26
48
66
60
51
49
58
37
46
50
47
42
64
55
53
62
42
41
53
54
40
63
46
46
32
46
63
48
37
37
36
53
51
51
61
56
47
55
40
44
56
60
50
38
44
45
52
50
41
48
48
63
59
56
45
46
50
61
37
40
44
69
36
41
65
57
50
61
63
71
47
66
52
41
39
69
68
40
48
63
64
37
47
43
54
28
58
39
63
58
61
45
57
44
40
38
59
56
36
48
59
45
57
56
54
45
46
70
52
74
