27
50
59
49
56
40
36
48
49
37
41
32
56
54
34
29
54
50
32
34
47
28
31
20
43
54
45
50
33
31
47
49
32
49
32
38
35
50
23
35
27
56
34
38
39
44
31
53
59
58
52
31
29
38
27
53
34
55
29
48
30
50
56
31
56
57
55
46
45
33
52
39
40
54
43
48
36
39
34
33
55
44
33
38
48
37
48
53
27
51
32
19
23
54
37
54
24
59
42
37
38
29
55
43
40
30
53
50
29
28
54
34
45
35
43
52
48
36
47
32
34
57
20
54
31
46
51
33
35
55
34
47
48
48
55
27
59
35
31
37
55
29
53
36
49
53
54
49
32
50
36
38
29
44
47
46
36
41
51
35
37
31
33
37
30
59
47
53
41
44
48
32
36
39
49
33
51
37
60
46
33
24
33
48
48
49
43
34
57
38
58
49
52
34
52
29
48
33
46
53
45
58
55
32
34
27
36
38
31
30
46
44
55
49
36
46
22
56
34
34
58
44
25
36
33
49
29
31
24
52
48
49
40
36
29
35
47
46
31
47
59
39
36
37
54
53
51
32
45
38
45
39
33
46
44
39
54
32
35
38
49
48
36
32
41
28
31
35
32
38
32
45
45
39
31
50
38
58
34
50
53
51
55
33
36
49
56
33
55
51
27
37
35
31
30
36
34
51
32
40
61
46
30
48
46
33
53
32
49
48
25
50
57
48
42
57
49
42
29
40
51
29
41
39
55
28
56
46
56
36
41
31
46
33
50
34
54
56
40
34
50
35
37
24
48
38
39
41
56
46
52
52
35
48
33
29
59
38
31
57
30
52
38
28
48
55
38
36
34
37
51
53
46
52
30
37
32
49
36
35
54
34
23
57
57
47
31
49
27
48
30
34
51
28
39
33
36
35
30
29
48
35
30
34
51
44
31
38
38
34
45
46
32
52
29
41
46
31
45
38
29
33
43
49
54
47
45
55
36
48
47
29
50
45
31
40
34
53
43
27
45
32
39
50
52
33
30
29
28
54
60
60
28
36
29
33
57
31
44
48
47
48
41
35
41
54
41
37
27
34
56
34
27
53
52
28
33
43
56
43
45
29
48
60
47
33
48
44
47
53
29
50
56
36
56
50
39
45
52
47
