60
52
55
50
31
51
52
51
48
51
50
26
48
34
30
45
45
39
47
57
42
47
33
67
59
62
47
55
42
64
60
43
42
53
33
32
32
53
52
39
30
43
34
48
54
65
36
45
47
31
56
54
51
58
58
35
41
40
32
46
54
31
63
29
24
42
64
51
61
45
65
40
40
38
34
43
59
51
56
39
41
34
48
53
68
50
47
40
63
51
34
29
53
48
63
50
50
34
35
63
33
48
75
37
65
33
35
59
43
45
31
27
58
63
37
52
33
57
70
43
34
55
56
32
33
57
37
37
65
50
35
35
38
39
44
22
59
54
37
52
61
60
56
58
72
33
25
49
64
32
58
34
51
33
41
40
57
42
51
40
57
37
54
32
32
45
60
34
50
51
46
37
38
62
29
54
58
51
42
35
41
47
51
43
37
30
39
43
32
46
32
36
64
42
64
62
63
34
30
29
36
36
50
28
49
53
40
35
34
48
42
28
29
52
48
48
48
68
41
56
60
32
40
26
36
38
50
33
47
27
56
51
32
56
50
48
46
72
36
55
42
49
54
35
47
32
57
30
53
33
67
50
44
45
53
34
54
26
42
59
37
32
52
31
50
47
35
22
41
49
50
65
30
56
39
37
29
33
51
39
27
33
56
58
30
36
40
53
44
25
56
19
43
32
78
40
66
37
57
31
39
52
60
37
40
61
45
48
52
37
39
55
31
32
44
44
57
32
41
41
42
36
33
52
53
63
60
38
48
50
18
55
55
41
27
24
61
48
57
57
64
35
50
56
34
57
67
46
57
34
26
35
33
65
40
52
45
34
44
33
38
35
33
45
24
37
57
64
33
39
63
37
70
51
44
57
44
35
38
40
63
59
60
49
40
58
44
55
33
58
27
31
33
35
55
66
33
65
34
38
16
45
44
64
46
48
40
51
57
50
59
33
62
31
51
44
26
54
53
33
47
55
35
38
46
51
47
53
29
51
42
32
34
36
46
30
32
31
43
66
34
34
34
30
52
56
36
46
41
55
53
40
49
38
27
66
71
49
31
30
53
56
55
61
52
61
46
41
38
28
45
58
38
46
57
57
22
73
42
60
49
61
52
46
30
52
55
44
55
45
53
41
53
51
44
46
49
40
62
40
