27
29
43
33
48
57
45
38
35
43
30
35
30
24
38
63
51
62
34
41
45
32
26
68
42
19
17
19
46
48
41
32
22
16
49
65
43
45
41
44
47
48
21
32
46
41
47
23
56
25
34
33
40
28
71
35
57
57
34
52
22
23
45
79
12
69
47
55
60
75
39
18
60
33
20
44
59
36
50
40
38
34
45
48
52
18
37
42
50
49
34
49
57
49
50
28
54
33
40
21
26
31
61
45
26
51
26
58
32
31
65
35
57
38
34
46
47
57
70
38
41
49
54
34
36
42
34
65
17
43
50
26
41
39
31
30
25
51
58
26
52
35
56
45
51
31
35
24
52
48
27
50
60
48
26
26
36
38
40
41
69
23
68
37
80
53
38
39
55
43
19
59
50
44
62
36
54
37
56
28
36
45
50
51
32
48
54
39
54
55
38
11
37
36
42
57
43
33
38
48
55
59
20
47
29
53
28
65
47
34
24
39
32
61
57
33
35
44
45
65
44
57
62
68
37
55
43
48
46
40
50
53
18
44
25
54
17
27
35
49
42
44
45
32
45
53
37
37
51
30
5
59
45
43
56
49
52
24
37
52
65
28
47
25
63
56
53
58
54
63
33
47
41
14
23
30
32
65
45
41
51
46
37
51
45
41
50
46
26
31
58
40
18
62
38
69
22
19
26
49
19
57
52
63
43
48
61
64
41
37
50
33
50
44
42
23
48
31
33
66
30
24
28
54
41
50
45
37
43
51
54
47
39
49
48
52
36
30
59
49
57
41
33
33
32
60
28
48
54
64
62
47
47
25
73
43
41
20
38
61
49
52
48
67
41
29
77
51
25
22
58
39
57
27
45
53
45
66
37
56
54
62
42
74
50
55
43
52
21
41
47
56
45
48
51
47
31
39
35
51
62
35
28
43
73
34
51
56
30
69
37
36
25
20
59
66
56
44
22
55
29
24
54
48
53
30
21
36
18
71
37
52
49
28
50
44
34
49
26
54
35
26
43
41
52
29
21
40
33
22
19
32
16
60
39
42
52
53
37
60
55
56
53
38
36
51
27
36
35
24
45
57
66
29
55
17
45
12
46
50
38
41
62
14
65
36
52
51
58
44
39
39
40
36
35
50
37
19
22
32
