36
32
37
42
28
36
30
27
29
34
35
34
29
31
36
30
33
27
29
41
36
34
38
36
37
34
29
34
39
31
32
38
41
38
28
38
40
40
40
31
26
28
35
36
31
35
30
33
37
34
24
34
41
32
24
26
39
39
47
33
39
27
38
30
34
42
36
29
35
36
23
38
35
37
36
34
35
34
26
38
35
33
33
44
31
32
30
26
32
35
36
38
25
33
23
49
35
29
41
36
28
21
34
31
34
30
33
38
22
28
37
37
40
36
33
33
33
35
34
41
21
30
30
41
36
23
29
39
43
36
31
27
26
31
34
34
30
35
31
34
36
35
38
28
36
26
33
24
29
24
32
29
34
27
40
33
31
38
39
31
37
30
34
30
38
23
34
33
36
41
33
28
33
28
39
35
35
25
34
33
27
31
40
35
36
42
29
28
33
41
34
25
43
28
38
25
29
39
31
37
36
30
39
35
38
35
29
50
34
42
26
26
39
32
22
25
31
45
41
40
33
37
37
38
34
22
32
29
37
33
28
32
24
39
30
28
35
24
39
38
38
32
42
33
39
35
36
29
43
29
50
48
47
30
42
25
25
40
46
14
49
34
28
35
42
28
46
17
52
42
41
33
37
46
31
46
26
20
47
27
34
27
26
40
19
30
27
28
57
12
31
45
24
35
30
31
45
27
48
29
34
41
26
31
38
40
35
25
46
30
29
11
33
25
33
34
19
32
35
31
36
21
22
30
37
14
22
54
42
43
18
35
32
32
55
25
25
27
30
36
14
21
47
26
21
31
45
32
26
42
25
33
20
32
54
40
46
31
39
16
30
41
35
32
25
46
17
55
29
30
39
38
33
32
14
31
25
16
32
20
22
39
27
22
24
20
21
40
33
28
41
40
47
34
37
33
21
27
24
33
20
59
41
46
43
40
31
35
30
15
45
37
51
19
41
29
16
25
48
50
16
19
35
33
17
40
59
34
28
38
33
37
35
30
4
14
38
28
43
47
40
31
42
37
24
29
15
35
39
30
31
32
19
15
24
25
23
32
41
33
22
39
30
27
28
53
20
23
37
41
32
49
44
36
36
7
25
55
28
40
23
13
44
41
42
53
36
36
26
46
34
39
39
39
25
38
46
29
33
39
