40
49
48
36
50
32
50
37
45
60
48
47
45
42
47
48
47
28
51
49
50
36
47
40
48
52
44
49
30
27
29
54
34
52
35
42
50
58
55
34
50
29
49
49
53
46
31
50
44
54
38
36
30
33
51
50
53
50
27
48
60
29
41
49
52
47
53
47
46
46
49
52
52
50
50
45
47
52
47
45
42
46
51
36
34
49
44
44
54
47
38
36
37
55
57
39
53
34
49
52
57
29
34
59
48
52
39
53
31
32
57
57
55
52
50
38
47
41
47
50
52
45
51
51
57
54
38
46
53
45
60
28
53
38
50
49
59
49
55
40
50
40
46
46
50
54
53
54
40
31
47
50
48
49
51
51
26
49
56
47
47
51
45
28
35
36
52
51
51
31
35
51
43
51
48
43
50
45
56
55
48
53
52
50
50
63
42
47
42
30
44
41
48
39
53
33
37
34
45
54
45
57
24
38
53
48
47
46
49
50
48
54
61
61
34
51
49
41
58
52
43
46
45
45
41
32
42
24
44
59
46
26
46
39
39
52
47
54
55
50
55
56
51
33
47
52
47
39
48
50
48
27
38
49
30
57
45
51
47
34
42
46
36
49
53
48
29
48
49
46
43
35
54
52
36
50
23
55
47
38
53
42
52
55
35
50
37
51
50
48
49
51
36
48
45
53
59
34
35
47
60
47
43
50
34
26
53
38
55
35
51
45
52
57
54
55
33
58
33
55
55
45
50
47
50
55
44
48
49
49
50
31
56
49
51
32
38
48
30
53
51
42
26
48
54
49
58
32
35
36
42
40
38
42
55
25
33
57
59
49
56
23
54
53
47
49
47
35
29
51
41
60
47
44
48
54
53
51
48
36
28
21
47
42
60
43
42
43
55
47
54
61
51
41
45
56
49
46
34
56
44
31
56
54
49
49
34
30
48
51
53
33
60
44
56
58
38
22
28
48
49
56
47
53
43
57
47
44
49
61
50
58
43
51
57
47
37
45
52
37
40
46
49
36
57
54
33
33
54
48
48
33
35
53
50
46
45
51
43
34
52
56
41
21
43
30
30
41
49
58
43
36
47
51
52
45
38
45
47
50
48
54
50
53
45
51
50
57
50
47
47
55
44
44
49
51
51
45
45
56
