39
31
31
35
25
38
31
30
30
42
30
44
34
39
39
38
43
27
27
36
45
35
25
29
28
31
33
37
34
37
35
32
31
27
36
35
36
43
29
38
32
29
34
40
30
28
29
40
37
28
34
30
30
33
32
35
34
37
38
30
30
31
34
33
29
31
30
34
35
38
31
31
35
35
27
39
33
43
34
37
31
35
42
35
41
26
28
30
38
40
30
28
31
35
27
29
33
32
40
27
32
39
25
28
31
25
47
39
36
25
30
41
33
38
24
33
28
34
29
31
40
36
36
24
28
36
32
38
44
31
30
34
37
31
33
31
35
31
35
35
38
26
41
31
37
40
32
37
36
29
38
31
36
29
36
26
33
34
29
27
39
36
25
39
24
28
38
31
38
35
34
31
35
24
36
31
39
31
35
27
35
39
27
31
37
28
29
35
30
27
30
25
35
42
39
31
36
35
34
30
33
37
34
31
32
30
24
32
38
35
37
30
28
41
34
24
45
31
31
31
30
31
31
19
19
28
31
33
27
36
35
38
39
30
31
31
38
31
41
37
35
35
27
33
30
33
37
22
39
28
21
39
5
27
21
39
34
27
27
33
41
30
34
38
36
43
25
39
36
55
22
38
37
42
21
49
30
26
31
43
25
28
38
24
33
14
27
43
37
38
54
28
40
25
41
23
32
39
45
35
45
29
27
37
32
45
41
44
42
43
32
21
26
27
30
36
34
41
23
29
29
32
40
51
44
21
13
33
28
42
38
29
30
36
46
41
32
25
32
29
33
26
40
30
16
29
29
14
32
25
24
40
45
50
34
22
30
16
35
40
42
24
24
38
45
38
34
34
44
42
21
24
36
36
33
55
17
20
16
26
41
34
29
25
29
34
43
45
28
24
41
34
31
24
35
40
13
31
23
29
39
28
41
38
28
37
29
9
48
30
36
43
40
38
30
28
26
21
42
44
44
17
48
25
46
35
32
24
42
41
44
14
22
38
39
38
41
39
29
25
49
38
17
33
29
45
34
33
39
37
34
35
40
25
30
20
38
20
40
29
18
32
32
52
25
42
27
47
34
28
33
20
29
39
20
21
23
40
16
39
34
25
29
36
47
28
42
38
20
19
28
39
52
35
38
42
33
33
18
6
