48
29
29
46
17
28
28
40
20
26
41
25
43
44
48
57
38
21
41
33
43
30
32
31
29
63
33
26
32
40
19
19
45
36
38
29
43
51
32
45
18
27
41
62
17
27
34
45
68
46
30
20
33
44
48
32
30
34
32
38
11
28
49
30
65
51
23
33
44
43
45
47
24
41
48
46
41
24
56
14
34
25
45
14
29
40
37
15
40
71
35
57
57
35
39
29
42
34
17
27
40
35
34
33
56
52
45
14
51
79
30
34
69
47
39
46
23
42
7
32
39
48
31
39
49
47
31
32
27
32
35
26
17
28
20
28
17
55
25
60
36
44
75
39
33
41
31
25
60
50
37
33
21
22
32
26
44
49
22
42
33
16
38
43
23
27
51
36
23
59
40
27
45
36
48
24
52
32
49
21
41
49
17
43
22
15
28
49
22
29
57
22
35
47
26
41
27
24
45
38
30
21
32
47
49
36
54
26
61
45
9
36
42
51
18
58
33
44
29
29
41
41
65
22
57
34
41
24
48
38
15
18
34
35
46
41
21
39
20
40
57
41
28
38
23
26
38
44
70
41
49
51
36
54
47
31
37
33
55
45
51
26
21
22
36
65
43
50
20
18
24
32
41
47
32
24
33
31
51
51
18
45
49
35
58
38
35
52
36
28
20
35
56
39
31
40
19
37
45
38
32
35
37
53
39
45
34
51
24
5
31
22
28
40
46
52
19
43
50
50
60
40
48
28
38
21
38
39
69
5
27
21
39
34
27
27
68
33
41
30
34
38
36
43
80
53
38
25
39
39
36
55
22
38
37
42
21
49
55
30
26
43
31
43
25
28
59
62
38
24
54
33
56
14
27
43
37
38
54
50
28
40
51
25
41
54
39
55
23
32
37
42
57
39
45
48
35
55
45
29
27
37
32
45
59
47
53
41
44
42
43
32
21
26
27
30
36
34
41
23
29
29
32
40
51
44
65
61
21
13
57
33
28
42
38
35
45
29
65
44
30
36
46
57
62
41
32
68
55
48
25
32
29
33
26
40
30
16
29
46
29
40
14
32
50
25
24
40
53
45
54
50
34
44
45
22
30
16
35
45
40
42
24
24
53
38
51
45
59
38
34
43
34
44
42
21
24
36
36
33
