64
40
38
66
51
59
62
59
36
32
37
51
65
36
42
68
48
68
61
44
56
50
28
36
43
30
56
54
52
27
29
46
65
53
48
34
59
60
37
31
35
49
34
59
57
30
29
54
55
31
27
49
32
52
66
36
30
33
58
63
27
46
54
33
38
54
43
53
53
50
55
49
55
48
50
52
55
69
49
29
45
41
78
36
34
38
36
27
34
37
34
61
29
34
39
31
63
32
38
57
40
53
43
44
41
38
75
44
28
38
40
46
40
42
59
50
64
62
56
51
45
49
49
40
40
31
56
42
54
58
49
26
57
28
35
52
57
57
48
60
42
36
51
57
49
55
40
42
31
49
42
50
56
46
56
48
49
36
53
54
35
51
57
38
54
43
41
36
46
56
47
59
45
52
28
55
25
52
35
43
49
54
50
44
54
26
29
30
35
33
62
47
41
40
37
34
51
34
24
63
34
41
46
39
62
68
43
35
21
81
48
58
62
27
52
52
57
54
53
57
64
52
56
56
32
42
57
47
24
40
26
57
43
58
42
19
47
55
39
39
42
47
62
47
42
54
54
47
33
48
39
37
47
50
34
53
56
54
55
48
61
60
27
51
46
38
47
56
58
65
50
44
52
53
30
34
46
42
51
37
36
30
29
51
35
55
36
47
49
23
54
38
38
70
31
35
54
37
55
36
48
59
34
59
35
58
52
53
48
34
26
38
35
70
42
33
43
48
43
61
33
51
44
45
60
53
63
31
47
32
47
39
32
30
41
43
26
45
31
44
46
43
41
40
65
46
56
49
51
44
49
55
49
53
57
32
62
35
51
34
59
59
46
52
36
58
60
38
59
63
25
33
71
29
50
23
23
69
64
48
36
49
38
35
67
29
46
57
41
36
59
46
46
28
54
62
57
43
44
21
34
57
48
55
31
34
30
49
54
33
54
62
47
53
38
51
44
22
51
51
47
45
43
41
52
29
28
55
45
63
67
58
37
46
37
65
38
37
38
54
39
57
40
59
27
63
61
52
64
55
36
48
65
33
40
46
38
71
37
50
59
33
41
60
33
50
52
35
46
41
34
63
49
52
59
43
45
47
57
41
76
60
21
30
63
43
56
46
30
56
43
41
40
36
51
67
54
55
53
63
