32
64
40
38
66
51
59
62
59
51
65
36
30
68
48
40
68
61
44
33
56
50
43
37
56
39
54
28
52
46
40
65
53
35
48
59
60
35
37
31
49
59
57
32
30
54
55
27
49
32
27
52
66
38
58
21
36
32
63
46
54
33
32
38
54
43
32
36
53
31
53
31
37
50
31
37
55
49
55
48
50
52
55
35
30
69
49
45
34
25
78
35
27
34
61
63
57
40
53
35
27
43
44
75
44
33
28
46
40
28
42
59
24
50
34
64
62
56
28
51
40
45
49
49
56
42
28
54
58
49
28
57
32
52
57
57
48
60
42
51
23
57
49
33
55
40
42
49
35
42
50
33
56
46
36
56
48
49
36
30
53
54
35
44
30
51
57
35
37
38
30
32
54
43
41
36
46
56
47
59
45
52
28
55
25
52
35
34
43
49
54
50
44
54
34
26
29
30
35
62
47
41
39
40
51
34
63
33
46
24
39
62
68
43
34
35
21
81
48
58
62
27
52
52
57
54
53
57
64
52
23
56
37
56
42
57
47
28
36
40
57
43
58
34
42
19
40
28
47
55
42
62
47
22
42
29
54
54
47
48
23
37
34
47
33
50
30
34
38
53
56
54
55
37
25
48
29
61
60
51
46
47
56
58
38
28
38
65
50
39
44
32
52
53
46
31
29
51
37
30
51
55
47
49
54
38
70
31
54
55
48
35
27
59
59
24
58
33
52
53
29
35
48
70
42
43
40
48
23
43
61
51
22
45
32
60
53
63
47
32
30
47
35
33
39
29
41
43
45
31
44
37
35
38
46
37
43
41
34
40
65
30
46
56
49
31
51
44
49
55
33
27
49
53
57
36
37
30
37
62
51
34
30
31
36
33
59
59
46
52
36
58
26
60
41
59
24
41
63
71
29
50
23
69
64
48
36
38
37
67
46
57
59
40
46
34
46
54
62
57
43
44
57
48
55
49
54
54
62
47
53
51
44
51
51
47
35
45
43
41
52
29
55
45
63
67
58
37
46
65
38
38
54
39
57
59
27
63
61
52
64
55
48
65
40
46
38
71
37
50
59
41
60
50
52
46
41
63
49
52
59
43
45
47
57
76
60
63
43
56
46
56
43
40
51
67
54
55
53
63
