32
30
40
33
37
39
28
40
29
35
35
32
27
38
21
36
32
32
43
32
48
36
31
31
37
31
37
57
35
30
34
25
43
63
35
35
51
27
33
62
28
28
45
24
34
28
40
28
28
32
23
68
33
46
35
33
36
48
30
35
44
30
35
65
37
30
32
34
34
43
30
39
33
45
24
34
23
37
28
36
34
40
28
47
48
46
41
22
29
23
34
33
56
30
40
38
37
25
29
38
71
28
38
39
32
31
29
35
27
24
33
57
29
35
40
57
34
23
52
22
32
30
45
35
33
29
79
69
37
35
38
37
34
47
30
31
33
27
36
37
30
37
30
31
36
55
33
36
26
41
24
41
37
40
34
35
40
36
29
60
26
36
75
39
36
33
38
60
33
31
31
26
34
34
40
34
30
29
32
24
29
29
30
23
36
33
34
33
44
59
40
32
32
32
31
24
33
32
31
28
24
40
40
45
41
26
35
32
29
21
37
48
36
32
52
49
29
29
37
35
49
28
29
37
42
33
29
32
29
39
57
38
49
54
29
33
35
61
33
41
41
35
45
51
29
36
36
38
58
65
31
31
57
25
38
35
31
32
34
46
36
34
33
37
30
33
57
34
24
33
70
33
41
41
26
31
31
38
49
33
31
54
37
35
24
26
33
36
40
38
31
65
32
22
34
34
42
23
31
37
34
31
43
40
29
32
42
38
33
39
29
26
50
33
37
36
41
38
51
30
58
37
28
28
29
34
41
30
52
36
36
35
30
42
35
30
27
41
38
27
30
27
56
31
45
51
27
30
52
26
50
60
35
39
48
38
32
34
28
27
69
29
28
68
34
38
34
80
31
26
53
38
34
39
27
34
31
39
30
38
55
27
43
37
34
59
36
34
26
26
35
22
23
37
34
31
62
38
31
28
54
32
37
56
28
50
51
23
26
36
54
37
33
35
39
36
55
44
32
29
41
35
41
37
33
42
57
48
55
22
34
59
31
26
29
31
36
32
41
39
34
35
36
39
37
30
41
47
30
36
53
65
35
33
61
31
32
57
35
42
31
33
45
34
31
30
35
65
35
22
29
29
32
38
31
44
39
57
62
30
36
39
26
68
34
32
55
48
46
40
50
53
54
44
45
45
53
51
59
43
