40
49
48
50
31
50
26
34
45
30
33
60
48
47
30
45
43
47
34
31
35
32
48
47
51
49
31
50
29
24
42
47
34
34
34
40
29
35
48
33
43
45
31
27
37
33
34
32
52
44
33
37
49
35
35
54
22
52
37
42
33
25
50
58
34
55
50
33
32
32
49
34
49
53
46
50
44
37
38
29
54
42
35
38
41
37
30
51
32
50
53
50
32
36
34
29
36
36
48
60
49
28
35
52
47
34
28
29
32
38
53
47
33
27
46
46
36
32
30
33
34
37
32
49
52
35
22
52
50
50
45
30
39
29
47
52
33
47
39
45
27
42
33
46
51
49
30
25
40
31
37
44
37
32
32
36
33
18
44
54
47
41
55
57
24
34
26
33
34
33
35
39
33
53
49
52
57
24
59
37
33
48
44
52
53
57
57
55
52
27
31
50
47
33
33
47
26
33
38
29
50
52
45
32
51
51
34
36
57
54
30
46
31
34
53
34
41
45
60
53
38
27
50
31
49
43
31
37
34
59
33
49
55
28
50
29
46
46
40
37
29
50
54
32
41
29
53
36
40
54
47
32
36
30
50
48
49
31
51
27
51
49
35
56
47
47
51
45
32
41
52
39
51
51
51
43
30
36
26
51
48
33
36
33
43
50
33
45
32
37
33
56
55
48
36
31
53
52
29
35
50
23
31
29
33
34
30
50
63
29
42
34
34
30
33
29
47
42
44
29
40
34
41
23
48
31
32
39
39
53
31
34
45
35
54
45
33
57
34
23
38
53
25
36
48
42
47
33
27
46
49
50
48
37
54
26
61
32
61
51
49
58
52
43
34
25
39
46
45
45
42
25
41
42
40
44
59
24
46
23
46
34
39
52
54
37
55
37
50
36
55
26
56
37
44
29
35
51
39
47
52
30
32
38
47
39
29
29
48
23
42
31
25
50
32
48
28
49
33
33
57
45
35
28
30
51
47
46
33
49
53
35
48
39
30
34
48
37
49
40
46
40
42
29
34
36
43
35
32
23
54
52
50
55
47
30
53
41
40
42
52
55
50
51
50
48
49
51
48
45
53
59
47
60
47
43
50
53
55
51
45
52
57
54
55
58
55
55
45
50
47
50
55
48
49
49
50
56
49
51
