45
48
49
49
37
46
29
46
17
28
54
28
55
40
20
51
46
47
26
41
48
25
44
38
21
53
47
52
41
55
58
33
53
54
57
61
56
55
44
53
47
47
30
32
31
29
53
33
26
32
54
50
40
57
59
52
19
47
50
19
50
45
36
57
52
51
53
38
50
53
54
29
54
43
49
32
45
48
18
52
27
41
17
51
27
34
30
47
42
57
20
33
56
44
32
30
34
32
50
55
38
11
28
55
49
52
44
30
51
46
46
23
55
33
44
24
47
41
24
14
34
25
45
14
57
50
49
29
51
37
15
51
44
40
50
42
35
35
39
42
60
58
29
55
52
43
42
17
44
27
40
40
54
60
35
34
33
53
56
14
44
50
51
48
63
30
34
46
39
46
23
39
49
48
53
42
56
7
48
32
47
57
46
39
52
48
49
52
31
52
52
53
52
43
39
44
49
47
46
31
32
49
49
63
27
32
53
41
35
26
48
17
54
28
20
28
48
17
44
56
25
50
52
36
59
44
47
53
33
41
53
31
25
53
50
37
21
51
22
32
26
52
42
49
22
46
42
33
47
53
16
38
43
23
47
27
52
50
51
36
23
57
50
27
45
36
51
24
32
49
49
62
37
21
42
41
17
43
22
57
50
48
15
28
54
49
48
52
50
22
29
47
47
22
35
57
47
46
49
47
26
59
41
57
27
24
50
45
38
63
30
21
32
47
47
36
47
26
9
47
36
42
47
18
49
47
33
44
45
29
29
51
42
54
41
41
49
49
45
46
22
34
41
64
46
47
48
24
48
15
44
57
50
18
35
41
41
57
45
21
55
39
55
52
20
54
53
40
41
28
38
52
42
48
56
55
23
51
53
49
26
41
38
47
44
53
46
51
36
47
38
56
52
58
31
37
53
33
49
55
45
49
45
49
46
51
49
26
50
21
51
42
50
22
53
36
20
52
18
24
55
32
47
45
56
52
49
32
51
24
43
52
52
61
33
49
31
53
51
18
54
45
49
35
48
38
50
51
35
36
28
20
35
39
31
40
44
19
37
51
47
51
38
32
48
49
49
46
56
35
37
57
50
43
53
48
53
51
48
39
45
57
34
24
49
56
5
53
31
22
50
28
40
46
19
43
50
40
28
38
