27
64
36
37
32
34
29
32
40
34
38
28
31
20
66
51
59
33
62
31
59
51
32
32
38
35
65
23
35
27
34
36
68
38
39
31
48
31
29
68
61
38
27
34
29
30
44
31
33
39
40
36
56
39
50
43
34
56
54
33
44
33
38
37
27
32
19
23
37
24
38
52
29
40
30
29
28
46
35
65
43
53
48
36
32
59
34
20
31
60
37
33
35
34
48
27
35
31
37
31
29
49
36
59
32
36
38
57
29
30
36
54
35
55
31
27
33
37
49
30
41
32
32
36
39
33
52
37
33
24
33
66
43
34
38
58
34
29
33
32
34
27
36
38
31
30
63
36
22
34
34
44
46
54
25
33
36
33
29
31
24
36
38
29
35
54
31
39
36
37
32
38
43
39
33
39
53
53
32
50
35
36
55
32
41
28
31
49
35
32
55
38
32
39
31
48
50
52
38
34
55
69
33
49
36
45
33
78
27
27
37
34
35
31
61
63
57
30
36
40
34
32
40
30
33
32
53
25
29
43
29
44
39
28
36
75
31
33
50
34
34
35
44
37
24
38
39
46
41
35
33
29
40
38
31
30
38
42
28
59
36
34
50
64
62
37
56
51
45
30
49
49
37
56
32
42
54
36
35
34
58
49
23
57
31
27
30
34
28
39
52
33
57
36
35
57
30
29
48
35
60
30
34
31
38
38
42
51
57
34
32
29
41
31
38
29
33
36
29
31
40
34
27
49
32
39
55
40
33
30
29
28
28
36
29
33
42
31
41
35
41
37
27
49
34
34
42
27
28
33
50
43
29
33
56
29
36
39
32
46
56
28
48
49
32
36
26
28
40
36
53
32
32
28
34
35
54
29
37
27
32
51
57
30
32
38
37
29
28
54
34
19
28
43
35
43
39
41
25
31
36
37
31
30
35
24
30
34
46
29
23
56
47
29
34
34
40
32
22
32
35
37
29
39
34
31
41
30
36
36
36
40
44
40
30
32
41
37
33
37
29
31
32
33
34
32
35
35
46
24
28
27
34
31
24
34
35
31
38
30
29
34
26
38
38
28
31
34
41
26
33
36
41
36
34
30
34
42
36
32
31
37
30
42
33
38
41
39
34
32
37
34
37
28
33
32
33
29
32
33
