23
49
51
54
17
61
53
30
13
58
39
17
38
31
69
48
39
20
55
44
42
53
48
70
29
34
31
12
62
46
52
19
42
40
53
38
32
25
31
31
39
42
47
26
30
45
34
63
12
18
36
25
64
31
37
36
45
60
38
59
27
35
63
64
13
69
38
14
50
49
37
37
45
40
44
34
52
64
58
31
15
55
50
37
59
51
60
58
62
52
39
22
52
32
22
38
48
43
57
46
43
71
36
46
36
39
8
31
48
62
57
58
37
48
18
39
43
58
62
46
41
29
36
46
58
29
32
31
31
21
47
34
58
32
39
51
53
51
21
57
35
47
51
17
39
48
32
30
48
35
69
44
40
30
43
25
38
11
52
22
31
40
37
53
51
47
29
18
51
43
54
28
37
56
27
35
25
48
35
41
35
62
19
49
47
16
41
46
42
33
24
53
30
48
60
44
37
75
57
59
46
40
51
15
28
46
34
33
41
38
31
39
51
38
61
31
44
28
45
44
62
50
36
39
41
35
29
36
45
65
53
57
66
48
34
38
21
65
33
36
41
39
48
28
41
23
48
54
26
17
42
38
56
35
39
31
50
30
40
47
60
23
43
41
25
38
41
49
20
28
42
42
35
41
59
34
28
31
59
51
25
44
20
36
32
41
29
35
61
30
43
34
60
23
40
27
30
51
24
36
50
43
54
60
47
49
32
52
57
54
34
53
42
36
31
36
62
30
29
52
40
22
54
37
40
31
39
28
52
31
23
22
28
23
57
42
30
52
26
54
42
58
46
12
21
40
40
27
38
50
41
33
32
60
39
21
47
58
66
48
24
49
47
44
43
28
28
31
31
37
38
56
40
36
14
48
63
57
33
71
43
70
30
24
41
60
42
36
26
45
28
29
63
23
33
52
32
60
48
53
32
20
43
36
47
19
38
21
49
36
17
32
38
64
54
11
60
51
64
32
50
12
39
73
43
53
22
32
67
27
34
56
16
50
50
9
59
37
49
49
37
16
31
61
21
24
20
52
23
54
37
57
39
33
27
29
58
59
52
67
51
50
39
29
35
48
40
36
46
51
50
58
45
59
41
35
36
63
47
32
46
53
45
65
47
59
38
60
42
56
55
62
54
59
55
51
53
36
62
49
