36
50
32
37
59
49
56
40
42
28
36
30
27
48
49
41
29
56
54
34
35
54
34
50
47
29
31
43
36
54
30
45
33
50
47
49
27
49
50
56
44
29
41
53
59
58
52
36
34
53
38
36
55
48
37
34
50
29
56
56
57
34
55
46
45
52
54
43
48
55
48
39
48
53
31
32
51
54
38
54
59
41
42
37
38
28
38
55
40
43
40
53
40
31
50
26
54
28
35
36
34
45
52
31
35
48
47
30
33
57
54
46
51
37
55
47
48
55
59
34
24
34
55
53
41
49
53
32
24
26
39
54
39
47
49
33
50
44
39
27
38
47
46
41
30
51
37
59
47
53
44
48
34
49
42
51
36
29
60
46
48
35
48
49
36
57
58
49
23
52
52
48
38
46
53
45
35
58
37
55
36
46
44
34
35
34
55
49
26
38
35
46
33
33
56
44
31
58
32
30
49
52
26
32
35
36
38
48
49
40
47
46
25
47
33
59
54
53
23
49
35
29
41
51
36
45
45
46
28
44
21
34
31
54
38
49
34
30
48
33
45
45
38
50
22
58
50
28
53
51
37
37
40
36
55
33
49
33
56
33
35
55
34
51
51
61
46
41
21
48
46
53
30
30
41
36
49
48
50
57
23
48
42
57
29
39
49
43
36
42
40
51
41
55
31
27
26
56
46
56
31
41
34
34
46
54
30
56
40
50
35
31
34
36
35
38
28
48
56
46
36
26
33
24
52
52
29
24
32
48
59
57
29
52
48
34
55
27
40
38
51
33
53
46
31
52
49
54
57
38
57
47
49
39
48
51
31
37
48
30
34
30
51
44
38
45
23
34
33
46
36
52
41
46
45
43
33
28
49
54
47
45
55
48
33
28
47
39
50
35
45
35
53
25
34
33
43
45
50
27
52
54
60
31
60
57
44
40
48
35
36
47
48
42
29
28
41
33
41
34
25
54
56
43
28
53
38
52
25
56
43
29
45
48
60
39
47
31
37
48
44
36
47
30
39
35
53
50
56
38
56
35
29
50
50
34
45
42
52
47
26
26
39
32
22
25
31
45
41
40
33
37
37
38
34
22
32
29
37
33
28
32
24
39
30
28
35
24
39
38
38
32
42
33
39
35
36
29
43
29
