37
29
36
43
37
29
48
38
29
46
57
37
44
23
43
34
63
39
57
39
25
53
51
38
20
46
24
62
27
40
40
17
45
43
15
68
46
28
48
65
38
43
31
45
29
31
47
55
30
48
38
17
30
46
33
32
51
27
41
36
35
56
34
59
40
33
38
35
28
14
71
57
40
39
57
29
11
34
30
35
40
49
33
11
52
45
38
22
41
79
38
42
69
46
44
30
28
19
34
38
41
47
55
6
24
34
24
46
34
14
26
60
33
25
75
39
26
60
39
27
27
33
44
8
46
38
13
49
31
59
21
40
45
48
41
52
49
31
49
54
39
38
57
49
19
33
30
27
12
54
28
23
39
61
45
32
36
24
37
45
17
30
42
55
51
58
65
43
57
41
29
28
28
38
32
47
41
36
42
34
34
46
57
70
19
40
37
41
39
49
38
42
41
46
9
11
36
54
27
19
21
18
21
40
47
17
65
38
41
27
53
26
43
11
36
48
28
50
41
51
21
4
24
18
27
33
25
31
20
25
19
58
34
52
56
45
47
52
43
24
41
22
44
40
51
24
23
31
38
33
21
27
52
50
27
60
29
29
43
42
48
39
17
37
36
36
19
31
38
32
24
40
42
25
51
38
69
68
27
18
32
44
56
18
40
37
17
31
56
26
38
42
47
80
15
23
12
49
31
16
53
34
38
20
48
39
28
34
51
37
43
23
34
55
43
34
22
24
35
37
38
27
44
32
42
30
59
44
41
26
33
51
36
20
34
62
32
31
21
37
35
19
54
35
44
23
8
37
24
44
37
37
27
35
29
35
56
22
50
31
22
51
39
39
34
40
27
33
22
35
33
37
32
23
35
36
54
51
33
50
27
27
39
20
55
40
51
12
8
37
27
42
8
28
57
29
17
27
48
24
49
50
47
34
55
26
33
59
25
25
47
29
18
25
32
40
30
29
37
51
35
48
25
29
53
38
33
65
6
28
47
40
8
22
23
61
57
54
35
39
45
30
65
27
44
36
37
51
57
24
27
18
32
37
62
37
34
33
39
68
36
31
33
55
48
47
46
30
34
24
33
20
40
19
40
40
50
53
27
54
44
45
28
45
24
29
18
35
53
32
34
43
51
39
31
45
59
28
36
43
