27
36
50
37
52
32
39
34
52
29
32
34
50
28
47
54
31
49
55
20
33
51
49
31
32
32
38
47
54
44
47
49
35
23
53
35
27
34
49
38
39
43
52
61
31
31
50
51
53
29
55
54
53
38
50
27
48
34
29
30
31
60
53
33
39
55
47
40
60
50
36
43
50
39
34
33
53
56
44
33
38
40
49
47
56
37
27
55
42
32
19
23
38
55
37
45
24
38
53
29
61
40
49
30
29
28
35
43
36
44
32
56
34
20
48
49
56
54
54
42
56
48
31
52
33
39
35
34
48
27
53
35
31
37
57
29
36
32
36
57
48
52
47
41
57
38
29
36
35
31
63
45
33
37
30
41
32
36
39
41
33
37
46
55
44
58
49
45
33
24
33
43
49
34
38
34
29
50
33
32
59
34
27
44
49
50
36
38
47
55
31
50
30
36
22
48
42
34
50
34
54
49
60
62
44
46
25
36
50
33
29
46
31
24
36
29
35
31
46
39
36
47
55
60
37
32
38
59
39
51
33
47
39
32
35
36
32
41
28
31
58
54
48
35
50
32
38
44
45
51
50
45
50
32
47
39
51
31
52
38
34
33
50
36
33
53
56
58
27
51
37
35
52
31
55
43
30
36
44
53
34
32
46
49
40
30
33
48
52
32
25
29
51
29
45
39
28
48
54
36
61
49
52
31
52
46
33
50
56
34
34
35
37
50
24
38
39
45
50
41
44
35
33
29
38
54
31
30
38
39
51
28
49
36
34
51
37
57
52
49
30
49
37
50
52
32
52
36
57
47
35
48
45
34
23
31
27
30
49
48
49
47
34
28
39
45
55
40
33
36
35
30
29
48
45
35
58
30
34
52
31
51
38
48
38
34
52
32
47
29
41
55
31
38
29
33
36
29
47
31
43
54
52
40
59
34
57
27
42
41
32
39
33
30
29
28
28
36
43
29
45
54
44
51
33
31
50
41
35
41
52
52
54
48
54
37
27
49
34
34
27
49
28
33
43
29
33
49
29
47
36
39
55
44
45
53
52
45
55
51
49
45
57
57
44
44
47
43
43
55
36
52
49
57
48
44
52
52
47
49
53
51
53
51
44
54
55
53
48
46
56
41
51
44
47
54
50
53
49
46
