45
49
32
49
30
40
33
37
46
54
55
51
46
47
48
53
37
47
52
55
58
39
53
54
57
61
28
56
40
35
55
44
53
35
47
32
47
53
27
54
38
21
36
32
32
50
57
59
52
47
50
50
57
52
32
51
53
50
53
54
54
49
48
36
52
51
47
42
31
57
56
50
31
55
55
52
37
44
31
46
46
55
47
57
50
49
51
51
44
50
42
42
60
37
58
35
30
34
25
35
55
52
43
44
40
54
60
53
44
35
50
27
33
48
28
63
46
39
49
48
53
56
48
47
57
46
52
49
52
52
28
52
53
52
43
44
46
24
34
49
49
63
53
41
48
54
48
44
28
56
50
52
59
40
47
53
28
53
53
51
52
42
28
32
46
23
47
33
53
47
52
35
50
57
50
33
45
51
49
62
37
36
30
42
35
57
44
50
48
54
30
35
49
37
48
52
50
30
32
47
47
57
47
46
49
59
57
50
63
47
47
47
34
34
47
49
47
45
51
30
39
42
54
49
49
45
33
24
34
23
46
64
37
46
28
36
47
48
44
57
34
50
40
41
57
45
55
55
52
54
53
52
42
28
48
56
55
51
22
53
29
49
23
41
34
47
53
46
33
30
38
56
52
58
38
53
49
49
45
49
46
49
50
37
25
51
42
50
53
52
55
45
56
52
49
51
43
52
29
38
52
28
61
49
53
38
54
48
50
51
44
51
39
47
51
32
48
49
49
46
31
56
57
50
43
53
48
29
51
48
57
49
56
53
35
50
53
56
58
47
27
46
52
43
47
42
53
24
55
46
49
53
50
57
54
33
55
46
52
56
52
46
29
49
56
53
51
46
57
56
52
53
59
54
35
51
50
51
47
56
50
52
52
55
46
54
55
53
51
40
51
52
52
51
49
46
41
39
57
50
43
53
55
49
43
46
51
41
48
23
54
22
32
48
52
30
55
47
59
55
48
35
59
44
33
29
45
55
53
54
45
44
50
37
35
47
38
53
54
52
46
37
47
50
34
52
50
44
43
53
47
56
42
30
44
45
31
33
53
47
51
49
47
27
51
50
42
36
55
51
55
37
52
30
48
48
51
57
50
54
37
48
55
30
31
51
52
49
50
36
33
36
26
41
24
41
37
40
34
35
