45
49
49
31
37
46
54
26
55
34
30
33
51
46
47
48
30
43
34
31
35
53
32
31
47
29
52
24
55
58
53
42
34
34
34
54
29
57
61
35
56
55
33
43
45
44
31
27
37
53
47
33
34
47
53
32
54
50
33
57
37
35
59
52
35
22
47
50
37
50
57
33
52
25
51
34
53
33
32
50
53
54
54
32
34
49
48
37
38
52
51
29
42
35
47
42
41
57
56
37
50
55
55
52
30
44
46
32
46
55
32
47
57
36
34
29
36
50
36
49
28
35
51
34
51
28
44
29
32
38
33
27
36
32
30
33
50
34
37
42
42
60
58
55
52
32
43
44
40
54
60
35
53
22
44
50
30
48
39
29
63
46
33
39
49
48
39
27
33
53
56
48
30
47
57
25
40
46
52
31
49
52
37
37
32
52
32
52
53
36
33
52
18
43
44
41
24
46
34
26
49
49
33
34
33
63
35
53
33
24
37
41
48
33
54
48
44
44
27
56
50
52
31
59
33
33
47
53
53
53
26
51
52
42
33
46
47
38
53
47
29
32
52
34
50
57
36
50
45
30
31
34
34
51
49
41
62
37
42
57
50
38
48
27
31
43
54
49
48
52
31
37
34
33
50
28
29
47
40
47
57
37
47
46
29
32
49
41
29
36
59
40
32
57
36
30
31
27
35
32
41
39
30
36
26
50
33
36
33
33
63
47
47
47
47
49
47
32
45
37
51
42
54
49
33
36
31
49
29
35
23
45
31
29
46
64
33
34
30
29
34
34
30
33
29
46
47
29
48
44
57
40
34
23
50
31
41
32
57
45
39
31
34
35
33
34
23
25
36
55
42
33
27
55
37
52
26
54
53
52
42
32
48
34
56
55
25
39
42
25
40
51
53
49
24
23
34
41
39
47
53
37
37
46
36
38
56
26
37
44
29
35
39
52
30
58
53
49
32
49
45
38
49
46
49
39
50
29
29
51
23
42
42
31
25
50
53
32
52
28
55
33
33
45
56
35
52
28
49
51
30
33
35
39
43
30
34
37
40
40
52
42
52
29
34
36
61
49
53
54
35
32
23
48
30
50
41
40
51
44
51
47
51
48
49
49
46
56
57
50
43
53
48
51
48
57
49
56
53
50
