31
26
34
30
33
30
43
34
31
35
32
31
29
24
42
34
34
34
29
35
33
43
45
31
27
37
33
34
32
33
37
35
35
22
37
33
25
34
33
32
32
34
37
38
29
42
35
41
37
30
32
32
36
34
29
36
36
28
35
34
28
29
32
38
33
27
36
32
30
33
34
37
32
35
22
30
39
29
33
39
27
33
30
25
40
31
37
37
32
32
36
33
18
41
24
34
26
33
34
33
35
33
24
37
33
44
27
31
33
33
26
33
38
29
32
34
36
30
31
34
34
41
38
27
31
43
31
37
34
33
28
29
40
37
29
32
41
29
36
40
32
36
30
31
27
35
32
41
39
30
36
26
33
36
33
33
32
37
33
36
31
29
35
23
31
29
33
34
30
29
34
34
30
33
29
29
40
34
23
31
32
39
31
34
35
33
34
23
25
36
42
33
27
37
26
32
34
25
39
42
25
40
24
23
34
39
37
37
36
26
37
44
29
35
39
30
32
38
39
29
29
23
42
31
25
32
28
33
33
35
28
30
33
35
39
30
34
37
40
40
42
29
34
36
35
32
23
30
41
40
46
51
25
39
34
36
47
42
25
24
59
59
19
36
47
35
40
39
28
23
37
36
31
37
43
16
39
37
14
21
38
43
44
49
24
24
20
26
41
31
26
23
41
40
54
39
21
34
39
49
49
29
37
24
28
44
27
42
39
42
32
50
43
36
28
24
41
33
47
27
37
39
47
29
33
29
26
44
24
32
15
29
43
29
34
44
34
49
27
41
26
37
42
30
24
13
28
24
36
28
33
31
35
31
35
29
32
32
38
54
50
29
22
28
29
31
17
38
45
36
28
32
46
39
21
34
45
40
33
57
56
28
23
20
20
14
51
30
20
28
28
29
33
27
35
30
53
38
32
22
43
40
31
42
44
26
26
16
44
39
18
29
31
24
43
35
41
9
29
36
45
37
33
48
20
47
19
29
11
31
37
41
30
4
33
22
10
33
31
45
30
39
23
43
31
43
44
37
35
26
38
37
30
49
44
20
33
26
27
29
19
30
34
29
30
24
47
43
26
17
44
27
16
37
47
47
56
49
41
33
42
48
19
39
24
34
28
26
29
32
16
32
33
32
32
37
54
30
45
43
