40
49
48
37
50
50
45
60
48
36
37
47
45
47
48
47
29
51
49
50
47
40
48
52
44
49
54
52
38
42
50
29
58
55
50
49
46
37
49
53
44
46
50
44
54
38
23
51
50
53
34
50
48
60
49
52
39
47
53
47
57
46
39
46
25
53
38
49
52
52
50
20
46
24
50
45
47
27
52
47
45
42
46
51
49
44
44
54
47
40
55
40
57
39
53
17
49
52
43
57
15
59
28
38
48
52
31
29
53
57
31
57
55
55
52
30
50
47
47
50
52
38
45
51
51
57
54
17
30
46
53
45
60
53
50
33
49
59
49
55
50
32
46
46
50
51
54
53
54
47
50
27
48
49
36
51
51
49
56
47
47
51
45
52
51
51
35
34
51
43
51
59
48
33
43
50
38
35
28
45
56
14
55
40
48
53
39
52
50
29
50
63
42
11
47
42
30
44
41
48
39
53
45
54
45
57
35
38
53
48
47
40
46
49
49
33
50
48
11
54
38
61
61
51
49
58
52
43
46
45
45
41
42
44
59
46
46
52
54
55
22
50
55
56
51
47
52
41
47
48
38
42
50
48
46
49
57
44
45
51
47
30
46
49
53
48
28
48
49
46
43
54
52
50
19
55
47
53
34
42
52
55
50
38
51
50
48
49
51
48
45
53
59
47
60
47
43
41
50
6
53
55
51
45
24
34
52
57
54
55
24
58
46
55
55
45
50
47
34
14
50
55
48
26
33
49
49
50
56
49
51
38
25
26
48
53
51
42
48
54
49
39
58
42
40
42
55
57
59
49
56
54
53
47
47
51
60
47
44
27
48
54
53
51
48
27
47
42
60
43
8
42
43
46
55
47
54
61
51
41
45
38
56
49
46
56
13
44
49
31
21
56
41
54
49
49
31
48
54
51
53
60
44
39
56
38
58
48
49
56
47
53
43
19
57
33
47
44
30
27
49
12
28
61
23
50
39
45
32
36
58
24
37
17
43
51
57
47
30
42
45
52
55
46
49
43
57
54
54
48
48
53
50
46
41
45
51
29
28
28
32
43
52
56
43
49
58
43
47
51
52
47
45
38
45
47
41
50
48
54
50
53
45
51
36
50
57
50
47
47
55
44
42
44
49
51
51
45
45
56
