49
51
54
36
53
58
32
39
69
37
55
42
44
42
28
48
70
36
30
27
29
62
34
46
35
52
42
42
34
47
29
31
63
36
64
36
37
45
60
59
30
63
33
64
69
27
50
29
41
49
36
34
38
37
36
37
45
40
34
44
64
29
34
39
31
58
55
32
38
50
59
41
51
38
28
60
58
38
40
62
52
40
39
52
40
43
31
26
28
57
46
43
35
36
71
46
48
31
35
30
62
33
57
37
34
24
58
34
43
58
41
62
29
32
24
26
46
39
58
39
47
33
39
32
27
47
58
39
53
38
30
51
57
35
34
42
36
51
29
35
36
23
38
35
37
36
39
48
34
35
35
69
34
26
38
40
35
43
33
52
33
53
44
51
47
31
32
30
26
32
35
54
56
36
38
25
33
23
48
35
41
49
35
62
29
41
49
36
47
28
41
33
53
21
34
31
34
48
60
37
75
57
59
30
40
46
41
38
61
44
33
62
38
22
29
28
37
65
53
57
66
48
37
40
65
36
33
33
33
35
34
36
39
28
41
54
21
56
30
39
30
41
36
23
50
29
39
40
43
36
31
27
26
47
60
43
31
41
42
34
59
34
30
35
59
51
31
34
36
44
41
61
35
60
51
36
50
43
38
54
60
28
47
49
52
57
54
53
36
26
33
36
62
24
29
24
30
32
29
34
27
52
40
40
33
31
54
37
52
38
22
39
57
31
37
30
34
30
52
38
54
58
23
46
50
60
47
34
33
36
58
66
41
33
49
28
33
28
47
39
43
31
38
56
63
57
71
43
35
35
70
25
24
34
60
63
33
33
27
52
31
40
35
60
48
36
53
42
43
38
29
49
28
38
64
54
33
41
60
34
51
25
43
28
38
25
64
29
39
50
31
73
53
37
36
67
56
30
39
50
35
38
35
50
29
50
59
34
42
49
49
26
26
61
52
39
32
22
54
25
37
57
58
31
59
45
52
41
40
33
67
51
37
37
50
38
39
34
29
22
32
29
37
35
33
28
32
48
40
24
39
30
28
36
46
51
50
58
35
45
59
41
24
39
35
36
63
38
38
32
42
47
32
46
53
45
33
39
35
65
36
47
29
59
38
43
60
42
56
55
62
29
54
59
55
51
53
36
62
49
