50
52
39
52
50
47
54
49
55
51
49
47
54
44
47
49
53
49
43
52
61
50
51
53
55
54
53
50
48
60
53
55
47
60
50
43
50
53
56
40
49
47
56
55
42
38
55
45
53
61
49
44
56
48
49
56
54
54
42
56
48
52
39
53
57
57
48
52
47
41
57
63
45
41
46
55
44
58
49
45
49
50
59
44
49
50
47
55
50
48
42
50
54
49
60
62
46
50
46
46
47
55
60
59
51
47
58
54
48
50
44
45
51
50
45
50
47
51
52
50
53
56
58
51
52
55
43
44
53
46
49
48
52
51
45
48
54
61
49
52
52
46
56
50
45
50
44
54
39
51
49
51
57
52
49
49
50
52
52
57
47
48
45
49
48
49
47
45
55
40
48
45
58
52
51
48
52
47
55
47
43
54
52
59
57
42
41
43
45
54
44
51
50
52
52
54
48
54
49
49
49
47
55
44
45
53
52
45
55
51
49
45
57
57
44
44
47
43
43
55
36
52
49
57
48
44
52
52
47
49
53
51
53
51
44
54
55
53
48
46
56
41
51
44
47
54
50
53
49
46
56
51
65
64
48
43
61
66
50
37
53
60
55
56
50
61
36
57
35
58
56
62
56
49
48
46
40
60
59
62
24
56
40
47
57
49
50
60
59
47
65
58
47
29
49
38
49
63
35
39
45
51
54
58
54
61
64
62
61
64
35
70
67
45
27
72
52
46
68
49
46
48
45
35
51
62
53
50
68
35
50
42
57
59
62
48
59
49
55
43
35
59
54
37
64
49
33
38
64
52
38
35
57
51
56
54
55
43
48
62
51
40
52
40
52
60
40
60
39
61
33
48
50
55
49
68
51
55
37
25
43
56
56
53
54
48
37
57
68
42
44
30
52
46
52
50
34
52
44
51
61
58
56
37
37
54
45
53
49
40
56
41
58
52
62
41
33
62
42
46
60
50
36
39
44
55
41
50
32
41
70
33
54
34
49
57
53
53
51
58
43
31
75
53
33
53
53
65
76
35
42
40
58
55
59
53
44
39
39
45
30
61
39
39
52
42
49
43
55
44
55
56
60
52
68
34
53
52
52
49
57
47
45
59
49
46
48
46
68
35
61
39
53
50
56
51
70
58
43
42
