40
36
31
38
39
32
49
35
27
43
41
37
48
41
50
37
50
32
36
40
29
45
60
15
48
36
27
31
33
48
47
34
41
28
26
45
34
47
36
23
26
41
48
47
38
31
31
51
38
52
32
25
45
31
39
49
20
44
48
31
37
28
50
47
30
29
27
20
39
43
37
45
33
28
43
26
43
40
48
52
44
49
54
31
52
35
27
29
42
34
26
31
29
27
20
54
17
50
58
55
23
41
45
26
50
45
13
25
30
32
49
49
38
31
37
22
37
53
19
46
21
50
48
19
44
35
56
54
38
35
38
50
49
26
24
51
56
35
38
50
32
15
37
53
38
42
31
20
39
45
29
39
50
40
34
37
37
31
40
36
33
35
26
44
34
32
36
48
20
27
22
53
9
60
29
49
31
40
35
39
37
28
34
24
34
52
29
55
40
27
25
33
27
36
17
26
33
39
22
49
38
22
47
26
27
33
35
26
31
34
35
31
43
31
47
45
35
35
53
17
32
38
33
47
46
32
35
46
49
52
46
52
41
42
31
50
21
50
45
47
52
62
47
26
46
7
32
36
23
23
44
45
27
24
45
38
42
21
46
12
51
42
24
27
33
49
28
32
22
35
32
44
44
42
27
39
25
54
43
35
32
36
23
47
32
55
36
36
41
57
36
39
53
33
47
45
26
42
28
30
27
18
28
49
18
30
17
25
42
52
20
42
57
59
31
48
46
52
42
33
20
22
53
57
32
46
25
57
20
44
18
55
52
50
48
47
30
42
25
50
25
40
46
47
14
49
34
28
47
35
42
28
46
17
52
42
50
52
41
33
37
46
31
46
45
26
51
20
47
51
57
54
27
46
53
34
45
27
26
60
40
53
19
30
27
50
28
57
49
12
31
45
24
59
49
35
30
55
31
45
27
50
48
29
34
46
41
46
26
31
38
50
40
35
25
46
30
29
54
11
33
25
33
34
53
19
32
35
31
54
47
50
36
48
21
22
30
37
14
22
54
42
43
18
35
32
32
55
25
25
27
30
36
14
21
49
47
26
21
31
45
32
26
42
25
33
20
32
54
40
46
31
39
16
30
41
35
32
25
51
46
17
55
29
30
39
38
33
51
32
14
49
56
47
47
51
45
52
51
51
