32
30
40
56
33
53
56
49
37
41
51
39
28
40
55
35
35
32
51
52
27
48
47
38
45
21
47
53
49
36
48
32
43
46
32
48
32
36
48
48
31
53
53
48
31
48
37
46
52
31
53
43
37
48
35
51
30
34
25
35
35
27
33
28
28
24
34
28
40
28
28
32
53
46
44
50
23
53
53
33
35
33
36
57
30
35
44
30
35
52
51
56
50
42
44
58
48
37
59
30
32
43
49
34
34
30
39
33
53
24
43
50
34
23
59
49
37
28
36
53
34
40
28
47
22
29
52
23
34
33
47
30
38
37
53
44
58
50
41
48
25
53
29
38
48
28
38
52
46
45
52
39
32
52
51
46
54
31
55
54
29
56
54
56
41
37
54
35
51
27
24
46
49
33
29
35
40
23
22
32
55
43
30
35
50
57
57
43
49
33
50
55
41
49
29
46
37
47
35
38
54
50
37
46
34
30
55
31
33
27
36
37
59
30
37
47
30
47
50
31
53
36
33
47
57
50
36
49
26
54
53
41
24
41
37
40
44
48
34
51
55
35
40
36
53
29
54
26
49
36
47
64
49
60
36
33
38
33
56
31
47
31
26
34
34
40
48
48
50
34
30
29
32
38
24
45
43
47
58
29
29
30
45
45
23
36
34
72
55
33
49
50
40
32
32
32
31
24
49
33
50
32
31
51
55
53
28
24
47
40
49
41
26
54
35
53
59
51
32
56
29
21
37
36
32
56
29
43
53
52
53
29
52
53
37
35
28
29
37
45
42
33
29
57
49
32
47
29
39
45
38
29
47
60
33
44
53
35
33
51
41
50
50
41
35
54
29
65
36
36
38
31
31
25
35
31
47
50
32
36
34
33
49
37
46
45
47
57
49
30
53
47
33
34
52
50
50
43
52
24
50
33
33
41
26
31
31
38
58
33
31
37
46
35
59
24
26
46
33
36
48
40
45
54
38
31
32
22
47
34
34
42
23
50
31
51
51
54
37
34
57
52
48
31
54
40
49
45
45
29
52
49
32
53
42
55
38
33
54
53
39
29
26
33
46
48
57
53
42
42
46
44
52
49
43
43
42
48
53
49
52
59
48
44
52
46
44
57
43
48
49
55
44
46
56
55
52
52
43
48
