37
49
36
51
37
54
53
58
29
39
69
38
55
44
42
29
46
37
48
70
44
62
23
34
46
39
57
52
42
39
25
53
38
20
46
24
27
42
40
40
47
63
36
17
64
37
45
43
60
59
15
28
38
63
64
31
29
31
55
30
38
69
17
50
30
33
32
49
51
27
36
35
34
37
45
40
44
64
59
33
58
55
50
59
38
35
28
51
14
60
40
58
62
52
39
52
43
39
57
29
11
46
43
71
30
46
48
35
62
57
40
49
33
58
11
38
43
22
41
58
38
62
29
42
46
58
32
47
46
58
39
44
30
28
19
53
34
38
51
57
41
35
6
51
24
34
39
48
35
24
46
69
34
40
14
43
52
53
26
33
51
47
25
54
26
56
39
48
35
27
27
8
46
41
62
49
38
47
13
41
33
53
48
60
37
49
75
31
57
59
21
41
31
54
40
46
41
38
61
39
44
38
62
19
33
29
65
53
30
57
27
66
48
12
65
36
28
39
28
23
39
54
56
45
39
50
40
32
47
60
36
43
41
42
59
59
51
44
41
24
37
61
17
30
60
42
55
43
41
29
28
51
36
50
43
54
28
32
47
60
41
47
49
52
57
36
54
53
42
34
36
62
19
30
52
40
37
39
40
54
38
42
37
41
46
9
52
22
57
11
36
52
27
54
19
21
18
58
46
50
21
40
47
17
38
60
41
27
53
26
47
11
36
48
58
28
66
21
4
24
18
27
33
25
49
31
47
20
43
25
19
34
31
47
38
52
43
24
56
41
63
57
22
44
71
40
43
24
23
31
38
33
70
24
60
63
33
21
52
60
27
27
48
29
53
43
38
49
38
64
29
54
60
51
64
43
42
50
73
39
53
17
67
37
36
36
56
50
50
19
31
59
49
32
24
49
61
40
42
52
54
37
57
58
59
25
52
67
51
50
39
51
38
29
27
18
32
44
56
35
18
48
40
37
17
40
36
46
51
31
50
56
26
38
42
47
58
15
45
59
23
12
49
31
41
35
36
16
63
34
20
47
48
32
28
34
51
46
37
43
23
34
34
53
45
22
24
65
47
59
38
35
37
38
60
27
42
56
55
62
44
32
42
30
54
59
44
55
51
41
26
53
33
36
62
51
36
49
20
34
