23
64
40
38
66
51
59
62
59
51
65
17
36
68
61
48
30
13
17
38
68
31
61
44
56
50
43
48
56
54
52
39
20
46
65
53
53
48
59
60
37
31
49
59
57
30
54
55
29
27
49
32
34
31
12
52
66
58
63
46
54
33
38
19
54
40
43
53
53
53
50
55
49
55
48
50
52
55
38
69
32
49
45
78
25
27
34
61
63
57
31
31
40
39
26
53
43
30
44
75
44
45
46
40
42
59
34
12
50
64
18
62
56
25
51
45
49
49
56
42
31
36
54
58
38
27
49
35
13
38
57
52
57
57
48
60
14
42
51
57
49
37
34
52
55
31
40
15
42
49
37
42
50
22
56
46
56
48
32
22
49
36
53
54
51
57
38
38
54
48
36
43
41
36
36
46
56
39
47
59
8
45
52
28
55
25
31
52
35
43
49
54
50
37
44
48
18
54
26
29
35
62
39
47
41
40
51
34
63
46
39
46
62
68
43
41
35
21
36
81
48
58
62
27
52
52
57
54
53
57
64
52
29
56
56
42
57
47
40
57
43
31
58
31
42
21
19
47
55
42
62
47
34
42
32
54
51
54
47
48
37
47
50
21
34
53
56
54
55
48
61
47
60
51
17
46
47
56
48
58
65
32
50
44
52
53
30
44
30
46
51
37
30
51
55
47
49
54
38
25
70
31
54
55
38
48
59
11
22
59
31
58
52
53
40
48
37
70
29
18
42
43
48
43
51
61
51
45
43
60
53
63
47
32
28
47
39
37
41
43
45
31
27
44
46
43
41
40
65
46
56
35
49
51
25
44
49
55
49
35
19
53
57
62
51
34
16
59
59
46
52
58
46
42
60
59
63
71
29
24
50
23
69
64
48
30
36
38
44
67
46
46
51
57
59
46
15
28
34
46
54
62
57
43
33
44
57
48
38
31
55
49
54
54
39
62
47
53
51
51
31
44
51
28
51
47
45
44
50
36
39
45
43
41
52
29
55
45
63
67
58
37
41
46
65
38
38
54
39
57
59
35
27
63
61
36
52
64
45
55
48
34
65
38
40
46
38
71
37
50
59
41
60
50
52
46
41
63
49
52
59
43
45
47
57
76
60
63
43
56
46
56
43
40
51
67
54
55
53
63
