45
49
49
37
46
54
55
51
46
47
48
53
47
52
55
58
53
54
57
61
56
55
44
53
47
47
53
54
50
57
59
52
47
50
50
57
52
51
53
50
53
54
54
49
48
52
51
47
42
57
56
50
55
55
52
44
46
46
55
47
57
50
49
51
51
44
50
42
42
60
58
55
52
43
44
40
54
60
53
44
50
48
63
46
39
49
48
53
56
48
47
57
46
52
49
52
52
52
53
52
43
44
46
49
49
63
53
41
48
54
48
44
56
50
52
59
47
53
53
53
51
52
42
46
47
53
47
52
50
57
50
45
51
49
62
37
42
57
50
48
54
49
48
52
50
47
47
57
47
46
49
59
57
50
63
47
47
47
47
49
47
45
51
42
54
49
49
45
46
64
46
47
48
44
57
50
41
57
45
55
55
52
54
53
52
42
48
56
55
51
53
49
41
47
53
46
38
56
52
58
53
49
49
45
49
46
49
50
51
42
50
53
52
55
45
56
52
49
51
43
52
52
61
49
53
54
48
50
51
44
51
47
51
48
49
49
46
56
57
50
43
53
48
51
48
57
49
56
53
50
53
46
65
42
43
62
40
57
47
60
71
32
56
60
59
39
31
37
58
57
42
57
68
53
51
66
46
50
52
64
57
37
60
57
53
50
43
48
52
66
47
68
36
41
44
41
41
53
63
45
37
70
50
57
41
47
56
55
50
42
49
62
63
66
58
50
69
67
58
61
43
62
40
56
48
54
39
52
57
49
43
50
38
50
43
37
46
38
53
54
30
58
45
62
51
47
55
53
53
47
51
70
39
38
45
42
59
44
43
44
32
52
55
61
45
40
34
41
46
57
58
56
66
43
44
40
59
37
49
41
45
38
63
61
46
62
59
65
49
36
57
47
50
57
57
40
66
58
29
30
29
52
39
37
56
59
54
48
51
59
34
58
45
66
37
41
44
50
51
60
51
41
43
48
42
67
38
66
50
39
61
55
33
54
58
37
50
42
59
57
58
38
48
54
48
63
45
50
54
64
39
42
50
59
46
60
46
50
50
40
55
48
41
40
45
44
43
57
52
49
61
52
47
55
44
56
49
54
43
45
64
69
65
44
34
50
33
54
50
62
68
42
55
35
56
38
63
58
61
64
