49
39
31
31
51
54
53
58
39
35
25
38
69
31
55
44
42
30
48
70
30
42
62
46
52
42
42
47
30
44
63
34
36
39
64
39
37
38
43
45
27
27
36
60
59
63
64
69
45
35
25
50
49
37
45
40
29
28
31
44
64
33
58
37
55
50
59
51
34
37
35
32
31
27
36
60
35
36
58
62
52
39
52
43
29
43
57
46
43
38
32
71
46
48
29
34
40
30
28
62
29
57
58
40
37
28
34
43
58
30
62
29
30
46
33
58
32
47
58
32
35
34
37
38
39
53
51
57
35
51
30
39
48
35
30
69
31
40
43
52
53
34
33
29
31
30
51
47
34
35
54
38
31
31
35
35
56
27
48
39
35
33
43
34
37
31
35
42
35
41
41
26
28
30
38
40
62
30
49
47
28
31
35
27
29
33
41
33
53
32
48
40
60
37
75
57
27
32
39
25
59
28
40
46
41
38
61
31
44
25
62
47
29
39
65
53
36
57
25
66
30
41
33
48
38
65
24
36
33
28
39
28
54
34
56
29
39
50
40
47
31
60
43
40
36
36
24
41
42
59
59
28
36
51
32
44
38
44
31
30
41
61
34
60
51
36
37
31
33
31
50
35
31
35
43
35
38
26
41
54
31
60
37
40
47
32
49
52
57
37
54
53
36
29
38
31
36
36
29
36
62
26
33
34
30
52
29
27
40
39
54
36
37
25
52
39
22
57
52
24
54
58
28
38
46
50
31
60
47
38
58
66
49
35
47
43
34
31
38
56
31
35
24
63
36
31
57
71
43
70
24
39
60
31
35
63
33
27
52
60
35
39
48
27
31
37
53
28
43
29
38
35
49
30
27
30
38
64
54
25
60
51
64
50
73
35
53
67
42
56
50
39
31
36
50
35
59
34
30
49
33
49
37
34
61
52
54
31
32
37
57
58
30
59
52
24
67
32
38
35
51
37
50
30
28
39
29
41
34
35
48
24
40
45
31
36
31
46
31
51
30
50
58
45
31
31
59
19
19
41
35
28
36
31
33
27
63
47
36
32
35
46
38
53
39
30
31
45
65
31
47
59
38
31
38
60
42
41
56
55
62
37
54
59
55
51
35
53
36
62
35
27
49
33
30
33
37
22
39
28
