32
54
46
72
67
30
40
33
37
45
39
42
28
61
55
40
35
35
32
27
38
21
36
47
43
36
58
32
32
44
32
36
31
59
31
48
37
57
31
52
52
37
49
35
47
30
34
25
35
35
56
27
33
50
55
28
35
65
57
66
37
28
68
47
46
47
51
47
24
56
34
28
40
43
44
42
28
28
47
30
32
52
68
63
60
32
23
33
35
33
36
30
35
41
44
30
35
74
57
58
40
40
37
52
49
30
32
43
34
34
30
60
55
47
51
39
33
24
59
34
23
47
58
53
50
39
47
37
28
36
50
34
40
48
51
28
22
29
60
23
34
33
30
38
37
25
29
38
77
59
28
38
67
38
39
56
55
32
31
48
55
57
57
55
29
35
27
24
33
29
35
40
23
22
40
54
32
30
65
35
33
72
29
37
35
44
38
48
37
34
30
31
33
27
62
36
52
41
37
30
37
64
54
30
31
36
33
36
55
53
26
51
41
24
66
41
64
37
49
40
58
49
34
35
34
40
36
49
36
29
46
55
64
26
36
53
36
63
36
33
38
33
42
62
31
57
49
56
31
39
65
26
34
51
34
44
40
34
44
30
29
32
24
54
29
59
41
48
49
39
29
42
30
23
51
36
50
34
33
63
40
32
32
32
31
24
33
32
51
46
31
28
49
48
24
40
52
44
61
62
54
41
56
26
59
35
33
32
48
45
51
29
52
25
21
35
37
36
32
29
60
47
66
37
29
60
37
35
28
64
29
49
37
42
48
33
29
32
42
42
29
51
39
38
29
43
33
35
33
59
41
44
50
52
41
35
60
29
36
36
38
31
42
47
52
31
25
35
46
31
32
53
36
49
41
48
45
34
33
37
54
30
33
61
57
60
34
49
24
54
58
33
57
56
33
51
41
42
26
31
68
31
49
38
33
31
47
52
37
41
63
31
35
47
60
62
24
26
33
55
36
40
38
31
32
22
56
34
56
34
34
52
42
23
31
37
61
34
31
40
29
42
32
54
50
42
38
74
33
39
67
29
26
53
33
55
59
47
55
59
45
53
41
38
55
43
53
50
41
41
65
50
37
49
50
52
28
50
55
50
53
39
28
46
55
53
46
45
44
30
34
38
38
61
38
63
52
29
76
36
