56
53
56
49
41
51
55
51
52
48
47
45
47
53
49
48
43
46
48
48
48
53
53
48
48
46
52
53
43
48
51
53
46
44
50
53
53
57
52
51
56
50
42
44
58
48
59
43
49
53
43
50
59
49
53
47
52
47
53
44
58
50
41
48
53
48
52
46
45
52
52
51
46
54
55
54
56
54
56
41
37
54
51
46
49
55
43
50
57
57
43
49
50
55
41
49
46
47
54
50
46
55
59
47
47
50
53
47
57
50
49
54
53
44
48
51
55
53
54
49
47
64
49
60
56
47
48
48
50
38
45
43
47
58
45
45
72
55
49
50
49
50
51
55
53
47
49
54
53
59
51
56
56
43
53
52
53
52
53
45
57
49
47
45
47
60
44
53
51
50
50
54
65
47
50
49
46
45
47
57
49
53
47
52
50
50
43
52
50
58
46
59
46
48
45
54
47
50
51
51
54
57
52
48
54
49
45
45
52
49
53
55
54
53
46
48
57
53
42
42
46
44
52
49
43
43
42
48
53
49
52
59
48
44
52
46
44
57
43
48
49
55
44
46
56
55
52
52
43
48
43
47
45
52
51
55
51
46
51
40
56
49
49
45
43
49
54
54
51
54
58
52
51
47
53
42
50
52
55
47
58
52
53
49
51
53
49
42
54
50
55
59
52
57
47
47
58
53
55
46
50
45
46
48
49
57
44
47
47
49
40
49
45
49
48
47
53
56
45
53
57
60
49
42
44
44
46
57
57
58
44
42
49
43
48
42
48
47
56
45
54
52
60
61
46
49
59
53
54
44
54
51
59
60
56
53
46
50
52
44
50
48
57
48
49
52
51
50
43
55
46
49
42
52
50
51
55
58
47
48
52
51
47
58
42
58
55
44
66
50
51
58
47
51
39
53
53
54
48
54
45
51
50
44
44
42
56
43
52
47
52
52
51
56
38
49
44
65
54
45
43
52
51
52
54
49
48
49
46
49
52
54
51
57
51
45
51
41
49
51
50
51
59
48
49
53
55
60
46
53
58
51
57
45
56
64
56
60
57
53
49
45
50
54
48
55
50
55
40
51
47
57
51
49
50
47
51
47
48
44
60
58
50
56
37
47
55
44
49
39
45
47
54
47
52
40
52
49
41
45
