32
30
40
33
37
39
28
50
52
40
35
35
39
32
27
38
21
52
50
36
47
32
54
32
32
36
31
49
55
51
31
37
31
37
35
30
34
25
35
49
35
27
47
54
33
28
28
24
34
28
40
28
28
44
32
23
33
35
33
47
49
36
53
30
35
44
49
30
35
37
30
43
52
32
34
34
61
30
39
50
51
33
24
34
23
37
28
53
55
36
34
40
28
54
53
22
50
29
48
60
53
23
34
33
30
38
37
55
25
47
29
60
38
28
38
39
32
31
50
43
50
53
29
35
56
27
24
33
29
35
40
23
22
40
32
30
35
33
29
49
37
35
38
37
34
30
31
33
47
27
36
56
37
55
30
37
30
31
42
36
33
36
26
41
38
55
24
45
41
53
37
40
34
35
40
36
29
26
36
36
33
38
61
33
31
31
26
34
34
40
34
49
44
30
56
29
32
48
49
24
56
29
29
30
23
36
34
33
40
54
32
32
54
32
31
24
42
33
32
31
28
56
48
52
39
24
53
40
41
57
26
35
32
29
57
21
37
36
32
29
29
37
48
52
35
28
29
37
42
33
29
32
29
39
38
29
33
35
47
33
41
41
35
29
36
36
38
31
31
41
57
25
35
63
31
32
45
36
34
33
41
37
46
30
55
44
33
34
24
33
33
41
26
58
31
31
38
33
31
37
49
45
35
24
26
33
36
40
38
49
31
32
50
22
34
34
42
23
31
59
37
34
31
40
29
44
32
42
38
33
39
29
26
49
33
37
50
36
38
47
55
30
50
48
37
28
28
29
34
41
42
30
36
36
50
35
30
42
35
30
54
27
41
38
27
30
27
31
27
49
30
60
26
35
39
32
34
28
27
29
28
34
38
62
46
34
31
26
34
50
39
27
46
34
31
46
47
30
38
27
55
60
59
37
51
47
34
58
36
34
54
26
26
35
22
23
48
37
34
31
38
31
28
32
37
28
23
50
44
26
36
37
33
35
36
44
32
29
41
35
41
33
45
22
34
31
26
29
31
36
32
51
41
39
34
35
50
36
39
37
45
30
41
30
36
35
33
31
50
47
32
51
42
31
33
34
52
31
30
35
50
35
22
29
53
29
56
32
38
31
58
39
30
51
36
39
26
34
32
52
