23
54
46
17
72
61
67
45
42
30
61
55
13
36
17
38
47
43
58
44
31
48
59
39
48
57
52
20
52
49
47
56
53
50
55
35
65
57
29
34
66
31
37
12
68
19
47
40
46
53
47
38
32
25
51
31
47
56
31
43
44
42
47
30
39
26
30
45
34
12
18
52
68
25
63
60
31
32
36
41
74
57
38
27
58
40
40
35
52
13
38
14
49
37
34
52
31
15
43
37
22
60
55
47
51
59
47
58
53
32
50
22
38
39
47
50
48
51
48
36
36
39
60
77
59
67
38
56
55
8
31
48
37
55
57
57
55
48
18
40
54
65
39
72
44
48
46
62
52
41
41
36
64
29
54
31
31
55
53
21
34
32
51
51
66
64
21
49
47
17
58
48
32
30
44
49
34
36
49
30
46
25
38
11
55
22
64
53
36
31
40
63
42
37
62
57
29
18
49
56
39
51
43
65
51
44
44
28
54
37
27
59
35
25
35
41
19
48
16
49
39
42
51
46
42
24
50
30
44
46
51
63
51
46
49
15
48
52
28
44
34
61
33
38
31
39
51
31
28
62
45
44
50
36
54
56
59
33
39
48
41
35
36
45
45
34
51
52
25
35
60
47
38
66
37
60
64
21
49
48
42
33
41
48
41
23
48
26
42
17
42
51
43
38
35
59
31
44
50
52
30
60
23
42
47
25
38
41
49
20
52
28
42
35
46
41
53
49
34
28
31
25
41
20
36
48
32
45
29
54
35
30
43
61
57
60
49
54
34
58
23
40
27
30
24
57
32
34
42
31
56
36
51
29
42
68
49
22
40
47
52
41
63
31
31
39
47
28
31
60
23
62
55
56
28
56
23
42
34
52
61
42
54
30
26
42
50
12
21
74
67
40
40
27
53
55
38
41
33
59
32
47
55
39
59
45
53
41
38
21
55
48
24
44
28
28
31
43
37
40
53
36
50
14
48
33
41
30
41
41
42
36
65
50
26
37
45
49
28
29
23
32
32
50
20
36
47
52
19
28
21
36
17
32
11
50
32
12
55
39
50
43
22
53
32
27
39
28
46
34
55
16
9
53
46
37
45
37
16
31
21
24
44
20
30
34
23
39
38
33
27
38
61
38
29
63
52
29
76
36
