49
31
26
51
34
30
33
30
43
34
54
31
35
32
31
29
24
42
34
53
34
34
29
58
35
33
43
45
31
39
69
55
27
37
33
34
32
33
44
42
37
35
35
22
37
33
48
70
25
62
34
33
32
32
34
37
38
29
42
46
35
52
41
42
37
42
30
32
32
36
47
63
34
29
36
36
36
28
35
34
28
64
29
32
38
33
27
36
32
37
30
33
34
37
32
35
22
45
30
39
29
33
60
39
59
27
33
30
63
25
40
31
37
37
32
32
36
64
33
18
41
69
24
34
26
33
50
34
33
35
49
37
33
24
45
37
33
44
27
31
40
44
64
33
58
33
26
33
38
29
32
34
55
50
36
30
31
34
34
41
38
27
59
31
43
31
37
34
33
51
28
60
29
40
37
29
32
41
29
36
40
58
32
62
52
36
30
31
27
35
32
39
41
52
43
57
39
30
36
46
43
26
33
36
33
71
33
32
46
48
37
33
36
31
29
35
23
31
62
57
29
58
43
33
34
30
58
29
62
34
34
30
29
33
29
29
40
34
23
31
46
32
58
39
32
31
34
35
33
34
47
58
23
25
39
36
53
42
51
57
33
27
37
26
32
35
34
25
51
39
39
48
42
35
69
40
25
40
24
23
34
43
39
37
37
52
36
26
37
44
29
53
51
35
39
30
32
38
47
39
29
29
54
23
42
31
25
32
28
33
56
33
35
28
48
30
35
33
35
39
30
34
37
40
40
42
29
41
34
62
36
49
35
47
32
23
30
41
40
36
41
33
32
53
48
38
41
31
30
38
37
42
35
46
60
37
37
32
35
35
29
37
31
26
35
35
38
39
30
30
37
75
36
43
36
26
57
36
59
40
40
46
41
35
38
38
22
39
32
33
61
33
35
27
35
44
38
33
29
34
25
36
43
62
29
27
65
53
32
57
66
39
31
48
28
65
23
36
28
34
28
30
36
39
43
29
30
31
28
37
32
30
31
33
54
56
36
45
34
35
34
39
39
50
36
30
31
41
37
35
40
39
35
24
36
47
44
40
34
33
60
43
41
28
27
30
32
27
30
42
46
35
39
28
30
34
37
34
34
36
34
32
27
31
37
38
38
33
31
35
40
29
38
36
27
23
29
25
34
46
