31
26
34
30
33
30
43
34
31
35
32
31
29
24
42
34
34
34
29
35
33
43
45
31
27
37
33
34
32
33
37
35
35
22
37
33
25
34
33
32
32
34
37
38
29
42
35
41
37
30
32
32
36
34
29
36
36
28
35
34
28
29
32
38
33
27
36
32
30
33
34
37
32
35
22
30
39
29
33
39
27
33
30
25
40
31
37
37
32
32
36
33
18
41
24
34
26
33
34
33
35
33
24
37
33
44
27
31
33
33
26
33
38
29
32
34
36
30
31
34
34
41
38
27
31
43
31
37
34
33
28
29
40
37
29
32
41
29
36
40
32
36
30
31
27
35
32
41
39
30
36
26
33
36
33
33
32
37
33
36
31
29
35
23
31
29
33
34
30
29
34
34
30
33
29
29
40
34
23
31
32
39
31
34
35
33
34
23
25
36
42
33
27
37
26
32
34
25
39
42
25
40
24
23
34
39
37
37
36
26
37
44
29
35
39
30
32
38
39
29
29
23
42
31
25
32
28
33
33
35
28
30
33
35
39
30
34
37
40
40
42
29
34
36
35
32
23
30
41
40
45
28
25
34
34
32
32
34
37
42
39
34
38
31
27
38
34
26
36
29
35
44
36
32
28
31
35
36
36
34
37
32
39
29
37
31
25
26
31
29
26
31
23
40
33
31
36
40
32
27
34
37
27
29
31
32
31
37
35
26
32
38
44
29
32
32
31
34
35
31
32
31
29
31
37
42
36
33
34
34
35
29
33
35
32
33
28
37
43
28
30
39
30
41
34
19
28
28
34
40
34
28
18
35
33
29
40
31
30
32
34
20
37
32
31
25
27
38
43
35
29
39
28
29
28
30
33
30
36
33
26
34
32
27
33
26
31
32
29
39
33
26
39
31
30
30
28
38
36
27
31
28
35
27
29
38
38
35
43
35
32
33
33
35
30
41
32
28
30
31
30
34
28
30
32
32
32
31
32
35
34
27
30
27
30
25
43
40
22
37
37
34
32
21
29
31
36
40
39
39
46
26
36
29
39
30
42
39
23
36
34
30
34
31
38
36
33
39
24
29
37
36
37
37
36
27
35
28
39
39
25
45
31
30
33
32
23
30
30
28
32
27
34
27
38
26
36
35
37
24
