31
26
34
30
33
30
43
34
31
35
32
31
29
24
42
34
34
34
29
35
33
43
45
31
27
37
33
34
32
33
37
35
35
22
37
33
25
34
33
32
32
34
37
38
29
42
35
41
37
30
32
32
36
34
29
36
36
28
35
34
28
29
32
38
33
27
36
32
30
33
34
37
32
35
22
30
39
29
33
39
27
33
30
25
40
31
37
37
32
32
36
33
18
41
24
34
26
33
34
33
35
33
24
37
33
44
27
31
33
33
26
33
38
29
32
34
36
30
31
34
34
41
38
27
31
43
31
37
34
33
28
29
40
37
29
32
41
29
36
40
32
36
30
31
27
35
32
41
39
30
36
26
33
36
33
33
32
37
33
36
31
29
35
23
31
29
33
34
30
29
34
34
30
33
29
29
40
34
23
31
32
39
31
34
35
33
34
23
25
36
42
33
27
37
26
32
34
25
39
42
25
40
24
23
34
39
37
37
36
26
37
44
29
35
39
30
32
38
39
29
29
23
42
31
25
32
28
33
33
35
28
30
33
35
39
30
34
37
40
40
42
29
34
36
35
32
23
30
41
40
21
39
5
27
21
39
34
27
27
33
41
30
34
38
36
43
25
39
36
55
22
38
37
42
21
49
30
26
31
43
25
28
38
24
33
14
27
43
37
38
54
28
40
25
41
23
32
39
45
35
45
29
27
37
32
45
41
44
42
43
32
21
26
27
30
36
34
41
23
29
29
32
40
51
44
21
13
33
28
42
38
29
30
36
46
41
32
25
32
29
33
26
40
30
16
29
29
14
32
25
24
40
45
50
34
22
30
16
35
40
42
24
24
38
45
38
34
34
44
42
21
24
36
36
33
55
17
20
16
26
41
34
29
25
29
34
43
45
28
24
41
34
31
24
35
40
13
31
23
29
39
28
41
38
28
37
29
9
48
30
36
43
40
38
30
28
26
21
42
44
44
17
48
25
46
35
32
24
42
41
44
14
22
38
39
38
41
39
29
25
49
38
17
33
29
45
34
33
39
37
34
35
40
25
30
20
38
20
40
29
18
32
32
52
25
42
27
47
34
28
33
20
29
39
20
21
23
40
16
39
34
25
29
36
47
28
42
38
20
19
28
39
52
35
38
42
33
33
18
6
