39
31
31
35
56
25
38
31
30
30
42
30
53
44
56
34
39
49
39
41
38
43
27
27
36
45
35
25
29
28
31
33
37
34
37
35
51
32
31
27
55
51
52
36
35
36
43
29
48
38
32
29
34
47
40
30
28
29
45
47
53
49
40
37
48
28
34
43
46
30
48
30
33
32
35
34
37
38
30
30
48
31
48
34
53
33
29
31
30
34
35
38
31
31
35
35
27
53
39
33
43
34
37
31
35
42
35
41
26
48
48
46
28
30
38
52
40
53
30
28
31
35
43
27
29
33
32
40
27
32
48
39
25
51
28
31
53
25
46
47
39
36
25
30
41
33
38
24
44
33
28
34
29
31
40
36
50
53
36
24
28
36
53
32
38
44
31
30
34
37
31
33
31
35
57
31
52
35
35
38
26
41
51
56
31
37
40
32
37
36
50
29
42
38
31
36
29
36
26
33
44
34
58
29
27
39
48
36
25
39
24
59
43
49
53
28
38
31
38
35
34
31
35
43
24
36
31
39
31
50
35
27
59
49
53
35
39
27
31
37
47
28
52
47
29
35
30
53
44
27
30
25
58
35
42
39
31
36
35
34
50
41
48
30
33
37
34
31
53
32
30
24
32
48
38
35
37
30
28
41
34
52
24
45
31
31
31
30
31
31
46
19
19
28
45
52
31
33
27
36
52
51
35
38
39
46
54
30
31
31
55
38
54
31
41
37
35
35
56
27
33
30
33
54
37
56
22
39
41
28
45
28
37
25
54
34
34
51
46
32
32
34
37
42
39
34
38
31
27
49
38
34
55
26
36
29
35
44
36
32
43
28
31
35
50
36
36
34
37
32
39
29
37
31
25
26
31
29
26
31
23
57
40
33
31
57
36
40
32
27
34
37
27
29
31
32
31
37
43
35
26
32
38
49
44
29
32
32
31
34
50
35
31
32
31
29
31
37
42
36
33
34
55
41
34
35
49
29
46
33
35
47
32
33
28
37
43
28
30
54
39
30
41
50
34
46
55
59
19
28
47
28
47
34
40
50
34
53
28
18
35
47
33
29
57
50
40
49
31
30
32
34
20
37
32
31
25
27
38
43
35
29
39
28
54
53
44
29
48
28
51
55
53
54
49
47
64
49
60
56
