37
40
36
49
48
50
37
29
50
38
45
29
60
46
37
44
23
34
48
39
47
57
39
25
45
47
48
53
38
20
46
24
27
47
51
40
49
50
47
40
40
48
17
52
44
43
49
54
15
52
42
28
38
50
58
55
50
31
29
31
49
49
53
46
55
30
50
38
44
54
38
17
30
33
51
32
51
27
50
36
53
35
50
48
60
34
59
33
38
49
52
35
28
14
40
47
39
29
11
30
53
35
47
46
40
49
33
46
11
49
38
52
22
41
38
52
50
42
46
50
45
44
47
30
52
28
19
47
34
45
42
46
38
41
6
51
49
24
34
24
46
34
14
44
44
26
54
33
47
55
25
57
26
39
39
53
49
27
52
27
8
46
38
57
13
59
48
49
52
31
21
53
57
57
55
52
41
50
31
47
54
47
50
52
45
51
51
57
39
54
38
46
53
45
60
53
19
33
30
50
49
27
59
49
55
12
28
23
39
45
50
32
46
36
24
37
17
30
46
50
54
53
54
42
47
55
43
41
29
28
50
48
49
28
32
47
41
51
51
36
42
49
34
56
19
47
47
51
40
45
37
52
51
51
39
38
42
41
51
43
51
46
9
48
11
43
50
45
56
55
36
27
48
53
52
19
50
21
50
18
63
42
47
42
21
40
44
41
47
48
17
39
38
53
41
45
54
45
57
27
53
26
11
36
48
28
38
53
48
47
46
21
4
49
50
48
24
18
54
61
27
33
25
31
61
20
51
25
19
34
49
47
58
52
52
43
43
24
41
46
22
44
40
45
45
24
41
23
31
38
42
44
59
46
46
33
21
52
54
27
55
50
27
29
55
56
51
29
47
43
42
52
47
48
39
17
50
37
48
49
36
57
36
19
31
45
51
32
24
47
40
42
46
25
51
38
27
49
18
32
44
53
48
48
49
46
43
54
52
50
56
18
55
47
53
42
40
37
52
17
55
31
56
50
26
38
51
50
42
48
49
51
48
47
45
15
23
53
12
49
31
16
59
34
20
47
48
28
60
47
34
43
51
37
43
50
23
34
53
55
51
45
34
22
24
52
35
57
37
38
27
44
54
32
42
55
58
30
44
55
55
41
45
26
50
33
51
47
36
50
20
34
55
48
49
49
50
56
49
51
