29
43
48
57
43
63
31
51
62
26
45
68
46
48
65
43
45
47
48
46
41
56
40
34
71
30
57
57
34
52
33
45
30
79
69
43
47
55
60
75
39
60
33
44
59
40
45
48
52
49
49
57
49
54
61
45
34
51
58
31
65
57
35
38
34
46
57
70
41
49
54
32
31
29
65
43
24
50
41
51
58
52
56
45
51
52
42
50
60
48
38
69
68
80
53
38
39
55
34
34
43
34
59
62
54
56
50
51
29
54
39
55
37
42
57
48
55
59
47
53
65
61
35
33
57
35
43
45
65
44
57
62
68
55
48
46
40
50
45
31
27
53
54
37
33
44
45
34
45
53
51
59
32
43
56
49
52
33
37
52
65
63
56
53
58
63
47
35
32
35
65
22
45
51
45
50
46
58
37
33
25
40
34
33
62
69
49
32
57
52
32
63
43
61
64
34
50
31
37
66
54
41
50
45
38
29
43
51
54
47
49
30
59
42
35
41
49
57
60
37
48
30
54
32
32
36
64
62
47
47
73
43
61
49
52
34
29
48
36
67
41
36
28
35
34
77
51
28
29
58
57
45
53
45
66
56
54
62
74
50
43
47
32
56
51
39
38
51
33
62
43
73
34
51
27
56
69
37
59
66
36
56
55
54
48
53
32
71
52
49
50
49
54
41
29
30
40
33
60
39
34
37
52
53
60
55
53
36
51
32
35
45
57
66
29
50
38
41
62
65
35
22
52
30
39
51
29
58
40
61
46
45
52
33
39
53
45
58
53
27
41
36
30
63
40
55
30
33
30
48
43
65
53
65
53
42
25
64
69
35
48
53
41
48
40
31
55
44
49
37
43
37
27
39
72
20
57
53
32
54
51
32
53
41
28
40
36
64
33
18
58
62
43
41
58
51
24
58
47
35
57
60
34
54
26
33
53
34
33
70
35
50
52
33
48
38
24
41
42
37
48
34
33
42
45
44
27
62
31
44
33
65
33
50
39
46
61
44
54
54
55
60
45
36
55
26
54
38
38
57
49
62
54
33
33
46
55
38
63
54
56
59
49
29
32
34
61
54
36
30
60
50
48
31
63
47
34
49
50
34
42
41
47
40
47
38
36
43
27
60
59
27
59
38
38
37
72
63
31
51
