40
49
48
50
50
45
60
48
47
45
47
48
47
51
49
50
47
40
48
52
44
49
54
52
42
50
58
55
50
49
49
53
46
50
44
54
38
51
50
53
50
48
60
49
52
47
53
47
46
46
49
52
52
50
50
45
47
52
47
45
42
46
51
49
44
44
54
47
55
57
39
53
49
52
57
59
48
52
53
57
57
55
52
50
47
47
50
52
45
51
51
57
54
46
53
45
60
53
50
49
59
49
55
50
46
46
50
54
53
54
47
50
48
49
51
51
49
56
47
47
51
45
52
51
51
51
43
51
48
43
50
45
56
55
48
53
52
50
50
63
42
47
42
44
41
48
39
53
45
54
45
57
38
53
48
47
46
49
50
48
54
61
61
51
49
58
52
43
46
45
45
41
42
44
59
46
46
52
54
55
50
55
56
51
47
52
47
48
50
48
49
57
45
51
47
46
49
53
48
48
49
46
43
54
52
50
55
47
53
42
52
55
50
51
50
48
49
51
48
45
53
59
47
60
47
43
50
53
55
51
45
52
57
54
55
58
55
55
45
50
47
50
55
48
49
49
50
56
49
51
67
46
57
34
35
65
40
52
45
44
38
45
57
64
39
63
37
70
51
57
44
35
38
40
63
59
60
49
40
58
44
55
33
58
33
35
55
66
65
34
38
16
45
44
64
46
48
40
51
57
50
59
62
31
51
44
54
53
47
55
35
46
51
47
53
51
42
46
32
43
66
34
30
52
56
36
46
55
53
40
49
66
71
49
30
53
56
55
61
52
61
46
41
38
28
45
58
38
46
57
57
22
73
42
60
49
61
52
46
30
52
55
44
55
45
53
41
53
51
44
46
49
40
62
40
44
49
66
37
57
56
56
67
40
47
66
54
44
54
54
32
58
53
60
54
42
58
61
53
36
41
33
53
58
62
63
58
58
54
51
34
49
44
46
56
50
44
32
45
57
36
55
58
56
55
60
44
60
58
22
34
32
52
52
54
64
35
21
53
51
51
48
49
54
52
52
42
52
67
56
32
36
78
28
45
66
41
64
56
41
47
62
58
37
43
51
52
53
48
47
58
25
69
54
44
46
55
62
62
74
54
68
53
65
25
46
41
48
56
52
54
59
27
44
52
62
49
47
47
60
