36
32
60
52
55
50
51
52
51
48
51
50
48
37
42
45
28
45
39
36
47
57
42
47
30
27
33
29
67
59
62
47
55
42
64
34
60
43
42
53
32
32
35
53
52
39
48
54
65
36
45
47
34
56
29
54
51
31
58
58
41
40
36
46
54
30
63
64
33
51
61
27
45
29
41
65
36
40
40
34
38
43
59
51
56
38
36
39
37
41
34
29
48
34
39
53
68
50
47
40
63
51
53
48
31
63
50
32
50
34
63
48
75
37
65
33
35
59
58
63
52
57
70
43
55
38
41
56
57
37
65
50
38
38
39
44
59
54
52
61
60
28
56
58
72
49
64
32
58
38
51
41
40
57
42
51
40
57
37
54
40
40
45
60
50
51
46
62
54
58
51
47
51
43
39
43
46
64
42
64
40
62
63
30
50
49
53
40
31
48
42
52
48
48
48
68
41
56
60
40
26
26
36
50
47
56
51
28
35
36
32
56
50
48
46
31
72
55
42
49
54
35
47
57
53
67
50
44
45
53
54
26
42
59
52
31
50
47
41
49
50
65
56
37
51
35
56
30
58
36
40
53
33
44
56
19
43
37
32
78
66
37
34
57
39
52
60
40
24
61
45
48
34
41
52
39
55
32
31
44
44
57
24
41
41
42
52
53
63
60
38
26
48
39
50
55
55
39
27
61
48
47
33
57
57
39
64
27
38
35
30
50
56
57
34
67
46
57
34
42
35
65
36
29
40
52
45
44
38
45
57
64
35
39
36
63
37
23
70
38
51
35
37
57
44
35
36
38
34
40
35
63
59
60
49
34
26
40
58
44
55
33
38
58
33
35
35
55
66
65
34
38
33
16
45
44
64
46
33
48
40
51
57
50
59
62
31
51
44
44
54
53
47
55
35
46
51
47
53
51
42
46
32
43
31
66
34
30
52
56
36
46
32
55
53
30
40
26
49
66
71
49
30
53
56
55
32
61
52
61
46
41
38
35
28
45
58
38
46
57
57
36
22
38
73
42
25
33
60
23
49
61
52
46
49
30
35
52
29
55
44
41
55
45
53
41
53
51
44
46
49
40
62
40
36
28
21
34
31
34
30
33
38
22
28
37
37
40
36
33
33
33
35
34
41
21
30
30
41
36
