39
31
31
35
25
38
31
30
30
42
30
64
44
34
39
39
38
43
40
27
27
36
45
38
35
25
29
28
31
33
66
37
34
37
35
32
51
31
27
36
35
59
36
43
29
38
62
32
29
34
59
40
30
28
29
40
37
51
28
34
30
30
33
32
35
34
37
38
65
30
30
31
34
36
68
33
29
31
30
34
48
35
68
38
31
61
44
31
35
56
35
27
39
33
43
50
34
37
31
43
35
56
54
52
42
46
65
35
53
48
59
60
37
41
31
26
28
30
38
40
49
30
28
31
35
59
27
29
33
32
40
27
32
39
57
25
28
31
30
25
47
39
54
36
25
30
55
27
41
49
33
38
24
33
28
34
29
32
52
31
40
66
36
36
24
28
36
32
38
44
31
58
63
30
34
37
31
33
46
54
31
35
33
31
35
35
38
38
26
54
41
43
31
37
40
53
32
37
36
53
50
29
38
31
36
29
36
26
55
33
34
49
29
27
55
39
36
25
39
48
24
28
38
31
50
38
35
34
52
31
35
55
69
49
45
24
78
36
27
34
31
39
31
35
27
61
63
35
39
27
31
37
28
29
57
35
30
27
30
25
40
35
42
53
43
39
31
44
36
35
34
75
30
33
37
34
31
32
30
24
44
32
46
38
35
37
30
28
41
34
24
45
31
31
40
42
59
31
30
31
31
19
19
28
31
33
27
36
35
38
39
50
30
31
31
38
31
41
37
35
35
27
64
62
33
30
33
37
22
39
28
45
56
51
28
25
34
34
32
32
34
37
42
39
34
45
38
31
27
38
34
26
36
29
35
44
36
32
28
31
35
36
36
34
37
32
39
29
49
49
37
31
56
25
26
31
29
26
31
23
42
40
33
54
58
31
49
36
40
32
27
57
34
37
27
52
29
31
57
32
31
37
35
57
48
60
26
32
42
51
38
44
29
32
32
31
34
35
31
32
31
29
57
31
37
42
49
36
33
34
34
35
55
29
40
33
42
35
32
33
28
37
43
28
30
39
49
30
41
34
19
42
50
28
28
56
34
40
34
28
18
35
33
29
40
31
30
32
34
20
37
32
46
31
25
56
48
49
27
38
36
43
35
29
39
28
29
28
53
54
51
57
38
54
43
41
36
46
56
47
