50
52
32
39
52
30
50
47
40
54
33
49
55
51
49
37
39
28
40
47
35
54
44
35
32
27
47
38
49
53
21
49
43
52
36
32
61
50
51
32
53
55
54
32
53
50
48
36
60
53
31
55
31
47
37
31
37
35
60
50
43
30
50
34
53
25
35
56
35
27
40
33
28
49
28
24
34
47
28
56
55
40
28
42
28
32
23
33
38
55
45
35
53
33
61
49
36
30
35
44
44
56
48
30
49
35
56
54
54
37
30
32
34
34
42
30
56
39
48
33
24
34
23
52
37
39
53
28
57
36
34
40
57
48
28
22
29
23
52
34
33
47
30
41
57
38
37
25
63
45
29
41
46
55
44
38
58
28
38
49
45
49
50
59
44
39
49
32
50
47
31
29
55
50
48
42
50
35
54
49
27
24
60
62
46
50
46
33
29
46
35
40
23
22
47
55
32
60
59
51
30
47
35
33
29
37
35
58
38
37
34
30
54
48
31
33
27
36
50
44
45
51
50
37
45
50
47
30
51
37
30
31
36
52
50
53
56
58
51
52
55
33
43
44
36
53
26
41
46
24
49
41
48
37
40
34
35
40
36
52
51
29
45
26
36
48
36
33
54
61
49
38
33
52
52
31
46
56
50
31
26
45
34
34
50
44
40
34
54
39
30
51
29
32
49
24
51
29
29
30
57
52
49
23
36
34
49
33
50
40
52
32
52
32
32
31
57
47
24
33
32
48
31
45
28
49
24
40
48
41
26
35
49
32
29
21
47
37
45
36
32
55
29
40
48
45
58
29
37
52
51
35
48
28
52
29
47
37
55
47
42
43
54
52
33
59
29
32
29
57
39
42
41
43
38
45
29
33
35
54
33
44
41
41
35
51
50
52
52
54
48
29
54
49
49
36
36
49
38
47
55
44
45
53
31
52
45
55
31
25
35
31
32
36
34
51
33
37
49
45
30
33
57
57
34
44
44
24
47
43
33
43
33
55
41
36
26
31
31
38
33
52
49
31
37
35
24
57
26
33
36
40
48
38
44
52
31
32
22
52
34
34
42
23
47
49
53
51
53
31
51
37
34
44
54
55
53
48
46
31
40
56
41
51
44
47
29
32
42
54
50
53
49
46
38
33
39
29
26
33
