39
31
31
35
25
38
31
30
30
42
30
44
34
39
39
38
43
27
27
36
45
35
25
29
28
31
33
37
34
37
35
32
31
27
36
35
36
43
29
38
32
29
34
40
30
28
29
40
37
28
34
30
30
33
32
35
34
37
38
30
30
31
34
33
29
31
30
34
35
38
31
31
35
35
27
39
33
43
34
37
31
35
42
35
41
26
28
30
38
40
30
28
31
35
27
29
33
32
40
27
32
39
25
28
31
25
47
39
36
25
30
41
33
38
24
33
28
34
29
31
40
36
36
24
28
36
32
38
44
31
30
34
37
31
33
31
35
31
35
35
38
26
41
31
37
40
32
37
36
29
38
31
36
29
36
26
33
34
29
27
39
36
25
39
24
28
38
31
38
35
34
31
35
24
36
31
39
31
35
27
35
39
27
31
37
28
29
35
30
27
30
25
35
42
39
31
36
35
34
30
33
37
34
31
32
30
24
32
38
35
37
30
28
41
34
24
45
31
31
31
30
31
31
19
19
28
31
33
27
36
35
38
39
30
31
31
38
31
41
37
35
35
27
33
30
33
37
22
39
28
27
20
28
27
29
28
37
46
40
48
41
41
45
27
25
16
26
41
45
26
42
46
37
27
28
34
32
35
28
37
19
41
13
35
37
33
29
10
26
23
33
27
22
38
15
30
36
36
28
31
31
28
10
42
40
39
30
27
21
43
40
32
26
41
41
23
25
26
16
40
48
45
41
28
35
25
32
25
39
27
20
23
40
45
35
24
38
21
25
46
38
17
29
35
27
36
33
28
33
31
45
17
35
42
38
26
29
32
41
33
47
23
32
39
15
48
28
33
46
42
12
14
45
35
27
19
6
24
50
25
35
39
40
25
49
39
22
27
27
23
34
37
28
25
27
38
16
32
28
46
36
30
46
47
27
15
31
24
27
37
34
40
24
43
21
45
44
36
33
30
39
32
25
45
36
26
54
36
32
29
50
24
30
54
33
47
34
20
33
33
27
24
30
33
25
43
33
9
15
29
42
23
37
31
26
29
33
54
44
32
34
34
34
28
13
34
53
37
50
31
47
52
31
29
52
41
40
25
25
39
50
34
23
24
23
28
39
23
10
21
17
32
20
48
47
52
31
22
30
31
