31
29
26
34
30
43
33
48
57
43
30
43
34
31
35
32
31
63
29
24
42
34
34
34
29
35
33
43
45
31
27
37
33
34
32
33
51
37
35
35
22
37
33
25
34
62
33
32
32
34
37
45
38
68
46
29
42
48
65
35
43
45
41
37
30
32
47
48
32
36
34
29
46
36
36
28
35
34
41
28
29
56
32
38
40
33
27
36
71
32
57
30
33
34
37
32
35
22
30
57
34
52
39
29
45
79
33
69
39
27
47
33
55
30
25
60
40
31
37
75
37
32
32
36
33
18
39
41
60
33
24
34
44
26
33
34
59
33
35
40
33
24
37
33
44
27
31
33
33
26
33
38
29
32
34
45
36
30
48
31
52
49
34
34
49
41
38
57
27
31
49
43
31
37
34
33
28
29
54
40
61
37
29
32
41
29
36
40
32
36
30
45
31
51
27
35
58
65
57
38
32
34
41
39
46
57
30
36
26
33
36
70
41
33
33
32
37
33
36
31
29
35
23
31
29
33
34
30
29
34
34
30
33
49
29
29
40
34
23
31
32
54
39
31
34
35
33
34
23
25
36
42
33
27
37
26
32
65
34
25
39
42
43
50
41
51
25
40
24
23
34
58
39
37
37
36
26
37
52
44
29
35
39
30
32
38
39
29
29
23
42
56
31
25
32
28
33
45
33
35
28
51
30
52
33
35
50
39
30
34
37
60
40
48
40
42
29
38
34
36
35
32
23
69
30
41
40
68
36
32
38
41
31
30
38
80
53
37
42
35
46
37
38
39
55
32
43
35
35
29
37
31
26
59
35
35
38
39
30
62
54
30
37
56
50
36
43
36
26
51
36
40
54
35
38
22
39
39
32
33
55
33
35
27
35
38
33
29
37
34
42
25
36
43
27
57
32
39
48
55
31
28
59
23
28
34
47
28
30
36
43
29
30
31
53
37
32
30
31
65
33
36
45
34
35
34
39
36
61
57
30
31
35
41
37
35
39
45
35
24
36
44
65
40
34
44
57
62
33
68
55
28
27
48
30
32
27
30
46
35
46
40
50
39
53
28
30
34
37
34
54
34
44
45
45
36
34
32
27
53
31
37
38
38
33
31
35
40
51
59
29
38
43
36
27
23
29
25
34
46
