31
26
34
30
33
30
43
34
31
35
32
31
29
24
42
34
34
34
29
35
33
43
45
31
27
37
33
34
32
33
37
35
35
22
37
33
25
34
33
32
32
34
37
38
29
42
35
41
37
30
32
32
36
34
29
36
36
28
35
34
28
29
32
38
33
27
36
32
30
33
34
37
32
35
22
30
39
29
33
39
27
33
30
25
40
31
37
37
32
32
36
33
18
41
24
34
26
33
34
33
35
33
24
37
33
44
27
31
33
33
26
33
38
29
32
34
36
30
31
34
34
41
38
27
31
43
31
37
34
33
28
29
40
37
29
32
41
29
36
40
32
36
30
31
27
35
32
41
39
30
36
26
33
36
33
33
32
37
33
36
31
29
35
23
31
29
33
34
30
29
34
34
30
33
29
29
40
34
23
31
32
39
31
34
35
33
34
23
25
36
42
33
27
37
26
32
34
25
39
42
25
40
24
23
34
39
37
37
36
26
37
44
29
35
39
30
32
38
39
29
29
23
42
31
25
32
28
33
33
35
28
30
33
35
39
30
34
37
40
40
42
29
34
36
35
32
23
30
41
40
32
31
21
37
35
19
35
44
23
8
37
24
44
37
37
27
35
29
35
22
31
22
39
39
34
40
27
33
22
35
33
37
32
23
35
36
51
33
50
27
27
20
40
51
12
8
27
8
28
29
17
27
24
49
50
47
34
26
33
25
25
29
18
25
32
40
30
29
37
51
35
48
25
29
38
33
6
28
47
40
8
22
23
54
39
30
27
36
37
51
24
27
18
32
37
37
34
33
39
36
31
33
47
30
34
24
33
20
40
19
40
27
28
24
29
18
35
32
34
43
39
31
45
28
36
46
34
34
36
42
46
29
34
21
55
45
23
22
30
45
47
22
38
28
56
43
45
27
28
63
41
31
38
46
16
44
33
50
35
15
40
37
38
30
40
23
26
41
33
39
54
34
41
48
45
41
39
32
31
22
28
22
32
26
40
32
37
42
30
39
42
18
38
46
42
32
36
51
20
35
23
25
48
43
39
24
27
51
39
27
30
14
33
22
23
28
21
18
43
39
37
46
41
27
34
37
41
20
44
31
44
18
30
34
37
45
23
19
43
47
48
22
38
22
40
29
44
32
44
28
