31
26
34
30
33
30
43
34
56
53
31
56
35
32
31
49
29
41
24
51
42
34
55
34
51
34
52
29
48
35
33
43
45
31
27
47
45
37
33
34
32
33
37
35
35
47
53
49
48
22
37
43
33
25
46
34
33
48
32
32
48
48
34
37
38
29
42
53
35
41
53
37
30
32
48
32
36
34
29
36
36
28
35
34
48
28
29
32
38
33
27
36
32
30
33
34
37
32
35
22
30
46
39
52
29
33
39
53
27
43
48
33
30
25
40
31
51
37
53
37
32
32
36
33
18
41
46
44
24
34
26
33
34
33
35
33
24
37
33
50
53
53
44
27
57
52
31
33
33
26
33
51
56
50
42
44
38
29
32
34
36
58
30
31
34
34
41
38
48
59
27
31
43
31
43
37
49
53
34
33
28
43
29
40
37
50
29
32
41
29
36
40
32
36
30
31
59
49
27
53
47
52
47
35
32
41
53
39
30
36
26
33
36
33
33
32
37
33
36
31
29
44
58
35
23
31
29
50
33
34
30
29
34
41
48
34
30
33
53
29
29
40
34
23
31
32
48
39
31
34
35
52
33
34
23
46
25
36
42
33
27
37
26
32
34
25
39
42
25
40
24
23
34
39
37
37
45
36
26
37
44
52
29
35
39
30
52
32
38
51
46
39
29
54
29
23
42
55
31
25
32
28
33
33
35
54
28
30
33
35
39
30
34
37
40
40
42
29
34
36
35
32
23
56
30
41
40
36
32
38
54
41
31
56
30
41
38
37
42
35
46
37
32
35
37
35
29
37
31
26
35
35
38
39
30
54
30
37
36
43
36
26
36
40
35
38
22
39
32
51
46
33
33
35
27
35
49
38
33
29
34
25
55
36
43
27
43
32
39
31
50
57
28
23
57
28
43
34
28
30
49
36
43
29
50
30
31
37
32
30
31
33
55
36
45
41
34
35
34
39
36
30
31
41
37
35
49
39
35
24
36
44
40
34
33
28
27
30
32
27
30
46
35
39
28
30
34
46
37
34
47
54
34
36
34
32
27
31
37
38
38
33
31
50
35
46
40
29
38
36
27
23
29
25
55
34
46
59
47
47
50
53
47
57
50
49
54
53
44
48
51
55
53
54
49
47
64
49
60
56
