23
56
53
17
56
49
41
61
30
51
13
55
17
38
31
51
52
48
48
39
20
47
45
47
53
53
29
34
31
12
49
48
43
19
40
46
53
48
48
38
32
25
31
31
48
53
53
48
39
26
30
48
45
34
12
46
52
18
53
43
48
25
51
31
53
46
44
36
38
50
53
53
27
35
13
57
52
51
38
14
56
37
50
42
44
34
58
48
52
59
43
31
15
37
22
32
49
22
38
53
48
43
50
59
49
53
36
47
52
36
47
53
39
44
58
8
50
31
37
41
48
48
18
53
48
39
46
52
46
41
45
52
52
36
29
31
51
31
46
21
34
54
55
32
51
54
56
54
56
41
21
47
17
48
37
32
30
44
30
54
25
38
51
11
46
22
49
55
31
43
40
50
57
57
37
43
29
49
50
18
55
51
43
41
49
28
37
27
35
25
46
47
35
54
19
50
46
16
46
55
42
59
24
47
30
47
50
44
53
47
57
50
49
54
53
44
46
51
15
28
48
51
55
34
33
38
53
31
39
51
54
31
49
28
47
64
45
44
50
36
49
39
41
60
35
36
56
45
34
47
48
38
48
50
21
33
41
48
38
45
41
43
23
47
48
26
17
42
58
45
45
72
55
49
50
38
49
50
51
55
53
47
49
54
53
59
51
35
56
56
31
30
43
23
25
53
38
52
53
52
53
41
49
20
28
42
35
45
41
57
49
34
28
31
47
25
20
36
45
47
32
29
35
30
43
34
23
40
27
30
24
60
44
32
53
51
34
50
42
31
50
54
36
29
65
47
50
22
49
46
40
45
31
39
47
57
49
53
28
31
23
47
28
23
42
52
50
30
26
50
42
12
21
40
43
40
27
52
38
41
33
32
39
50
58
46
21
59
48
24
44
46
28
48
45
54
28
31
37
47
40
36
14
50
48
51
33
51
30
41
54
42
36
26
57
45
28
52
48
54
49
45
29
23
32
45
32
52
49
53
20
36
47
19
55
54
21
53
36
46
48
57
17
53
42
42
32
11
32
46
44
52
49
43
12
43
39
43
42
22
32
48
53
49
52
59
48
44
52
46
27
44
57
43
34
48
16
9
37
49
55
44
37
46
56
55
16
52
52
43
48
31
21
24
20
23
39
33
27
29
