27
33
45
38
35
30
35
30
24
38
34
41
32
26
42
19
17
19
41
32
22
16
49
41
44
21
32
47
23
25
34
33
28
35
22
23
12
18
20
36
50
38
34
18
37
42
50
34
50
28
33
40
21
26
31
26
26
32
31
35
47
38
34
36
42
34
17
26
39
31
30
25
26
35
31
35
24
48
27
26
26
36
40
41
23
37
19
50
44
36
37
28
36
45
32
48
54
38
11
36
43
33
38
20
29
28
47
34
24
39
32
33
44
37
43
18
44
25
17
27
35
49
42
32
37
37
30
5
45
24
37
28
47
25
54
33
41
14
23
30
41
46
37
51
41
26
31
18
38
22
19
26
19
48
41
37
50
33
44
42
23
48
33
30
24
28
37
39
48
52
36
41
33
33
32
28
25
41
20
38
29
25
22
39
27
37
42
55
52
21
41
45
48
47
31
35
35
28
30
36
25
20
44
22
29
24
30
21
36
18
37
28
44
34
26
35
26
43
52
21
33
22
19
32
16
42
37
56
38
27
36
24
55
17
45
12
46
14
36
44
39
39
40
36
35
50
37
19
22
32
21
39
5
27
21
39
34
27
27
33
41
30
34
38
36
43
25
39
36
55
22
38
37
42
21
49
30
26
31
43
25
28
38
24
33
14
27
43
37
38
54
28
40
25
41
23
32
39
45
35
45
29
27
37
32
45
41
44
42
43
32
21
26
27
30
36
34
41
23
29
29
32
40
51
44
21
13
33
28
42
38
29
30
36
46
41
32
25
32
29
33
26
40
30
16
29
29
14
32
25
24
40
45
50
34
22
30
16
35
40
42
24
24
38
45
38
34
34
44
42
21
24
36
36
33
55
17
20
16
26
41
34
29
25
29
34
43
45
28
24
41
34
31
24
35
40
13
31
23
29
39
28
41
38
28
37
29
9
48
30
36
43
40
38
30
28
26
21
42
44
44
17
48
25
46
35
32
24
42
41
44
14
22
38
39
38
41
39
29
25
49
38
17
33
29
45
34
33
39
37
34
35
40
25
30
20
38
20
40
29
18
32
32
52
25
42
27
47
34
28
33
20
29
39
20
21
23
40
16
39
34
25
29
36
47
28
42
38
20
19
28
39
52
35
38
42
33
33
18
6
