49
51
54
53
58
39
69
55
44
42
48
70
62
46
52
42
42
47
63
36
64
37
45
60
59
63
64
69
50
49
37
45
40
44
64
58
55
50
59
51
60
58
62
52
39
52
43
57
46
43
71
46
48
62
57
58
43
58
62
29
46
58
32
47
58
39
53
51
57
35
51
39
48
35
69
40
43
52
53
51
47
54
56
48
35
41
62
49
47
41
33
53
48
60
37
75
57
59
40
46
41
38
61
44
62
29
65
53
57
66
48
65
36
39
28
54
56
39
50
40
47
60
43
41
42
59
59
51
44
41
61
60
51
36
50
43
54
60
47
49
52
57
54
53
36
62
30
52
40
54
37
52
22
57
52
54
58
46
50
60
47
58
66
49
47
43
31
38
56
63
57
71
43
70
24
60
63
33
52
60
48
53
43
38
49
38
64
54
60
51
64
50
73
53
67
56
50
50
59
49
49
61
52
54
37
57
58
59
52
67
51
50
39
29
35
48
40
36
46
51
50
58
45
59
41
35
36
63
47
32
46
53
45
65
47
59
38
60
42
56
55
62
54
59
55
51
53
36
62
49
56
51
65
64
48
43
61
66
50
37
53
60
55
56
50
61
36
57
35
58
56
62
56
49
48
46
40
60
59
62
24
56
40
47
57
49
50
60
59
47
65
58
47
29
49
38
49
63
35
39
45
51
54
58
54
61
64
62
61
64
35
70
67
45
27
72
52
46
68
49
46
48
45
35
51
62
53
50
68
35
50
42
57
59
62
48
59
49
55
43
35
59
54
37
64
49
33
38
64
52
38
35
57
51
56
54
55
43
48
62
51
40
52
40
52
60
40
60
39
61
33
48
50
55
49
68
51
55
37
25
43
56
56
53
54
48
37
57
68
42
44
30
52
46
52
50
34
52
44
51
61
58
56
37
37
54
45
53
49
40
56
41
58
52
62
41
33
62
42
46
60
50
36
39
44
55
41
50
32
41
70
33
54
34
49
57
53
53
51
58
43
31
75
53
33
53
53
65
76
35
42
40
58
55
59
53
44
39
39
45
30
61
39
39
52
42
49
43
55
44
55
56
60
52
68
34
53
52
52
49
57
47
45
59
49
46
48
46
68
35
61
39
53
50
56
51
70
58
43
42
