36
64
32
37
42
28
36
40
30
27
29
38
34
66
51
35
34
29
31
59
36
30
62
33
27
29
59
41
36
34
38
36
51
65
37
36
34
29
68
34
39
31
32
38
41
38
28
48
38
40
68
61
40
40
31
26
28
35
44
56
36
31
35
30
33
37
34
24
34
41
32
50
24
26
39
39
47
33
39
27
38
30
34
43
42
36
29
35
36
23
38
35
37
56
36
54
34
35
34
52
26
46
38
35
33
33
44
65
53
31
32
48
30
59
26
32
35
60
36
38
25
33
23
49
37
35
29
31
41
36
28
21
49
34
31
34
59
30
33
38
22
28
57
37
37
30
40
36
54
33
33
33
35
34
41
55
21
30
30
41
36
23
27
49
29
39
43
36
31
27
32
26
31
34
52
34
30
35
31
34
36
35
38
28
36
26
33
24
66
29
58
24
32
29
63
34
46
27
40
33
54
33
31
38
39
31
37
30
34
30
38
23
38
54
43
34
33
36
41
33
28
53
33
53
28
39
35
35
25
34
50
55
33
27
49
31
40
55
35
36
42
48
29
50
28
33
41
34
25
43
28
38
52
25
29
55
39
69
31
37
36
30
39
35
38
35
29
50
34
42
49
45
26
26
39
32
78
22
25
31
45
27
34
41
40
33
37
37
38
61
34
22
63
32
29
57
40
37
33
53
28
32
24
39
30
43
28
35
24
39
38
44
38
75
32
42
33
39
35
36
29
43
44
46
29
29
40
42
59
32
50
64
35
32
37
41
40
35
62
56
38
51
28
45
32
19
43
27
37
36
33
33
36
31
29
42
31
26
32
36
31
31
49
41
49
30
36
31
35
56
29
42
36
35
54
31
58
44
34
27
39
49
57
31
34
30
34
52
21
57
31
26
57
40
41
48
60
38
34
35
42
32
29
22
33
51
30
31
30
26
23
33
57
44
49
35
41
29
29
38
35
32
37
28
55
40
30
25
38
25
30
27
42
31
40
36
49
40
32
42
34
50
32
37
30
27
39
56
27
28
46
42
36
56
27
26
31
29
36
32
33
30
19
36
38
34
31
48
33
34
31
33
33
33
28
49
36
28
37
37
43
53
42
35
33
36
26
34
25
54
51
57
38
54
43
41
36
46
56
47
