36
32
37
42
28
36
30
27
29
34
35
34
29
31
36
30
33
27
29
41
36
34
38
36
37
34
29
34
39
31
32
38
41
38
28
38
40
40
40
31
26
28
35
36
31
35
30
33
37
34
24
34
41
32
24
26
39
39
47
33
39
27
38
30
34
42
36
29
35
36
23
38
35
37
36
34
35
34
26
38
35
33
33
44
31
32
30
26
32
35
36
38
25
33
23
49
35
29
41
36
28
21
34
31
34
30
33
38
22
28
37
37
40
36
33
33
33
35
34
41
21
30
30
41
36
23
29
39
43
36
31
27
26
31
34
34
30
35
31
34
36
35
38
28
36
26
33
24
29
24
32
29
34
27
40
33
31
38
39
31
37
30
34
30
38
23
34
33
36
41
33
28
33
28
39
35
35
25
34
33
27
31
40
35
36
42
29
28
33
41
34
25
43
28
38
25
29
39
31
37
36
30
39
35
38
35
29
50
34
42
26
26
39
32
22
25
31
45
41
40
33
37
37
38
34
22
32
29
37
33
28
32
24
39
30
28
35
24
39
38
38
32
42
33
39
35
36
29
43
29
45
28
25
34
34
32
32
34
37
42
39
34
38
31
27
38
34
26
36
29
35
44
36
32
28
31
35
36
36
34
37
32
39
29
37
31
25
26
31
29
26
31
23
40
33
31
36
40
32
27
34
37
27
29
31
32
31
37
35
26
32
38
44
29
32
32
31
34
35
31
32
31
29
31
37
42
36
33
34
34
35
29
33
35
32
33
28
37
43
28
30
39
30
41
34
19
28
28
34
40
34
28
18
35
33
29
40
31
30
32
34
20
37
32
31
25
27
38
43
35
29
39
28
29
28
30
33
30
36
33
26
34
32
27
33
26
31
32
29
39
33
26
39
31
30
30
28
38
36
27
31
28
35
27
29
38
38
35
43
35
32
33
33
35
30
41
32
28
30
31
30
34
28
30
32
32
32
31
32
35
34
27
30
27
30
25
43
40
22
37
37
34
32
21
29
31
36
40
39
39
46
26
36
29
39
30
42
39
23
36
34
30
34
31
38
36
33
39
24
29
37
36
37
37
36
27
35
28
39
39
25
45
31
30
33
32
23
30
30
28
32
27
34
27
38
26
36
35
37
24
