36
29
32
43
37
48
42
57
43
63
28
36
30
51
62
27
29
34
45
68
35
34
46
48
65
43
29
31
45
36
30
47
33
48
27
46
41
56
29
41
40
36
71
57
57
34
38
34
36
37
34
29
52
45
79
34
69
39
31
47
32
38
41
55
60
38
75
39
28
38
40
40
40
31
60
33
26
28
44
35
59
40
45
48
36
31
52
49
49
35
57
30
33
37
49
34
24
54
61
34
41
45
32
51
58
65
24
26
57
39
39
38
47
34
46
57
70
41
33
39
27
49
38
30
54
34
42
36
65
43
29
50
41
51
35
58
52
56
45
51
36
52
50
60
48
23
38
35
38
69
68
37
80
36
34
53
38
35
34
26
39
55
38
35
43
33
33
59
44
62
31
54
32
56
30
50
26
51
54
32
35
36
39
55
38
37
42
25
33
23
49
35
29
57
48
55
59
47
41
36
28
21
34
53
65
61
31
57
34
35
30
33
38
22
28
37
37
45
40
65
44
36
57
33
62
68
55
33
33
35
48
34
41
21
46
40
50
53
54
30
44
30
41
36
23
29
39
45
43
36
45
53
31
27
26
31
34
34
51
30
59
35
43
56
49
52
31
34
52
65
63
56
36
53
58
35
63
38
47
32
65
45
51
28
45
36
26
50
46
58
33
40
24
62
69
29
24
49
32
29
34
27
40
33
57
52
31
63
38
39
31
43
37
30
61
64
50
31
34
30
38
23
66
34
54
33
36
41
50
45
41
43
33
51
54
28
47
33
28
39
35
35
49
25
34
30
33
27
59
49
31
40
35
57
60
36
42
48
54
29
64
28
62
47
33
47
41
73
43
34
25
61
49
52
48
43
67
41
28
77
38
51
25
58
57
29
45
53
45
66
56
39
54
62
74
50
31
43
37
47
56
51
36
39
30
39
35
51
38
35
62
43
29
73
50
34
34
51
56
69
42
37
26
26
59
39
32
22
66
25
31
56
45
41
40
33
37
55
54
37
48
38
53
34
22
32
29
71
37
33
28
32
24
52
49
39
30
28
50
35
24
39
38
38
32
49
42
33
39
35
54
36
29
43
29
41
29
40
60
39
52
53
60
55
53
36
51
35
45
57
66
29
50
38
41
62
65
52
51
58
