50
52
31
39
52
26
50
47
54
49
55
51
49
47
54
34
30
44
33
47
49
53
30
43
49
43
52
61
50
51
34
53
55
54
53
31
35
50
32
31
48
29
60
24
53
42
55
47
34
34
60
34
29
50
43
35
50
33
43
45
31
53
27
37
56
33
40
34
49
47
56
32
33
37
55
35
35
22
42
37
38
55
45
33
25
34
33
32
53
61
49
44
56
32
34
37
48
38
49
56
54
29
42
35
41
37
30
32
54
42
32
56
36
48
52
39
34
53
29
36
57
36
57
28
35
48
34
52
28
47
29
41
32
57
38
33
63
27
36
45
32
30
33
41
46
34
55
37
44
32
58
49
35
22
45
49
50
30
59
39
29
44
49
50
33
39
27
33
47
55
50
30
25
48
40
42
50
54
49
31
37
37
32
60
62
32
46
36
50
33
46
18
41
46
24
47
55
60
59
34
51
26
47
33
58
34
54
33
48
50
44
35
45
51
50
45
50
33
24
37
33
44
27
47
31
33
33
26
51
52
33
50
38
29
32
53
56
58
34
51
36
52
55
43
44
53
46
49
30
48
31
34
52
51
34
41
38
27
45
48
31
54
43
61
31
49
37
52
34
33
52
46
56
50
45
28
50
29
44
54
39
51
49
40
51
57
52
37
49
49
50
29
32
52
52
57
47
41
29
36
48
45
40
49
32
36
30
48
31
27
49
35
32
47
45
41
55
39
30
40
48
36
26
45
58
33
52
51
48
36
33
52
33
32
47
55
37
47
43
33
54
36
31
29
35
52
23
59
31
57
29
33
34
42
30
29
41
43
45
54
44
34
51
34
50
52
30
52
33
29
54
29
48
54
49
40
34
23
49
49
47
31
55
32
44
45
39
31
34
35
53
52
45
33
55
51
34
49
23
25
45
36
57
57
44
42
33
27
37
26
32
34
44
47
43
43
55
25
39
36
42
25
52
49
40
24
23
34
57
48
39
37
37
36
26
37
44
29
35
44
52
39
52
30
47
49
53
32
51
38
53
39
51
44
54
29
29
55
53
48
23
42
31
46
25
56
41
51
44
47
54
32
50
53
28
33
49
33
35
46
28
30
33
35
39
30
34
37
40
40
42
29
34
36
35
32
23
30
41
40
