56
53
56
49
41
51
55
51
52
48
47
45
47
53
49
48
43
46
48
48
48
53
53
48
48
46
52
53
43
48
51
53
46
44
50
53
53
57
52
51
56
50
42
44
58
48
59
43
49
53
43
50
59
49
53
47
52
47
53
44
58
50
41
48
53
48
52
46
45
52
52
51
46
54
55
54
56
54
56
41
37
54
51
46
49
55
43
50
57
57
43
49
50
55
41
49
46
47
54
50
46
55
59
47
47
50
53
47
57
50
49
54
53
44
48
51
55
53
54
49
47
64
49
60
56
47
48
48
50
38
45
43
47
58
45
45
72
55
49
50
49
50
51
55
53
47
49
54
53
59
51
56
56
43
53
52
53
52
53
45
57
49
47
45
47
60
44
53
51
50
50
54
65
47
50
49
46
45
47
57
49
53
47
52
50
50
43
52
50
58
46
59
46
48
45
54
47
50
51
51
54
57
52
48
54
49
45
45
52
49
53
55
54
53
46
48
57
53
42
42
46
44
52
49
43
43
42
48
53
49
52
59
48
44
52
46
44
57
43
48
49
55
44
46
56
55
52
52
43
48
38
48
53
51
42
48
54
49
58
42
40
42
55
57
59
49
56
54
53
47
47
51
60
47
44
48
54
53
51
48
47
42
60
43
42
43
55
47
54
61
51
41
45
56
49
46
56
44
56
54
49
49
48
51
53
60
44
56
58
48
49
56
47
53
43
57
47
44
49
61
50
58
43
51
57
47
45
52
46
49
57
54
54
48
48
53
50
46
45
51
43
52
56
43
49
58
43
47
51
52
45
38
45
47
50
48
54
50
53
45
51
50
57
50
47
47
55
44
44
49
51
51
45
45
56
59
46
52
47
53
45
51
34
52
50
50
55
49
53
48
41
49
42
47
56
51
53
47
49
46
59
49
53
48
52
50
51
54
48
55
47
47
44
55
57
51
49
58
42
51
47
51
46
58
45
64
41
44
50
51
55
45
47
42
54
42
51
53
44
47
48
53
48
46
53
44
38
50
62
50
59
50
53
46
48
52
51
52
47
53
44
50
47
49
45
59
57
50
44
49
52
43
46
48
47
53
50
49
52
52
53
56
46
57
53
44
46
57
53
47
52
53
48
48
51
50
48
43
49
50
