50
52
39
52
50
47
39
54
49
31
55
51
31
35
25
38
49
47
54
31
44
30
47
49
53
49
43
52
30
61
50
51
53
42
55
30
54
44
34
39
53
50
39
38
43
27
48
60
27
36
53
55
47
45
60
50
43
35
25
29
28
50
53
31
56
40
33
37
34
37
35
49
47
56
55
32
31
42
27
36
38
35
36
55
45
53
43
29
61
38
49
32
29
34
44
56
48
40
49
30
56
28
54
54
42
29
56
40
37
48
52
28
34
39
30
53
57
57
48
52
30
47
41
57
63
45
41
46
33
32
55
35
34
44
37
38
30
58
49
45
30
49
50
59
44
49
31
50
47
34
33
55
29
31
30
50
48
34
42
50
54
49
35
38
31
31
35
35
60
62
27
39
46
33
43
34
37
50
31
35
46
42
46
47
35
55
60
59
41
26
51
47
58
54
28
30
38
40
48
50
30
28
44
45
51
31
50
45
35
27
29
50
33
32
47
51
40
27
52
32
39
25
28
50
31
25
47
53
39
56
58
36
25
30
51
52
55
43
41
44
33
53
38
46
49
48
52
51
24
45
48
54
61
33
49
52
28
34
29
52
46
31
56
40
36
36
24
50
45
50
44
54
28
36
39
51
49
32
51
38
44
31
57
30
52
49
34
49
37
50
52
52
31
57
33
47
31
48
35
31
35
45
35
38
49
26
41
48
49
31
47
45
37
55
40
40
32
37
48
36
45
58
52
29
38
31
36
29
36
51
48
26
33
34
29
52
27
39
47
36
55
25
47
43
39
24
28
38
31
38
54
35
34
52
59
57
31
42
41
43
45
35
54
44
51
24
50
52
52
36
31
39
31
35
27
35
39
54
27
48
31
54
37
49
28
49
29
35
30
27
30
25
35
42
39
49
31
47
36
55
44
45
53
52
35
34
45
55
51
49
45
57
30
57
33
37
34
31
32
30
24
44
44
47
32
43
43
38
55
35
37
36
52
49
57
48
44
52
30
52
47
49
53
28
41
34
51
24
53
45
31
51
44
54
55
31
31
30
53
31
31
48
19
46
19
56
41
51
44
28
31
33
27
47
54
36
35
50
38
53
39
49
30
46
31
31
38
31
41
37
35
35
27
33
30
33
37
22
39
28
