40
49
48
50
50
45
60
48
47
45
47
48
47
51
49
50
47
40
48
52
44
49
54
52
42
50
58
55
50
49
49
53
46
50
44
54
38
51
50
53
50
48
60
49
52
47
53
47
46
46
49
52
52
50
50
45
47
52
47
45
42
46
51
49
44
44
54
47
55
57
39
53
49
52
57
59
48
52
53
57
57
55
52
50
47
47
50
52
45
51
51
57
54
46
53
45
60
53
50
49
59
49
55
50
46
46
50
54
53
54
47
50
48
49
51
51
49
56
47
47
51
45
52
51
51
51
43
51
48
43
50
45
56
55
48
53
52
50
50
63
42
47
42
44
41
48
39
53
45
54
45
57
38
53
48
47
46
49
50
48
54
61
61
51
49
58
52
43
46
45
45
41
42
44
59
46
46
52
54
55
50
55
56
51
47
52
47
48
50
48
49
57
45
51
47
46
49
53
48
48
49
46
43
54
52
50
55
47
53
42
52
55
50
51
50
48
49
51
48
45
53
59
47
60
47
43
50
53
55
51
45
52
57
54
55
58
55
55
45
50
47
50
55
48
49
49
50
56
49
51
59
50
53
45
52
58
47
51
47
50
52
58
46
60
51
52
36
47
50
57
49
49
47
48
49
48
48
53
51
52
52
49
52
60
58
47
50
51
55
49
59
51
45
49
55
52
49
48
48
54
40
49
44
44
53
52
48
45
57
56
48
54
56
54
49
50
52
51
52
51
57
56
52
43
46
59
59
56
39
44
49
49
53
55
51
49
45
45
43
52
60
45
46
55
50
41
44
49
56
55
55
54
48
51
45
50
59
48
59
47
62
50
49
39
52
49
46
48
58
52
56
50
57
59
46
45
58
52
52
52
46
46
48
42
47
53
55
47
39
41
43
41
45
45
51
51
48
52
52
51
45
48
57
52
45
50
46
50
46
53
44
46
48
50
47
50
50
38
52
42
48
53
51
52
47
42
55
50
49
50
45
51
52
52
53
51
57
54
61
53
48
57
48
54
52
45
51
58
55
55
55
51
57
56
49
38
51
60
54
55
39
53
52
44
52
51
48
55
43
52
45
40
52
51
51
43
48
41
50
52
55
56
52
44
52
54
50
51
51
43
50
53
44
42
61
55
50
41
41
44
