50
59
23
49
56
40
48
49
41
56
54
54
50
47
43
54
17
61
30
45
50
47
49
49
50
56
44
53
59
58
52
53
55
48
50
56
56
57
55
46
45
52
54
43
48
55
48
48
13
17
53
51
38
54
31
54
59
48
42
37
55
43
53
50
54
34
45
39
52
48
47
57
20
53
54
29
46
34
51
55
47
48
55
59
55
53
49
31
53
54
49
50
44
47
12
46
19
41
40
51
37
59
47
53
44
48
49
51
53
60
46
48
48
49
57
58
49
52
52
48
38
46
53
32
45
25
58
55
31
31
39
46
44
55
49
26
46
56
30
58
45
49
52
34
48
12
49
40
47
46
47
59
54
53
51
45
45
46
44
18
54
38
49
25
31
48
45
45
50
58
36
38
27
50
35
13
38
53
14
37
51
55
34
52
49
31
56
15
55
51
51
37
22
32
61
22
46
38
48
48
36
46
53
49
48
36
50
57
48
42
57
39
49
42
40
51
8
31
41
37
55
56
46
56
41
46
54
56
48
40
50
48
18
56
46
39
52
52
48
59
57
52
48
55
46
38
41
51
53
46
36
29
31
31
52
49
54
57
57
47
21
34
49
48
51
48
51
32
51
44
45
46
52
46
45
21
43
47
17
48
32
49
54
47
45
30
55
48
44
47
50
45
30
53
43
25
45
50
52
54
38
11
22
60
31
60
57
40
44
37
48
47
48
41
54
56
53
52
56
43
45
48
60
47
29
48
44
47
53
50
56
56
50
45
52
18
47
43
47
45
51
43
52
28
51
55
51
46
51
37
40
27
56
49
49
45
43
35
49
54
54
25
51
54
58
52
51
47
53
35
42
50
52
55
19
16
47
46
58
52
53
49
51
42
24
53
49
42
54
30
44
50
55
59
46
51
52
57
15
47
47
58
53
55
46
50
45
28
46
48
49
57
34
33
38
44
47
47
31
39
49
40
49
45
49
48
47
53
51
56
31
45
53
57
60
49
42
44
28
44
45
46
57
44
57
50
36
58
44
42
49
43
48
39
41
35
42
36
48
45
47
34
56
45
54
52
38
60
61
46
49
59
53
54
44
54
51
59
60
56
53
46
50
52
44
50
48
57
48
49
52
51
50
43
55
46
49
42
52
50
