50
27
59
49
56
40
33
45
48
49
41
38
56
54
54
50
35
47
43
54
45
50
47
49
30
49
50
56
44
53
59
58
35
30
24
52
38
53
34
41
55
48
50
56
56
57
32
55
26
46
45
42
52
19
17
19
41
54
32
43
48
55
48
48
53
22
51
54
54
16
59
42
49
37
55
41
43
53
50
44
54
34
45
52
48
47
21
57
32
47
54
46
51
55
23
47
48
55
59
55
53
49
25
53
54
49
50
34
44
47
33
28
46
41
35
22
51
37
59
47
53
44
23
48
49
51
60
46
48
48
49
12
57
58
49
52
18
52
48
20
36
46
53
45
50
38
34
58
55
18
46
44
55
49
46
56
58
37
42
49
52
48
50
49
40
47
46
47
59
54
34
50
53
51
28
45
45
33
40
46
44
54
21
26
31
26
26
32
38
49
31
48
45
45
50
35
58
50
53
51
55
47
49
56
55
51
51
61
46
38
48
34
46
53
49
48
50
57
48
36
42
57
49
42
40
51
41
55
56
46
56
41
46
42
54
34
56
40
50
48
56
46
52
52
48
59
17
57
26
52
39
48
31
30
55
38
51
53
25
46
26
52
35
49
54
31
35
24
57
57
47
49
48
48
51
27
48
51
44
45
46
52
46
45
43
49
54
47
45
55
48
47
50
45
26
26
53
43
45
50
36
52
54
60
60
57
44
48
47
48
40
41
54
56
53
41
52
56
43
45
48
60
47
48
23
44
47
37
53
50
19
56
50
56
50
45
52
47
44
43
47
36
37
45
52
51
28
36
45
55
32
51
46
51
40
56
49
49
48
45
43
49
54
54
51
54
58
52
51
54
38
11
47
53
36
42
50
52
43
55
47
33
38
58
52
53
49
20
29
51
53
49
42
54
50
55
59
52
57
28
47
47
47
58
53
55
46
50
34
45
46
48
49
57
44
47
47
24
49
40
39
49
45
49
32
48
47
53
56
45
53
57
60
49
42
44
44
46
57
57
58
44
33
42
49
43
48
42
48
47
56
45
54
52
60
44
61
46
49
59
53
54
44
54
37
51
59
60
56
53
46
50
52
43
44
50
48
57
48
49
52
51
18
44
50
25
43
17
55
27
46
49
42
35
52
49
50
42
32
37
