37
60
36
37
29
38
29
52
46
55
37
44
23
34
50
51
52
39
57
39
25
53
38
20
46
51
24
27
40
40
17
43
15
48
28
51
50
38
48
31
29
31
55
30
38
17
45
30
33
45
32
51
27
36
39
35
47
34
59
33
38
35
28
14
40
57
39
29
11
30
35
40
49
33
11
38
22
41
38
42
46
44
30
28
19
34
42
38
41
6
24
47
34
33
67
24
46
34
14
26
59
33
25
26
39
27
27
62
8
46
38
13
47
49
31
21
41
31
54
39
38
19
55
33
30
27
12
42
28
23
64
39
60
45
32
36
24
43
37
42
17
30
42
55
43
53
32
41
32
53
29
28
52
28
32
39
47
41
36
42
34
48
19
40
54
65
37
39
38
36
42
41
46
9
11
36
27
45
19
21
18
21
40
47
17
38
47
41
27
53
26
11
36
48
28
21
4
24
18
27
56
33
25
54
51
58
31
20
58
41
25
40
19
34
46
54
47
52
43
24
41
22
44
40
24
63
23
31
38
33
21
64
27
27
29
29
51
61
43
42
39
17
37
45
36
36
65
19
31
32
24
40
40
42
25
40
51
38
27
18
32
44
56
18
40
37
17
31
56
26
38
42
47
15
38
23
43
59
12
49
31
16
51
34
20
48
28
34
51
37
56
43
23
34
34
39
41
22
24
35
37
38
27
44
32
48
53
42
30
44
41
68
26
33
51
36
20
50
34
32
31
21
47
37
35
19
40
35
44
23
63
51
8
37
53
24
48
44
37
37
27
35
63
29
50
35
50
22
31
34
22
39
39
63
48
34
40
27
33
22
75
35
33
37
37
32
23
35
36
65
51
33
33
50
27
27
20
40
51
12
8
27
35
59
8
28
29
17
27
24
49
50
58
47
63
34
26
33
52
25
57
70
25
29
18
25
43
32
40
30
29
37
51
35
48
25
29
55
38
33
56
6
28
47
57
40
8
22
23
54
39
30
27
36
37
51
24
37
27
18
65
50
32
38
37
39
37
34
44
33
39
36
31
33
47
30
34
24
33
20
59
54
40
19
40
27
28
24
29
18
35
32
34
43
39
31
45
52
28
36
61
60
56
58
72
49
64
32
58
51
41
40
57
42
51
40
57
37
54
45
