36
31
38
39
32
35
27
43
41
37
41
37
32
36
40
29
15
48
36
27
31
33
34
41
28
26
34
36
23
26
41
38
31
31
38
52
32
25
45
31
39
20
44
48
31
37
28
30
29
27
20
39
43
37
45
33
28
43
26
43
31
35
27
29
34
26
31
29
27
20
54
17
23
41
45
26
45
13
25
30
32
38
31
37
22
37
19
21
48
19
35
56
35
38
50
49
26
24
56
35
38
32
15
37
38
42
31
20
39
45
29
39
40
34
37
37
31
40
36
33
35
26
44
34
32
36
20
27
22
53
9
29
31
40
35
39
37
28
34
24
34
29
55
40
27
25
33
27
36
17
26
33
39
22
49
38
22
47
26
27
33
35
26
31
34
35
31
43
31
45
35
35
17
32
38
33
32
35
46
41
42
31
21
62
26
46
7
32
36
23
23
44
27
24
45
38
21
12
42
24
27
33
28
32
22
35
32
42
27
39
25
43
35
32
36
23
32
36
36
41
36
33
47
45
26
42
28
30
27
18
28
18
30
17
25
42
20
42
31
46
42
33
20
22
32
46
25
20
44
18
27
20
28
27
29
28
37
46
40
48
41
41
45
27
25
16
26
41
45
26
42
46
37
27
28
34
32
35
28
37
19
41
13
35
37
33
29
10
26
23
33
27
22
38
15
30
36
36
28
31
31
28
10
42
40
39
30
27
21
43
40
32
26
41
41
23
25
26
16
40
48
45
41
28
35
25
32
25
39
27
20
23
40
45
35
24
38
21
25
46
38
17
29
35
27
36
33
28
33
31
45
17
35
42
38
26
29
32
41
33
47
23
32
39
15
48
28
33
46
42
12
14
45
35
27
19
6
24
50
25
35
39
40
25
49
39
22
27
27
23
34
37
28
25
27
38
16
32
28
46
36
30
46
47
27
15
31
24
27
37
34
40
24
43
21
45
44
36
33
30
39
32
25
45
36
26
54
36
32
29
50
24
30
54
33
47
34
20
33
33
27
24
30
33
25
43
33
9
15
29
42
23
37
31
26
29
33
54
44
32
34
34
34
28
13
34
53
37
50
31
47
52
31
29
52
41
40
25
25
39
50
34
23
24
23
28
39
23
10
21
17
32
20
48
47
52
31
22
30
31
