56
39
31
53
56
31
49
35
41
25
38
51
31
30
30
42
30
44
34
39
39
55
51
52
48
38
47
43
45
27
47
27
53
36
49
48
45
35
43
25
46
29
28
31
48
48
33
37
48
53
53
34
37
35
48
32
31
27
48
46
36
35
52
53
43
36
48
43
51
29
53
46
44
50
53
53
38
32
29
57
34
52
40
51
30
56
28
50
42
29
40
44
58
37
28
48
34
59
43
49
30
30
53
33
32
35
34
43
50
59
37
38
49
53
47
30
30
52
47
53
31
44
58
34
50
33
41
29
31
30
48
53
48
34
35
52
46
38
45
52
52
31
51
31
46
54
55
35
35
27
39
54
33
56
54
43
34
37
31
56
41
35
37
54
51
42
35
41
46
26
49
28
30
55
38
40
30
43
28
50
57
57
43
31
49
35
50
55
41
49
46
47
54
27
29
50
33
32
46
55
40
27
32
59
39
25
47
28
31
25
47
50
47
53
47
57
50
39
36
49
25
54
53
44
48
30
41
51
55
33
38
53
54
49
24
33
28
47
34
64
29
49
31
60
56
47
48
48
50
40
36
38
36
24
45
28
43
36
47
32
58
38
45
44
45
31
72
30
34
55
37
31
49
33
31
50
35
49
31
50
51
35
35
55
53
38
47
49
54
53
59
51
26
56
41
56
43
31
37
53
40
32
52
53
52
37
36
53
45
57
49
29
47
45
38
31
36
29
36
47
60
26
44
33
53
51
34
50
50
29
27
54
65
47
39
50
36
25
49
46
39
45
24
28
38
31
47
57
49
53
38
35
34
47
52
50
31
35
50
43
52
50
58
46
24
59
46
48
36
31
45
54
47
50
39
51
31
51
35
27
35
54
39
27
31
57
52
48
54
37
49
28
29
35
45
45
30
27
30
25
35
52
49
42
39
31
53
36
55
35
34
54
30
33
53
37
46
48
34
57
53
42
31
42
32
30
24
32
38
46
35
44
37
52
30
28
49
41
43
43
34
42
24
45
31
31
48
31
53
49
30
52
31
59
48
31
19
19
44
52
46
44
28
57
43
31
33
48
49
27
36
55
44
46
35
38
56
55
39
52
30
52
43
31
31
38
48
31
41
37
35
35
27
33
30
33
37
22
39
28
