64
40
38
66
51
59
48
62
59
51
29
46
65
36
17
68
48
28
28
68
40
20
61
26
41
44
25
44
56
38
21
50
43
56
41
54
52
46
65
53
48
59
60
37
31
33
30
32
49
31
59
57
29
33
30
54
55
27
26
49
32
32
52
66
58
40
19
63
46
54
33
38
54
19
43
53
53
45
36
50
55
49
55
48
50
38
52
55
29
69
49
45
78
27
34
61
63
57
40
53
43
32
43
44
45
18
27
75
41
44
46
40
42
59
50
64
62
56
17
51
45
27
49
49
56
42
54
34
30
20
58
33
44
32
49
57
52
57
30
34
57
48
60
42
32
51
38
57
49
55
40
42
11
28
49
30
49
51
42
50
56
46
56
48
49
36
53
54
23
33
51
57
38
54
43
41
36
46
56
44
47
59
45
52
24
28
55
25
52
35
43
49
54
41
50
44
54
24
26
14
29
35
34
62
47
41
40
25
51
34
63
45
46
39
62
68
14
29
43
35
21
81
48
58
37
62
27
52
52
57
54
53
57
15
64
52
56
56
42
57
47
40
57
43
58
40
35
42
35
19
47
55
39
29
42
42
62
47
42
54
54
47
48
17
27
37
47
50
34
53
56
40
35
54
55
34
48
33
61
60
56
14
51
46
47
56
58
65
50
44
52
53
46
51
37
30
51
51
55
30
34
47
49
54
38
70
31
39
54
55
48
46
59
59
23
58
52
53
42
48
70
42
43
48
7
43
61
51
45
60
53
63
32
39
47
32
47
39
41
48
31
39
43
45
31
44
49
46
43
47
41
31
40
65
46
56
49
51
44
49
55
49
53
57
62
51
34
59
59
32
46
52
58
27
60
59
63
71
29
50
23
69
64
48
36
38
67
46
32
35
57
26
17
59
28
46
46
54
62
57
43
44
20
28
17
57
48
55
49
54
54
62
25
47
53
36
51
44
51
51
47
44
45
43
33
41
52
41
31
29
55
25
45
50
63
37
67
58
37
21
46
22
65
38
38
54
39
57
32
59
26
27
63
61
52
64
55
49
48
22
65
40
46
38
71
37
50
59
42
41
60
50
52
33
46
41
63
16
49
52
59
43
45
47
57
76
60
63
43
56
46
56
43
40
51
67
54
55
53
63
