32
30
40
64
33
37
39
40
28
40
38
66
51
35
59
35
32
27
38
21
36
32
32
32
62
59
36
31
31
37
31
37
35
30
34
25
35
35
27
33
28
28
24
34
51
28
40
28
28
32
23
65
36
33
35
68
33
36
30
35
44
30
35
37
30
32
34
34
48
30
39
33
24
34
23
68
37
28
36
34
61
44
56
50
40
28
22
29
23
34
33
30
38
37
25
29
38
28
38
39
32
31
29
35
43
27
56
24
33
29
35
40
23
22
32
30
35
33
29
37
54
35
38
37
34
30
31
33
52
27
46
36
37
30
65
37
30
31
36
33
36
26
41
24
41
53
37
40
48
34
35
40
59
36
29
60
37
26
36
36
33
31
38
49
33
31
31
26
34
59
34
40
34
30
29
32
57
30
24
29
54
55
27
29
30
49
23
36
34
32
33
40
32
32
52
32
31
24
66
58
63
33
32
31
28
24
40
41
26
35
46
32
54
29
21
37
36
33
32
29
29
37
35
28
29
37
42
38
33
29
32
29
39
38
29
33
35
33
41
41
35
29
54
43
53
36
36
38
31
31
25
35
31
32
36
34
33
53
37
30
33
50
34
24
33
55
33
41
26
31
31
49
55
48
38
33
50
31
37
35
24
26
33
36
40
38
31
32
22
34
34
42
23
31
37
34
31
40
29
32
42
38
33
39
29
26
33
37
36
38
30
37
28
52
55
28
29
34
41
69
30
36
36
35
30
42
35
30
27
41
38
27
49
30
27
31
27
45
30
26
35
39
78
32
34
28
27
27
34
29
28
34
38
61
34
31
26
34
39
27
34
31
30
38
27
63
37
34
36
34
57
40
53
43
26
26
35
22
23
37
34
31
38
31
28
32
37
28
23
26
36
44
37
33
35
36
44
32
75
29
41
35
44
41
46
33
40
42
22
34
31
59
50
26
29
31
36
32
64
41
39
62
34
35
56
36
51
39
37
30
45
41
30
36
35
33
31
49
32
42
31
33
34
31
30
35
35
49
22
29
56
42
29
32
38
31
54
58
39
30
36
39
26
34
32
49
57
52
57
57
48
60
42
51
57
49
55
40
42
49
42
50
56
46
56
48
49
36
53
54
51
57
38
54
43
41
36
46
56
47
