27
45
49
49
37
33
46
54
55
51
45
46
47
48
38
53
47
35
52
55
58
30
53
54
35
57
61
30
56
55
44
53
47
47
24
53
38
54
50
57
59
52
34
47
50
41
50
57
52
32
26
42
51
53
19
50
17
53
54
54
49
48
52
51
19
47
41
42
32
22
16
49
57
56
41
50
55
44
55
52
44
21
32
46
46
55
47
23
47
57
50
25
49
51
51
44
50
42
42
60
34
58
55
52
43
44
40
54
60
53
33
44
50
48
63
46
28
35
22
39
23
49
12
48
18
53
56
48
20
47
57
46
52
49
36
50
52
52
38
34
52
53
52
43
18
37
44
46
49
49
63
42
53
41
48
54
50
48
44
56
34
50
52
59
47
53
53
53
50
51
52
42
28
46
47
53
33
40
47
52
21
50
57
50
45
26
51
49
62
31
26
37
42
26
57
50
32
48
31
54
49
35
48
52
50
47
38
34
47
47
36
57
47
46
49
59
57
42
50
63
34
47
47
47
47
49
47
17
45
26
51
42
39
54
49
49
45
46
64
46
31
47
48
44
57
50
30
41
25
26
57
45
35
55
55
52
54
53
52
42
31
35
24
48
56
55
51
53
49
48
41
47
53
27
46
26
38
56
26
52
58
53
49
36
49
45
49
46
49
50
51
42
40
50
53
52
41
55
23
45
37
56
52
49
51
43
52
52
61
49
53
54
48
50
51
19
44
51
47
51
48
49
49
46
56
50
57
50
43
53
48
51
48
57
49
56
53
50
53
44
56
58
47
46
52
43
47
42
53
55
46
49
36
53
50
37
57
54
55
46
52
56
52
46
49
56
53
51
46
57
56
52
28
53
59
36
45
32
48
54
54
51
38
11
36
50
51
47
56
50
43
52
33
52
55
46
54
38
20
29
55
53
51
28
51
52
52
51
49
46
41
39
57
47
34
50
43
53
55
49
43
46
24
39
51
32
41
48
54
48
52
55
47
59
55
48
59
33
44
37
44
45
55
43
53
54
45
44
18
44
50
25
47
53
17
27
54
52
46
35
47
50
52
50
44
43
53
49
42
32
47
56
42
44
45
37
53
47
51
49
47
51
50
42
55
51
55
52
48
48
51
57
50
54
48
55
51
52
49
50
