60
36
32
37
52
42
55
28
50
36
30
27
29
34
35
34
29
31
36
30
33
27
29
51
41
36
34
38
36
37
34
29
34
52
39
51
48
31
32
51
38
41
38
28
38
40
40
40
31
26
28
35
36
50
31
35
30
33
37
34
24
48
34
41
45
45
32
39
24
26
47
39
39
47
33
39
27
57
42
38
47
30
34
42
33
36
67
29
35
36
59
23
38
35
37
36
62
47
34
35
34
26
38
35
33
33
44
31
32
30
26
55
32
35
36
42
38
25
33
23
64
60
49
43
35
29
41
36
28
21
42
34
53
31
34
32
32
30
33
38
22
28
53
52
37
37
40
36
33
33
33
35
34
41
21
30
30
41
36
23
29
39
39
48
43
36
54
31
27
26
31
65
34
34
36
30
45
35
47
31
34
36
56
35
54
51
38
28
36
26
33
24
58
29
24
58
32
29
41
40
34
27
40
33
31
38
39
31
46
37
30
54
34
30
38
23
63
34
33
64
36
41
33
28
33
28
39
35
35
25
51
34
33
61
27
31
45
65
40
40
35
36
42
29
28
33
41
40
38
34
25
43
28
38
43
25
29
59
39
31
37
51
36
30
56
39
35
38
39
41
48
35
29
50
34
53
68
42
26
26
39
32
22
50
47
25
31
45
41
40
63
40
33
51
37
37
38
34
53
22
48
32
29
63
37
33
28
32
50
24
39
30
28
35
24
39
50
38
38
32
42
33
39
35
36
34
63
29
43
29
29
48
32
35
32
37
41
40
35
38
28
32
19
43
27
37
36
33
33
36
31
29
42
31
26
75
32
36
31
31
41
30
36
31
35
37
29
36
35
31
44
34
27
39
31
65
34
30
34
21
33
31
26
40
41
38
34
35
32
29
35
59
22
58
33
63
30
31
30
52
57
26
23
33
44
70
43
35
41
29
29
38
35
32
55
37
28
30
25
38
56
57
37
25
65
30
27
31
40
36
50
40
32
34
32
37
30
27
39
27
28
42
38
36
27
39
44
26
31
59
29
36
32
33
30
19
36
54
38
34
31
33
34
52
61
60
56
31
33
33
33
58
28
28
37
72
49
37
64
32
58
43
51
42
35
33
41
40
36
26
34
25
57
42
51
40
57
37
54
45
