64
40
38
36
66
51
59
31
38
62
39
59
51
65
32
35
27
36
43
41
68
37
41
48
37
68
32
36
61
40
44
29
15
48
36
27
56
31
33
50
43
34
56
41
54
28
26
34
36
52
46
65
53
23
48
26
41
38
31
59
60
37
31
38
52
32
25
31
45
31
39
49
59
20
57
44
30
54
48
55
31
37
27
28
49
30
32
29
52
27
20
66
39
58
43
63
37
45
33
28
43
26
43
31
46
54
35
27
29
34
26
33
38
31
54
43
53
53
50
55
29
49
55
27
20
48
54
17
50
23
41
52
55
45
69
49
45
26
45
78
27
13
25
30
34
32
61
63
57
40
38
31
37
22
37
53
19
21
43
44
75
44
48
19
46
40
42
59
35
50
56
35
64
62
56
51
45
38
50
49
26
49
24
56
35
38
32
15
37
49
38
56
42
54
58
49
57
52
57
42
57
48
60
42
31
51
57
49
20
55
39
40
45
42
29
49
42
39
40
50
56
46
56
34
37
37
31
40
36
33
48
49
35
26
36
44
34
53
32
54
36
20
27
51
57
38
22
53
9
54
29
31
40
35
43
41
39
36
37
46
28
34
24
34
29
55
40
56
47
27
59
25
45
33
52
28
55
27
36
25
17
26
33
39
52
35
43
49
22
49
38
54
22
47
26
50
27
44
54
33
26
29
35
35
62
26
31
47
34
41
40
51
35
34
63
31
43
31
46
45
39
35
62
35
17
68
43
32
35
21
81
48
58
62
38
33
32
35
27
46
52
41
42
52
57
54
31
21
53
57
62
26
64
52
46
7
32
36
23
23
56
44
27
24
45
38
21
56
42
12
57
47
42
24
40
27
57
33
28
32
43
22
35
32
42
27
58
39
25
43
42
35
19
47
55
42
62
47
32
36
42
54
23
54
32
47
48
37
36
36
41
36
33
47
47
50
34
53
45
26
56
54
55
42
48
61
60
51
46
47
56
58
65
28
30
27
18
28
50
18
30
44
17
25
52
42
53
20
42
46
31
46
51
37
42
33
30
51
55
20
22
47
49
54
32
46
25
38
20
70
31
54
55
44
18
48
59
59
58
52
53
48
70
42
43
48
43
61
51
45
60
53
63
47
32
47
39
41
43
45
