50
36
59
32
37
42
28
36
49
30
56
27
29
34
35
40
34
29
31
36
30
48
49
33
41
56
27
29
54
41
54
36
34
38
36
37
50
34
29
34
47
39
43
31
32
38
41
38
28
38
54
45
40
50
40
40
31
47
26
28
35
36
31
35
30
33
37
49
49
34
50
56
24
44
34
41
32
24
26
39
39
47
33
53
39
27
38
30
34
42
59
36
58
29
35
36
23
38
52
35
53
37
36
34
35
34
26
55
38
48
50
35
33
33
44
31
56
32
30
26
32
35
56
57
36
38
25
33
23
49
35
29
41
36
28
21
34
31
34
30
55
46
45
52
33
38
22
28
37
54
37
40
36
33
33
33
35
34
41
21
30
30
41
36
23
29
39
43
43
48
36
31
55
27
48
26
48
31
34
34
53
30
51
54
54
35
31
34
36
35
38
28
36
26
33
24
59
29
24
32
42
29
34
37
27
40
33
31
38
39
31
37
30
34
55
30
38
23
34
33
36
41
43
53
33
28
50
54
34
33
45
52
28
48
39
47
35
35
57
25
34
54
46
33
27
51
31
55
40
35
36
42
29
47
28
33
41
48
34
25
55
43
59
55
28
53
38
25
29
39
49
31
53
37
54
36
30
39
49
35
50
44
47
38
35
29
50
46
41
34
42
26
26
39
32
51
22
37
25
31
45
59
41
40
47
33
37
37
38
34
22
32
29
53
37
44
33
28
48
32
24
49
39
51
30
28
35
24
39
38
38
32
60
42
33
39
46
35
48
36
48
29
49
43
29
29
32
35
57
32
37
41
40
35
38
58
28
32
19
43
49
27
37
52
36
33
33
36
31
29
42
31
26
32
36
31
31
41
30
36
31
35
29
36
35
31
44
34
27
52
39
31
34
48
30
34
46
21
31
26
53
45
40
41
58
38
55
34
35
32
29
22
33
30
46
31
30
44
26
55
49
23
33
44
46
35
41
29
56
29
38
35
58
32
49
52
37
28
30
25
38
25
30
27
31
40
48
36
40
32
49
34
40
32
37
30
27
39
27
28
42
36
27
26
31
29
47
36
32
46
33
30
47
19
36
38
34
31
33
34
59
31
54
53
51
33
33
33
28
28
37
37
43
42
35
33
36
26
34
25
