50
27
36
37
32
52
34
29
39
32
34
28
31
20
33
31
52
32
50
32
47
38
35
23
35
54
27
34
38
39
49
31
55
51
49
31
47
29
54
38
27
44
34
29
30
31
33
39
40
36
39
47
34
49
53
49
33
44
43
52
61
33
38
37
50
27
32
19
23
37
24
38
29
40
30
29
28
35
51
43
53
36
32
34
20
31
33
35
55
34
48
27
54
35
31
53
50
37
29
36
32
36
38
29
36
48
60
35
31
53
55
33
37
47
30
60
41
50
32
36
39
43
33
37
50
33
24
53
56
33
43
34
40
38
34
29
33
32
49
47
56
34
55
27
42
36
38
31
30
38
55
36
45
22
34
34
44
25
36
33
29
31
24
36
29
35
31
53
39
61
36
37
32
38
39
49
33
39
32
44
35
56
36
48
32
49
41
56
28
31
35
32
38
32
39
54
54
31
42
38
34
33
36
33
27
56
37
35
48
52
31
30
36
34
32
39
40
30
33
32
53
57
25
57
48
29
29
52
39
28
47
36
31
33
41
50
34
34
35
37
24
38
57
39
63
45
41
35
33
41
29
38
31
30
46
55
38
28
36
34
37
44
30
37
58
32
36
35
34
23
31
27
30
34
49
28
45
39
33
36
35
30
29
49
50
35
30
34
31
38
38
34
32
29
41
31
38
29
59
33
36
29
31
40
44
34
49
27
50
32
47
39
55
33
30
29
28
28
36
29
50
48
42
50
33
31
41
35
41
37
54
27
34
49
60
34
27
62
28
33
43
29
33
29
36
39
32
28
32
36
26
28
40
32
46
50
32
28
46
46
34
47
55
35
29
60
37
27
32
30
32
37
59
29
28
51
34
47
19
28
58
54
35
48
50
43
39
25
31
44
37
31
30
35
24
30
45
34
29
23
29
51
34
34
40
50
32
22
32
35
37
29
39
34
31
41
30
36
36
36
40
45
44
50
47
40
51
52
50
30
32
53
41
37
56
33
58
51
37
29
31
52
32
33
34
32
35
35
46
24
28
27
34
31
24
34
35
31
38
30
29
34
26
38
38
28
31
34
41
26
33
36
41
36
34
30
34
42
36
32
31
37
30
42
33
38
41
39
34
32
37
34
37
28
33
32
33
29
32
33
