29
43
48
57
43
27
63
51
62
36
37
45
68
46
48
65
43
45
47
48
46
32
41
56
40
71
57
57
34
52
34
45
29
32
34
79
69
47
28
55
60
75
31
39
60
33
44
59
40
45
48
52
49
49
20
57
33
49
54
61
45
51
58
31
65
57
38
34
32
32
46
57
38
70
35
41
49
23
54
65
43
35
50
41
27
51
58
34
52
56
45
51
52
50
60
48
38
69
68
80
53
38
38
39
55
43
59
62
54
39
56
50
51
31
54
39
55
31
37
29
38
42
27
57
48
55
59
47
34
53
65
61
29
30
57
35
45
65
44
57
62
31
68
55
48
46
40
50
33
39
40
36
53
54
44
45
45
39
53
51
34
59
43
56
49
52
52
33
65
44
63
56
53
33
58
38
63
37
47
27
32
32
65
45
19
23
37
51
45
24
50
38
29
46
58
40
62
69
40
49
30
29
57
52
63
28
43
61
35
64
50
31
66
54
43
41
50
45
36
43
51
32
34
54
47
49
20
30
59
49
31
57
60
48
54
33
64
62
35
47
47
73
34
48
43
61
49
52
48
27
67
41
35
77
31
37
51
29
58
57
45
53
45
66
56
36
54
62
74
32
50
43
47
56
51
36
38
39
51
29
62
43
73
34
51
56
69
37
59
66
56
55
54
36
48
53
71
52
49
50
49
54
41
29
40
60
35
31
39
52
53
60
55
53
36
51
35
33
45
57
66
37
29
30
41
50
38
41
62
32
65
36
52
51
58
40
39
61
46
45
52
33
53
37
45
58
53
41
36
30
63
40
33
55
24
30
33
48
43
43
65
34
53
65
38
53
42
34
64
69
35
29
48
53
41
48
33
55
32
44
49
43
27
39
34
72
20
57
27
36
53
54
51
53
41
28
40
38
64
31
58
62
30
36
43
58
51
58
47
35
57
60
54
53
22
70
50
52
48
38
41
42
48
34
42
45
34
62
34
44
25
36
44
65
50
39
46
61
33
44
29
54
54
55
60
31
24
45
36
55
54
38
36
38
57
49
62
54
33
46
55
63
54
29
35
31
56
39
59
49
36
61
54
60
50
48
63
47
49
50
37
32
38
42
47
40
47
39
36
43
27
60
59
59
38
38
37
72
63
51
