37
50
59
49
36
37
56
29
38
29
46
37
40
44
48
23
34
39
57
49
41
39
25
53
38
20
46
24
27
40
40
17
43
15
28
56
38
31
29
31
55
30
54
38
17
30
33
32
54
51
27
50
36
35
47
34
59
33
43
38
35
28
14
40
54
45
39
29
11
30
35
40
49
33
50
11
38
22
47
41
38
42
46
49
44
30
28
19
34
38
49
41
50
6
24
34
24
56
46
44
34
14
53
26
33
25
59
26
39
27
27
8
46
38
58
52
53
13
55
49
31
21
41
48
31
54
50
39
38
56
56
19
33
30
27
12
28
23
39
57
55
45
32
36
24
37
46
45
17
30
42
55
43
41
29
52
28
54
28
32
47
41
36
42
34
43
19
48
55
40
48
48
37
39
38
42
53
41
46
9
51
54
11
36
27
19
21
18
54
21
59
42
40
37
47
17
55
43
38
41
27
53
53
26
11
50
54
34
45
52
48
36
48
28
21
47
4
57
24
54
18
27
33
25
31
20
46
25
19
51
34
47
52
55
43
47
24
48
41
55
59
55
53
22
44
40
24
23
31
49
38
33
53
21
54
27
49
27
50
29
29
43
42
44
39
17
37
47
36
46
41
51
37
36
59
19
47
31
53
32
24
44
40
42
48
49
25
51
38
51
60
46
48
48
27
18
32
49
44
56
18
40
37
57
17
31
56
26
38
42
58
47
15
23
12
49
31
16
34
20
48
28
34
51
49
37
43
23
52
34
52
34
22
24
48
35
37
38
27
44
32
42
30
46
44
41
26
33
51
36
20
34
32
53
31
21
45
37
35
19
35
44
23
8
37
24
44
37
37
27
35
29
35
22
58
55
31
22
39
39
46
44
34
55
40
27
33
22
35
33
49
37
32
23
35
36
51
33
46
50
27
27
20
40
51
12
8
27
8
56
58
28
29
17
49
27
24
52
49
48
49
50
47
34
26
40
33
47
46
25
25
29
18
25
32
47
40
30
59
29
37
51
54
35
48
25
53
29
38
33
6
28
47
40
8
22
23
51
54
39
30
27
36
37
51
24
27
18
32
37
37
34
33
39
36
31
33
47
30
34
24
33
20
40
19
40
27
28
24
29
18
35
32
34
43
39
31
45
28
36
