64
40
38
39
66
51
59
31
62
59
31
51
65
35
36
68
48
68
61
44
56
50
43
56
54
25
38
52
46
65
53
31
48
59
60
37
31
49
59
30
57
30
54
55
27
30
49
32
42
52
66
58
30
44
63
34
39
46
54
33
38
54
43
39
53
53
50
55
38
49
55
48
50
52
43
55
69
27
49
45
78
27
27
34
61
63
57
40
53
43
44
75
36
45
35
25
44
46
40
29
42
28
59
50
64
62
56
31
33
51
45
49
49
56
42
54
37
58
49
34
37
57
35
52
32
57
57
31
48
60
42
51
57
27
49
36
35
36
55
40
42
49
42
43
50
56
46
56
29
48
49
36
53
54
51
57
38
54
38
43
41
36
46
32
29
56
34
47
59
45
40
52
28
55
30
25
52
35
28
43
29
40
37
49
54
50
44
54
26
29
35
62
28
47
41
40
34
51
34
63
46
30
39
62
68
30
43
33
35
21
32
81
35
48
34
58
62
27
52
52
57
54
53
37
57
64
52
56
38
56
42
57
30
47
40
57
30
43
31
58
34
42
19
47
55
42
62
33
29
47
42
31
54
54
30
47
48
37
34
47
50
34
53
35
38
56
54
31
55
48
61
60
51
46
47
56
58
65
50
31
35
44
35
52
53
46
51
27
37
30
51
55
47
49
54
39
38
70
31
54
55
48
33
59
43
34
59
58
52
37
53
48
70
42
43
48
31
43
61
51
45
35
60
53
42
35
63
47
32
41
47
39
41
43
45
31
44
26
46
28
43
30
41
40
65
38
46
56
49
40
30
28
51
44
49
55
31
49
53
57
62
51
34
59
59
35
27
29
46
52
58
33
60
32
40
59
27
63
71
32
29
50
23
69
39
25
64
48
36
38
28
31
67
46
57
59
46
46
25
54
62
57
47
39
43
36
44
25
30
41
57
48
55
33
49
54
54
62
47
38
53
24
51
44
51
51
33
47
28
45
43
41
52
29
55
45
63
67
58
37
46
65
38
38
54
34
39
57
59
27
29
63
31
61
52
64
40
55
48
65
40
36
36
46
38
71
37
24
50
59
41
60
50
52
46
41
63
49
28
52
59
43
45
47
57
76
60
63
43
56
46
56
43
40
51
67
54
55
53
63
