45
49
49
37
46
54
55
51
46
47
48
53
47
52
55
58
53
54
57
61
56
55
44
53
47
47
53
54
50
57
59
52
47
50
50
57
52
51
53
50
53
54
54
49
48
52
51
47
42
57
56
50
55
55
52
44
46
46
55
47
57
50
49
51
51
44
50
42
42
60
58
55
52
43
44
40
54
60
53
44
50
48
63
46
39
49
48
53
56
48
47
57
46
52
49
52
52
52
53
52
43
44
46
49
49
63
53
41
48
54
48
44
56
50
52
59
47
53
53
53
51
52
42
46
47
53
47
52
50
57
50
45
51
49
62
37
42
57
50
48
54
49
48
52
50
47
47
57
47
46
49
59
57
50
63
47
47
47
47
49
47
45
51
42
54
49
49
45
46
64
46
47
48
44
57
50
41
57
45
55
55
52
54
53
52
42
48
56
55
51
53
49
41
47
53
46
38
56
52
58
53
49
49
45
49
46
49
50
51
42
50
53
52
55
45
56
52
49
51
43
52
52
61
49
53
54
48
50
51
44
51
47
51
48
49
49
46
56
57
50
43
53
48
51
48
57
49
56
53
50
59
50
53
45
52
58
47
51
47
50
52
58
46
60
51
52
36
47
50
57
49
49
47
48
49
48
48
53
51
52
52
49
52
60
58
47
50
51
55
49
59
51
45
49
55
52
49
48
48
54
40
49
44
44
53
52
48
45
57
56
48
54
56
54
49
50
52
51
52
51
57
56
52
43
46
59
59
56
39
44
49
49
53
55
51
49
45
45
43
52
60
45
46
55
50
41
44
49
56
55
55
54
48
51
45
50
59
48
59
47
62
50
49
39
52
49
46
48
58
52
56
50
57
59
46
45
58
52
52
52
46
46
48
42
47
53
55
47
39
41
43
41
45
45
51
51
48
52
52
51
45
48
57
52
45
50
46
50
46
53
44
46
48
50
47
50
50
38
52
42
48
53
51
52
47
42
55
50
49
50
45
51
52
52
53
51
57
54
61
53
48
57
48
54
52
45
51
58
55
55
55
51
57
56
49
38
51
60
54
55
39
53
52
44
52
51
48
55
43
52
45
40
52
51
51
43
48
41
50
52
55
56
52
44
52
54
50
51
51
43
50
53
44
42
61
55
50
41
41
44
