32
30
40
33
37
39
28
40
35
35
32
27
38
21
36
32
32
32
36
31
31
37
31
37
35
30
34
25
35
35
27
33
28
28
24
34
28
40
28
28
32
23
33
35
33
36
30
35
44
30
35
37
30
32
34
34
30
39
33
24
34
23
37
28
36
34
40
28
22
29
23
34
33
30
38
37
25
29
38
28
38
39
32
31
29
35
27
24
33
29
35
40
23
22
32
30
35
33
29
37
35
38
37
34
30
31
33
27
36
37
30
37
30
31
36
33
36
26
41
24
41
37
40
34
35
40
36
29
26
36
36
33
38
33
31
31
26
34
34
40
34
30
29
32
24
29
29
30
23
36
34
33
40
32
32
32
31
24
33
32
31
28
24
40
41
26
35
32
29
21
37
36
32
29
29
37
35
28
29
37
42
33
29
32
29
39
38
29
33
35
33
41
41
35
29
36
36
38
31
31
25
35
31
32
36
34
33
37
30
33
34
24
33
33
41
26
31
31
38
33
31
37
35
24
26
33
36
40
38
31
32
22
34
34
42
23
31
37
34
31
40
29
32
42
38
33
39
29
26
33
46
51
25
39
34
36
47
42
25
24
59
59
19
36
47
35
40
39
28
23
37
36
31
37
43
16
39
37
14
21
38
43
44
49
24
24
20
26
41
31
26
23
41
40
54
39
21
34
39
49
49
29
37
24
28
44
27
42
39
42
32
50
43
36
28
24
41
33
47
27
37
39
47
29
33
29
26
44
24
32
15
29
43
29
34
44
34
49
27
41
26
37
42
30
24
13
28
24
36
28
33
31
35
31
35
29
32
32
38
54
50
29
22
28
29
31
17
38
45
36
28
32
46
39
21
34
45
40
33
57
56
28
23
20
20
14
51
30
20
28
28
29
33
27
35
30
53
38
32
22
43
40
31
42
44
26
26
16
44
39
18
29
31
24
43
35
41
9
29
36
45
37
33
48
20
47
19
29
11
31
37
41
30
4
33
22
10
33
31
45
30
39
23
43
31
43
44
37
35
26
38
37
30
49
44
20
33
26
27
29
19
30
34
29
30
24
47
43
26
17
44
27
16
37
47
47
56
49
41
33
42
48
19
39
24
34
28
26
29
32
16
32
33
32
32
37
54
30
45
43
