23
40
17
61
49
30
13
48
17
38
31
48
50
39
20
53
29
34
50
45
31
12
19
40
53
38
32
60
48
25
31
31
39
26
47
45
30
45
47
34
12
18
25
31
36
38
48
27
35
47
13
38
14
37
51
34
52
31
15
37
49
22
32
50
22
38
47
48
36
40
36
39
8
31
48
37
52
48
44
49
54
52
42
18
39
46
41
50
58
55
36
29
31
31
21
34
32
51
21
47
17
48
32
30
44
30
25
38
11
22
31
40
37
50
29
18
49
51
49
43
28
53
37
46
27
35
25
35
19
16
46
42
24
50
30
44
44
46
51
54
15
28
34
33
38
31
39
51
38
31
51
28
50
53
45
44
50
36
39
41
50
35
36
48
60
49
45
34
38
21
52
33
41
48
47
41
53
23
47
46
48
46
49
26
17
42
52
38
52
50
35
31
30
50
23
45
47
52
47
45
25
38
41
49
42
46
51
49
20
28
44
42
44
35
41
34
28
31
25
20
36
32
29
35
30
43
34
23
40
27
30
24
54
32
34
42
31
36
29
22
40
47
55
31
39
57
28
31
23
28
23
39
53
49
42
30
26
42
12
21
40
52
40
27
38
41
57
33
32
39
21
48
24
44
28
28
31
37
40
59
36
48
14
52
48
33
53
57
30
57
41
42
36
26
45
55
28
52
29
23
32
50
32
20
36
47
47
19
21
36
17
32
11
47
32
50
12
39
52
43
22
45
32
27
34
51
16
9
37
51
57
37
16
31
54
21
24
20
23
46
39
33
27
29
27
20
28
27
29
28
37
46
40
48
41
41
45
27
25
53
16
26
41
45
26
42
46
45
37
27
28
34
32
35
60
28
37
53
50
19
41
13
35
37
49
59
33
29
49
10
26
23
33
55
27
50
22
46
46
38
15
30
36
36
28
31
31
50
54
28
10
53
54
42
47
40
39
50
30
27
21
43
48
49
51
40
32
26
41
41
23
51
25
26
49
16
40
48
45
56
47
41
28
47
35
25
32
25
39
51
27
20
23
40
45
45
35
52
24
38
21
25
46
38
17
29
35
27
51
36
33
28
51
33
31
45
17
35
42
38
26
29
32
41
33
47
23
32
39
15
48
28
33
46
42
12
14
45
35
27
