27
36
37
32
34
29
32
34
28
31
20
33
31
32
32
38
35
23
35
27
34
38
39
31
31
29
38
27
34
29
30
31
33
39
40
36
39
34
33
44
33
38
37
27
32
19
23
37
24
38
29
40
30
29
28
35
43
36
32
34
20
31
33
35
34
48
27
35
31
37
29
36
32
36
38
29
36
35
31
33
37
30
41
32
36
39
33
37
33
24
33
43
34
38
34
29
33
32
34
27
36
38
31
30
36
22
34
34
44
25
36
33
29
31
24
36
29
35
31
39
36
37
32
38
39
33
39
32
35
36
32
41
28
31
35
32
38
32
39
31
38
34
33
36
33
27
37
35
31
30
36
34
32
40
30
33
32
25
29
29
39
28
36
31
33
50
34
34
35
37
24
38
39
41
35
33
29
38
31
30
38
28
36
34
37
30
37
32
36
35
34
23
31
27
30
34
28
39
33
36
35
30
29
35
30
34
31
38
38
34
32
29
41
31
38
29
33
36
29
31
40
34
27
32
39
33
30
29
28
28
36
29
33
31
41
35
41
37
27
34
34
27
28
33
43
29
33
29
36
39
36
32
38
41
31
30
38
37
42
35
46
37
32
35
35
29
37
31
26
35
35
38
39
30
30
37
36
43
36
26
36
40
35
38
22
39
32
33
33
35
27
35
38
33
29
34
25
36
43
27
32
39
31
28
23
28
34
28
30
36
43
29
30
31
37
32
30
31
33
36
45
34
35
34
39
36
30
31
41
37
35
39
35
24
36
44
40
34
33
28
27
30
32
27
30
46
35
39
28
30
34
37
34
34
36
34
32
27
31
37
38
38
33
31
35
40
29
38
36
27
23
29
25
34
46
45
33
35
35
31
38
36
33
23
43
31
37
30
30
25
31
37
41
37
32
31
31
23
33
36
36
27
30
36
33
30
29
31
40
38
28
43
33
29
39
36
31
28
31
37
29
31
29
38
30
41
44
31
34
37
37
21
36
35
33
26
30
28
31
28
32
40
31
40
36
26
35
25
31
32
30
27
35
28
28
35
37
37
28
46
35
29
30
30
30
42
40
40
39
33
37
24
38
31
26
37
34
35
36
37
31
38
27
29
32
32
28
26
23
33
34
25
38
22
41
33
24
24
37
36
