56
53
56
31
49
26
41
51
55
51
52
48
47
45
47
53
49
34
30
48
43
46
48
48
33
48
53
53
48
48
46
52
30
43
53
43
48
51
53
46
44
50
34
53
53
31
57
35
52
51
56
50
32
42
44
58
31
29
24
48
59
43
42
49
53
43
50
34
59
34
34
29
49
53
47
52
35
47
53
44
58
50
33
41
48
53
48
52
46
45
52
52
51
43
45
46
54
55
54
56
31
54
56
41
37
27
54
37
33
51
46
49
34
32
55
43
50
57
33
57
43
49
50
37
55
35
35
41
49
22
46
47
54
50
46
55
37
59
33
25
47
47
50
34
33
53
47
57
50
32
49
54
32
53
34
44
48
51
55
53
37
54
49
47
64
49
60
56
38
47
48
48
50
29
42
38
45
43
47
58
35
45
41
45
72
37
55
49
50
49
50
51
30
55
32
32
53
47
49
54
53
59
51
56
56
43
36
53
52
53
52
53
45
34
57
49
47
45
47
60
44
53
29
51
50
50
54
65
36
47
50
36
49
46
45
28
47
57
35
49
53
47
52
50
34
28
50
43
29
52
50
58
32
46
38
59
46
48
45
33
54
47
50
27
36
51
32
30
51
54
33
57
52
34
48
54
37
32
49
45
45
52
49
53
55
35
54
22
53
46
48
30
57
53
39
42
42
29
33
46
39
44
52
49
43
43
42
48
27
53
49
33
52
59
30
48
44
52
46
44
57
43
48
49
55
44
46
56
25
40
55
52
31
52
43
37
48
37
53
56
48
37
41
49
54
32
52
56
32
58
36
45
52
47
33
59
54
50
48
55
18
47
52
59
51
45
60
50
40
42
51
52
43
49
41
52
24
52
46
56
52
34
39
26
49
54
50
61
49
33
34
50
52
40
56
56
60
43
44
48
52
48
53
44
33
35
40
46
54
49
59
33
43
24
57
40
37
56
33
42
44
27
47
50
51
58
44
31
33
48
33
49
26
52
50
48
33
58
47
48
53
53
51
51
50
49
51
44
38
53
43
51
53
46
54
49
55
46
45
46
47
44
46
29
52
50
52
59
32
48
34
48
41
36
49
67
30
31
34
50
50
55
53
46
34
41
58
38
27
53
52
50
52
49
47
55
51
54
48
31
