48
60
29
52
55
50
51
52
51
48
46
51
50
48
45
45
17
39
47
28
28
40
20
26
41
25
57
42
47
44
33
67
59
62
47
55
38
21
41
42
64
60
43
42
53
32
32
53
52
39
48
33
30
32
54
65
36
45
47
31
56
54
51
58
58
41
40
46
54
63
29
64
33
26
51
32
61
45
65
40
40
38
40
43
59
51
19
19
56
39
41
48
53
68
50
47
40
45
63
51
36
53
38
29
48
63
43
50
50
34
63
32
48
45
18
27
75
37
65
33
35
59
58
41
63
52
57
17
27
34
70
43
55
56
57
37
65
50
38
30
39
44
20
59
54
52
33
44
32
61
60
56
58
30
72
49
64
32
58
51
34
41
32
38
11
40
57
42
28
51
40
57
37
54
49
45
30
51
60
50
51
46
62
23
54
58
51
47
51
43
39
43
46
64
42
64
33
62
63
30
44
50
49
53
40
48
24
42
52
41
48
24
48
48
68
41
56
60
40
26
14
34
36
25
45
14
29
50
47
56
37
15
51
40
32
56
35
50
48
46
72
55
42
49
35
54
35
47
57
53
67
50
39
44
45
53
54
26
42
59
52
31
50
47
41
49
50
65
56
37
51
29
56
58
36
40
53
44
56
19
43
42
32
78
66
37
17
27
57
39
52
60
40
40
61
45
48
35
52
39
55
31
44
44
57
41
41
34
42
33
56
52
53
63
60
14
38
48
50
51
55
55
27
30
61
34
39
48
57
57
64
46
23
35
50
56
57
67
42
7
46
57
32
34
35
39
65
40
52
45
44
48
38
31
45
57
64
39
39
49
63
37
70
51
57
44
47
35
31
32
38
40
27
63
59
60
49
40
58
44
55
33
58
33
35
55
32
35
26
66
65
34
38
16
45
44
64
46
17
48
40
28
51
57
50
20
59
62
28
31
51
17
25
44
54
53
47
36
55
44
35
33
41
46
51
47
53
51
31
25
42
46
32
43
66
34
50
37
21
30
52
22
32
56
26
36
46
49
55
53
22
40
49
66
71
49
42
33
16
30
53
56
55
61
52
61
46
41
38
28
45
58
38
46
57
57
22
73
42
60
49
61
52
46
30
52
55
44
55
45
53
41
53
51
44
46
49
40
62
40
