29
43
48
32
57
43
30
63
51
62
40
45
33
37
39
68
46
48
65
43
45
47
48
46
41
56
40
28
71
57
40
57
34
52
45
79
35
69
35
47
55
60
75
39
60
33
44
32
27
59
40
45
38
48
52
49
21
49
57
49
54
61
45
51
58
65
36
32
57
38
32
32
34
46
57
70
41
49
54
65
36
43
50
31
41
51
58
52
31
37
31
37
35
30
56
45
51
52
50
60
48
34
25
38
69
68
80
53
38
39
55
43
59
62
54
56
35
50
35
51
54
27
39
55
37
42
57
48
55
59
47
53
65
61
57
35
33
45
65
44
57
62
68
28
28
55
48
24
46
40
34
50
53
28
40
54
44
45
28
28
45
53
32
51
59
43
23
56
49
33
52
52
65
63
56
53
58
63
47
32
35
65
45
33
51
45
50
36
30
46
58
40
62
69
35
49
57
52
63
43
61
64
44
50
31
66
54
41
50
45
43
51
30
54
47
49
30
59
49
57
60
48
35
37
30
54
64
32
62
34
47
34
47
30
73
43
39
61
49
33
52
48
67
41
77
24
51
34
58
23
57
45
53
37
45
66
28
56
54
62
74
50
36
43
34
47
56
51
39
51
62
43
73
34
51
56
40
28
69
37
59
22
66
56
55
54
29
23
34
48
53
71
52
49
50
49
54
33
30
41
29
38
40
60
39
52
37
53
25
60
29
55
38
53
36
51
35
28
45
57
66
29
50
38
41
62
65
52
51
38
58
40
39
32
31
61
46
45
52
29
53
35
27
45
58
24
53
41
33
29
36
30
63
40
35
55
30
40
48
43
65
53
65
53
42
64
69
23
22
32
35
48
53
41
48
30
55
44
49
43
27
39
72
20
57
53
35
54
51
53
33
29
37
41
28
40
64
35
38
37
58
34
62
43
58
51
30
58
47
31
35
33
27
57
60
36
54
53
70
50
52
37
48
38
30
37
41
42
48
34
42
30
45
31
62
44
65
50
36
39
33
46
61
36
44
54
54
26
55
60
45
36
41
55
54
38
38
57
49
62
54
33
46
24
55
63
54
56
59
41
49
61
54
37
60
40
50
48
63
47
49
50
34
42
47
40
47
35
36
43
27
60
59
59
38
38
37
72
63
51
