29
32
30
40
33
37
39
28
43
40
48
35
57
43
35
63
51
32
62
45
27
38
68
21
46
36
48
65
32
43
32
32
45
47
36
31
31
37
48
46
41
31
56
37
40
35
30
71
57
57
34
52
45
34
79
25
35
35
69
47
27
33
55
28
60
28
75
24
34
39
60
28
40
33
44
59
40
45
28
28
48
52
32
49
49
23
57
33
49
35
54
33
61
45
36
51
30
35
44
30
35
37
58
30
65
32
34
57
38
34
34
46
57
30
70
39
41
33
49
54
24
34
65
23
37
43
28
36
50
41
34
40
51
58
28
52
22
29
56
45
51
23
52
34
33
50
30
60
48
38
69
68
38
37
80
53
38
25
29
38
39
28
38
55
39
43
59
62
54
56
50
51
54
32
31
39
55
29
35
27
37
42
57
48
55
59
47
53
65
61
24
57
35
33
45
65
29
35
44
57
62
68
55
48
46
40
40
23
22
50
53
54
32
30
44
45
35
45
33
53
51
59
43
29
56
37
49
52
52
35
38
65
63
37
56
53
58
63
47
34
30
31
33
32
27
65
36
37
45
30
37
51
45
50
46
30
31
58
40
36
62
69
49
57
52
33
63
36
43
26
61
64
41
50
24
31
41
66
37
40
34
35
54
40
36
29
26
36
41
50
45
36
43
51
54
47
33
49
38
33
30
31
59
49
57
31
26
34
60
34
40
34
30
29
32
48
54
24
29
64
62
29
30
23
47
47
73
43
36
34
33
61
40
32
49
32
52
48
32
31
67
41
77
24
51
58
33
57
32
45
53
45
31
66
56
54
28
62
74
50
43
47
24
56
51
39
51
40
62
43
41
73
34
26
51
56
69
35
37
59
32
29
21
37
36
32
29
66
29
56
37
55
35
54
28
48
53
71
29
52
49
50
37
49
42
54
41
29
40
60
33
29
39
52
32
29
53
60
39
55
53
36
38
29
51
35
45
57
33
35
33
66
41
41
35
29
29
36
50
38
41
62
65
52
36
38
31
31
25
35
31
32
36
34
33
51
58
37
30
33
34
24
33
33
41
26
31
31
38
33
31
37
35
24
26
33
36
40
38
31
32
22
34
34
42
23
31
37
34
31
40
29
32
42
38
33
39
29
26
33
