37
36
37
29
38
29
40
46
37
49
44
23
34
48
39
57
39
25
53
38
20
46
50
50
24
45
27
40
40
60
48
47
17
43
15
28
38
31
29
31
45
55
30
47
38
17
30
48
33
32
51
27
36
35
34
47
59
33
51
38
35
49
50
28
14
40
39
47
29
11
30
35
40
49
33
40
48
11
38
52
22
41
38
42
46
44
30
44
28
19
49
34
38
54
41
52
6
24
34
24
46
42
50
34
14
26
58
33
25
26
55
39
50
27
27
8
49
46
38
13
49
49
31
21
41
31
54
39
38
19
33
30
27
12
28
23
53
39
45
32
46
36
24
50
44
37
54
17
30
42
38
51
55
43
41
50
29
28
28
32
47
53
50
41
48
36
60
49
42
52
34
47
53
47
19
40
37
46
39
38
46
42
41
46
49
52
52
50
50
45
9
11
36
27
47
52
19
21
47
18
21
40
47
17
38
41
27
53
26
11
36
48
45
42
28
21
4
24
46
18
27
51
33
49
25
31
20
25
19
44
34
47
52
43
24
41
22
44
40
44
24
54
23
31
38
33
21
27
27
29
29
47
43
42
55
57
39
17
37
36
39
36
19
53
31
49
52
32
57
24
59
40
42
25
51
48
38
27
18
32
52
44
53
56
57
18
40
37
57
17
31
56
55
26
52
38
42
47
50
47
15
23
12
49
31
16
47
34
20
50
48
52
28
34
51
37
43
23
34
34
45
51
22
24
35
51
37
57
38
27
44
54
32
46
42
30
53
44
41
26
33
51
36
20
34
32
45
31
60
53
21
37
35
19
50
35
44
23
8
37
24
44
37
37
49
27
35
59
29
35
22
31
22
49
39
55
50
39
34
46
40
27
46
33
22
35
33
50
37
32
23
35
54
53
36
54
51
33
50
27
27
20
40
51
12
8
27
47
8
28
29
17
50
27
48
49
51
51
24
49
49
50
47
34
26
33
25
25
29
18
25
56
32
40
30
47
29
37
47
51
35
51
48
45
52
51
51
25
29
38
33
6
28
47
40
8
22
23
54
39
30
27
36
37
51
24
27
18
32
37
37
34
33
39
36
31
33
47
30
34
24
33
20
40
19
40
27
28
24
29
18
35
32
34
43
39
31
45
28
36
