31
60
52
55
26
34
50
30
33
51
30
52
43
34
51
31
48
35
32
51
31
29
24
50
48
42
34
45
45
34
34
39
29
47
35
57
33
42
43
45
47
31
27
33
37
67
59
33
34
62
32
47
55
42
33
37
64
60
43
42
35
35
53
22
37
32
32
33
25
34
33
32
53
32
52
34
37
39
38
48
54
65
36
29
45
47
42
56
54
51
35
58
58
41
37
41
40
30
32
32
36
34
29
46
54
63
36
64
51
36
28
61
45
65
40
35
40
38
43
34
28
29
32
38
59
51
33
27
56
36
32
30
33
34
37
39
41
48
32
53
68
50
35
22
30
39
47
29
40
33
39
27
33
63
51
53
30
25
48
40
31
63
50
50
34
63
37
37
48
32
75
37
32
36
65
33
33
18
35
41
24
34
59
26
33
58
63
34
33
35
52
57
70
43
55
33
24
56
57
37
65
50
37
38
39
33
44
27
31
33
33
44
59
54
52
26
33
38
61
60
29
32
34
56
36
58
30
31
34
34
72
41
38
27
31
43
31
37
34
49
33
64
28
32
29
40
37
29
32
58
51
41
29
41
40
57
42
36
51
40
40
57
37
54
45
32
36
60
30
31
50
51
27
46
62
35
32
41
39
30
54
36
58
51
26
47
33
51
43
39
36
33
43
33
32
37
46
33
36
64
31
29
35
42
64
62
23
63
31
29
33
30
34
50
30
49
29
53
34
40
34
48
42
30
52
33
48
29
48
29
40
48
34
68
23
41
31
32
56
60
39
31
34
40
35
26
36
33
34
50
23
25
47
56
36
51
42
32
33
56
27
50
48
37
26
46
32
34
72
55
25
42
39
42
49
54
25
40
35
47
24
57
23
34
53
67
39
37
50
37
36
44
45
26
37
44
29
35
53
39
30
54
26
32
38
39
29
29
23
42
42
59
31
25
52
31
50
32
28
33
33
35
28
30
47
41
49
33
50
35
65
56
39
30
37
51
34
37
40
56
40
58
42
29
34
36
36
40
35
53
32
44
56
19
23
30
43
32
78
41
40
66
37
57
39
52
60
40
61
45
48
52
39
55
31
44
44
57
41
41
42
52
53
63
60
38
48
50
55
55
27
61
48
57
57
64
35
50
56
57
