50
36
32
37
42
52
28
36
30
39
27
29
34
52
35
50
34
29
31
36
47
30
33
54
27
29
49
41
36
34
38
36
55
37
34
29
34
51
49
39
47
31
32
38
41
54
38
28
44
38
40
40
40
47
31
49
26
28
35
36
31
53
35
30
33
37
34
24
34
49
41
32
43
24
26
39
39
47
52
33
39
61
27
38
30
34
50
42
36
51
29
53
35
36
55
23
38
35
37
54
53
36
34
35
34
50
26
38
35
33
33
44
31
48
32
30
26
32
35
36
38
25
33
23
49
35
29
60
53
41
36
28
21
34
31
55
34
30
47
33
38
60
22
50
28
43
37
37
40
36
33
50
53
33
56
40
33
35
49
47
34
41
21
30
30
41
36
23
29
39
56
43
36
31
27
26
55
42
31
34
34
38
30
55
35
31
34
45
36
35
38
53
61
49
44
28
56
36
48
26
49
56
54
33
54
24
29
42
56
24
32
48
29
34
27
40
33
31
38
39
31
37
30
34
30
38
23
34
33
36
41
33
28
33
28
52
39
39
35
53
35
57
25
34
33
27
31
40
35
36
57
42
29
28
33
41
34
25
43
28
38
25
48
29
52
47
39
31
41
37
36
57
30
39
35
38
35
29
50
63
34
42
26
26
39
32
22
25
31
45
45
41
40
33
37
41
46
55
44
58
37
38
34
22
49
32
29
37
33
28
32
45
49
24
39
50
30
28
35
24
39
59
38
38
32
42
33
39
35
36
29
43
44
29
29
32
35
49
32
37
50
41
40
35
38
47
28
32
19
43
27
37
36
55
50
33
48
42
33
36
31
50
54
29
42
31
26
32
49
36
31
31
41
60
30
62
46
36
31
50
35
46
29
46
47
55
60
59
51
36
35
31
44
34
47
27
39
58
54
31
48
50
44
34
30
34
21
31
26
40
45
41
38
51
34
35
32
29
22
33
30
31
30
50
26
23
45
33
44
35
41
50
29
47
29
38
51
35
52
32
37
28
30
25
38
25
50
30
27
31
53
40
36
56
40
32
58
51
34
52
32
37
30
27
39
27
28
42
36
27
26
31
29
36
32
33
30
19
36
38
34
31
33
34
31
33
33
33
28
28
37
37
43
42
35
33
36
26
34
25
