37
36
37
45
29
38
29
46
37
44
23
49
34
39
57
39
49
37
25
53
38
20
46
24
46
27
40
40
17
43
15
54
55
28
38
31
29
51
31
46
55
47
30
38
48
53
47
17
30
33
52
32
51
55
27
58
53
36
54
35
34
59
33
38
35
28
14
57
61
40
39
29
11
56
55
30
35
40
44
49
53
33
11
38
47
47
22
53
41
38
54
50
42
46
57
59
44
52
30
28
19
34
47
38
41
6
50
50
24
34
24
57
46
34
14
52
26
33
25
26
39
27
27
8
46
38
13
49
31
21
41
31
54
39
51
38
19
53
33
30
27
12
28
23
50
39
45
53
54
54
32
36
24
37
17
30
42
55
43
41
29
28
49
28
32
48
47
41
36
52
42
34
19
40
37
39
51
38
47
42
42
57
56
50
41
46
9
55
55
11
36
27
52
44
46
19
21
18
21
40
46
47
17
55
38
41
27
53
26
11
47
36
48
28
21
4
57
24
18
27
33
25
31
50
49
20
51
51
44
25
19
34
47
52
43
24
41
22
44
40
50
24
23
31
42
38
33
21
27
27
29
29
43
42
39
17
42
60
37
36
36
19
31
32
24
40
42
25
51
38
58
27
18
32
44
56
18
40
55
37
17
31
56
26
38
42
47
15
23
12
52
49
31
16
43
34
20
48
28
34
51
44
40
37
43
23
34
54
34
22
60
53
24
35
37
44
50
48
38
27
44
32
42
30
44
63
41
26
33
51
36
20
34
46
39
32
49
31
21
48
37
53
35
19
35
44
23
8
37
24
44
37
37
27
35
29
56
35
22
48
31
22
39
39
47
34
40
27
33
22
35
33
37
32
23
57
35
36
51
46
33
52
50
27
27
20
40
51
49
12
8
27
8
28
29
17
27
52
52
24
49
50
47
52
34
26
33
25
25
53
29
52
18
43
44
25
32
46
40
30
49
29
37
51
49
35
48
25
63
53
29
38
41
33
6
28
47
40
8
22
23
54
39
30
27
36
37
48
54
48
44
51
24
27
56
18
32
37
37
50
52
34
33
39
36
31
33
47
30
34
59
24
33
20
47
40
19
40
27
28
53
24
29
18
35
32
34
53
43
39
31
45
28
36
53
51
52
42
46
47
