54
46
39
72
67
45
31
31
35
25
42
61
38
31
55
36
30
30
42
30
44
47
34
43
39
58
39
38
44
59
43
48
57
52
52
27
27
49
36
45
35
25
47
56
29
50
28
55
31
33
37
35
65
34
37
57
66
37
35
32
68
47
31
27
36
35
46
47
36
51
43
47
29
38
56
43
32
44
29
34
40
30
28
29
42
47
40
30
52
68
63
37
60
32
28
41
34
74
30
30
33
32
35
34
37
38
57
58
30
40
30
40
52
49
31
34
43
60
33
55
29
31
30
34
35
38
47
51
31
31
35
59
35
47
27
39
33
58
43
53
50
34
37
31
39
35
47
50
48
51
60
42
35
41
26
77
28
30
59
67
38
40
38
30
56
28
31
55
48
35
55
27
57
57
29
33
32
55
40
40
54
27
65
32
72
44
39
25
48
62
52
28
31
41
64
25
54
47
39
55
53
51
36
66
25
64
49
58
30
49
41
34
36
49
33
46
55
64
38
24
53
36
33
28
63
34
42
62
29
31
57
49
40
36
36
24
28
56
36
32
38
39
44
65
51
31
30
34
37
31
33
44
44
31
35
54
31
35
35
59
38
41
48
26
49
39
42
41
51
50
31
37
63
40
32
37
51
36
46
29
49
48
52
44
38
31
61
62
36
29
36
26
54
33
34
56
29
27
59
39
33
48
36
25
39
45
51
24
28
38
31
38
35
52
25
35
60
34
47
31
66
37
35
24
36
60
31
39
64
49
31
35
27
35
48
42
39
42
27
51
43
59
44
50
52
60
31
37
28
42
29
47
35
30
52
27
30
25
35
46
42
53
39
31
36
49
35
41
48
34
45
30
33
54
61
37
34
31
32
57
60
49
54
58
57
30
56
51
42
68
49
24
47
52
32
41
38
63
35
37
31
47
30
60
62
55
28
56
56
41
34
34
52
24
45
61
31
31
31
42
54
30
50
31
74
67
31
53
19
55
19
59
47
28
31
33
27
55
59
36
45
35
38
53
39
30
31
41
38
55
31
38
43
53
31
41
37
50
41
35
41
35
65
27
33
50
37
49
50
52
30
28
33
50
37
55
50
22
53
39
28
39
28
46
55
53
46
45
44
30
34
38
38
61
38
63
52
29
76
36
