45
49
49
27
36
37
46
54
55
51
46
47
48
37
53
47
52
32
55
58
53
34
29
54
57
61
56
55
32
44
53
47
34
47
53
54
50
57
59
52
47
28
50
31
50
57
20
33
52
51
53
31
50
53
54
32
54
49
48
52
51
32
38
47
42
57
35
23
56
50
55
55
52
35
44
27
34
38
46
46
55
47
57
50
49
39
31
31
51
51
29
44
50
42
42
38
27
34
60
58
55
52
29
43
44
40
54
60
53
30
44
50
48
63
31
46
39
49
33
39
48
53
56
40
48
47
57
46
52
36
39
34
49
33
52
52
52
44
53
52
43
44
46
49
49
63
33
53
41
38
37
48
54
48
44
56
50
52
27
59
47
53
32
19
23
53
53
37
24
38
29
51
52
42
40
46
47
53
47
52
50
57
50
45
51
30
49
62
29
37
42
57
50
48
54
49
48
52
50
47
47
57
47
46
49
59
28
35
57
50
63
43
36
47
32
47
47
34
47
20
49
31
47
45
51
42
54
49
49
33
45
46
64
46
35
47
48
44
57
50
41
57
45
55
55
52
34
48
54
53
27
52
42
48
56
55
51
53
49
35
41
47
53
31
37
29
36
46
38
56
52
58
32
53
49
49
45
49
46
49
50
36
51
38
29
36
42
35
31
50
53
33
37
52
55
45
56
52
49
51
43
52
52
61
49
53
54
30
48
50
51
44
41
51
32
47
51
48
49
49
46
56
57
36
50
43
53
48
51
39
48
33
57
49
37
56
53
33
50
24
53
56
58
47
46
52
43
47
42
53
55
46
49
33
43
53
50
57
34
54
55
46
52
56
52
46
49
56
53
51
46
38
57
34
56
52
53
29
59
54
51
50
51
47
56
50
52
52
55
46
54
55
53
51
51
52
52
51
33
32
49
46
41
39
57
50
43
53
55
49
43
46
51
34
41
48
54
27
48
36
52
55
47
59
55
48
59
44
38
45
55
53
54
45
44
50
31
47
53
54
52
30
46
36
47
50
22
52
34
50
44
43
34
53
47
56
42
44
25
44
45
53
47
36
51
49
47
51
50
42
55
33
51
29
55
52
31
48
24
36
48
51
57
50
29
54
48
55
51
52
35
31
49
50
39
36
37
32
38
39
