36
32
37
42
28
50
52
39
36
52
50
47
54
49
55
51
30
49
47
54
44
47
49
53
27
49
43
29
34
35
52
61
50
51
34
53
29
31
55
54
53
50
48
36
60
53
55
30
47
60
50
43
50
53
33
56
40
49
47
56
55
42
27
38
55
45
53
61
49
29
44
56
41
48
49
36
56
54
34
38
54
42
36
56
48
52
39
37
53
57
34
57
48
29
52
34
39
47
41
31
57
63
45
41
32
46
55
44
58
49
38
45
49
50
59
41
44
49
50
38
47
55
28
50
48
42
38
50
54
49
60
40
62
46
50
46
46
47
55
60
59
51
47
58
54
48
50
44
40
45
51
50
40
45
50
47
51
52
50
31
53
56
58
51
52
55
43
26
44
28
35
53
46
49
48
52
51
45
36
48
54
61
49
52
52
46
56
50
45
50
44
54
39
51
49
51
57
52
49
49
31
50
52
35
52
57
47
48
45
49
48
49
47
45
55
40
48
45
30
33
37
58
34
52
51
48
52
24
34
47
55
47
41
43
54
52
32
59
57
42
41
24
26
43
39
45
39
54
44
51
50
52
52
54
48
54
49
49
49
47
55
44
45
53
52
45
55
51
47
49
33
45
57
57
44
44
47
39
43
43
55
36
52
49
27
38
57
48
30
44
52
52
47
49
34
53
51
53
51
42
44
36
54
55
53
29
48
46
56
41
51
44
47
54
50
53
35
49
46
59
36
50
53
23
45
38
52
58
47
35
51
47
50
52
58
46
37
36
60
34
51
52
35
36
34
26
47
50
57
38
49
49
35
47
48
33
49
48
48
53
51
52
52
49
52
60
58
33
44
47
31
50
51
32
30
55
49
59
51
45
49
55
52
26
49
48
32
48
54
40
35
49
44
36
38
25
44
53
52
48
33
23
45
49
35
57
56
29
48
41
54
56
54
36
49
28
50
52
51
21
52
51
57
56
52
34
43
46
59
59
56
39
31
44
49
34
49
53
30
55
51
49
45
33
45
43
38
52
60
45
46
55
50
22
28
41
44
49
56
55
55
37
54
48
51
45
50
59
48
59
37
40
47
36
62
50
49
39
33
52
49
46
48
33
58
33
35
34
41
52
56
21
50
57
30
59
46
30
41
36
