27
33
45
38
35
30
35
64
30
40
24
38
34
41
38
32
26
42
19
17
19
66
41
32
22
16
51
59
62
49
41
44
59
51
21
32
47
65
23
25
34
33
36
28
35
68
22
48
23
12
18
20
36
50
38
34
18
37
42
50
34
68
50
61
28
33
40
21
26
44
56
31
26
26
32
31
50
35
47
38
34
36
42
34
43
56
17
26
39
31
30
25
26
54
52
46
35
31
35
24
65
48
27
26
53
26
48
36
40
59
41
23
37
60
19
50
37
44
36
31
37
28
36
45
32
48
49
54
59
38
11
36
57
30
43
33
38
20
29
28
47
34
24
39
32
33
54
55
44
37
43
18
27
44
25
17
27
35
49
49
42
32
37
37
30
32
5
45
24
37
28
47
52
25
54
33
41
14
23
30
41
46
37
51
41
26
31
66
18
38
22
58
19
26
19
48
41
37
63
46
50
33
44
54
42
23
48
33
30
33
24
38
54
28
37
43
39
48
52
36
41
33
33
53
53
32
50
28
25
41
20
38
29
25
22
39
27
37
42
55
55
49
52
21
41
45
48
55
47
31
35
35
28
30
36
25
20
44
22
48
29
24
50
52
30
21
36
18
37
28
55
44
69
34
26
35
26
43
52
21
33
22
19
32
16
42
37
56
38
49
27
45
78
36
24
27
55
34
17
45
12
46
14
36
44
61
39
39
40
36
35
50
37
19
22
63
32
46
51
57
25
39
40
53
43
34
36
44
47
42
75
25
24
44
46
59
59
19
36
47
40
35
42
59
40
39
50
64
62
56
51
45
28
23
37
36
31
37
43
16
39
49
49
37
14
21
38
43
56
44
42
49
24
54
58
24
49
20
26
41
31
26
23
41
40
54
39
21
34
39
49
49
29
37
57
24
28
44
27
52
42
39
57
42
32
57
50
48
43
36
28
60
24
41
33
47
27
37
42
51
39
57
47
49
55
40
29
33
29
26
44
24
32
15
29
43
29
34
44
34
49
27
42
49
41
26
37
42
30
24
13
28
24
42
36
50
28
33
31
35
56
31
35
29
32
32
46
38
54
50
29
22
28
29
31
17
38
45
56
36
28
48
32
46
49
36
39
21
53
54
51
57
38
54
43
41
36
46
56
47
