40
49
48
50
50
45
60
48
47
45
47
48
47
51
49
50
47
40
48
52
44
49
54
52
42
50
58
55
50
49
49
53
46
50
44
54
38
51
50
53
50
48
60
49
52
47
53
47
46
46
49
52
52
50
50
45
47
52
47
45
42
46
51
49
44
44
54
47
55
57
39
53
49
52
57
59
48
52
53
57
57
55
52
50
47
47
50
52
45
51
51
57
54
46
53
45
60
53
50
49
59
49
55
50
46
46
50
54
53
54
47
50
48
49
51
51
49
56
47
47
51
45
52
51
51
51
43
51
48
43
50
45
56
55
48
53
52
50
50
63
42
47
42
44
41
48
39
53
45
54
45
57
38
53
48
47
46
49
50
48
54
61
61
51
49
58
52
43
46
45
45
41
42
44
59
46
46
52
54
55
50
55
56
51
47
52
47
48
50
48
49
57
45
51
47
46
49
53
48
48
49
46
43
54
52
50
55
47
53
42
52
55
50
51
50
48
49
51
48
45
53
59
47
60
47
43
50
53
55
51
45
52
57
54
55
58
55
55
45
50
47
50
55
48
49
49
50
56
49
51
31
44
46
43
41
40
65
46
56
49
51
44
49
55
49
53
57
62
51
34
59
59
46
52
58
60
59
63
71
29
50
23
69
64
48
36
38
67
46
57
59
46
46
54
62
57
43
44
57
48
55
49
54
54
62
47
53
51
44
51
51
47
45
43
41
52
29
55
45
63
67
58
37
46
65
38
38
54
39
57
59
27
63
61
52
64
55
48
65
40
46
38
71
37
50
59
41
60
50
52
46
41
63
49
52
59
43
45
47
57
76
60
63
43
56
46
56
43
40
51
67
54
55
53
63
52
49
48
40
68
41
64
54
35
49
55
55
52
29
60
42
53
53
54
66
45
44
54
55
41
35
59
56
35
55
47
52
53
42
47
41
51
59
41
23
49
52
60
62
55
62
52
43
51
51
45
49
50
45
44
60
43
34
42
51
48
44
58
50
52
25
64
48
34
33
52
46
45
54
48
42
52
65
40
46
51
59
29
47
60
63
36
63
55
54
53
48
43
41
33
48
58
45
49
58
37
74
64
54
46
47
67
40
49
42
41
60
49
39
43
35
50
50
48
46
49
44
61
47
49
