49
27
51
33
54
53
58
39
45
69
38
35
55
44
42
48
70
30
62
35
46
52
42
30
24
42
47
63
36
38
34
64
41
37
45
60
32
59
63
26
42
19
64
17
69
19
50
41
49
37
45
40
44
64
58
55
32
22
50
59
51
16
60
49
58
41
62
52
39
52
43
57
44
46
43
71
46
48
62
21
57
58
43
58
32
47
62
23
29
46
58
32
47
25
58
39
53
51
57
35
51
39
48
35
69
34
33
40
43
52
28
35
53
51
47
54
56
48
35
41
62
49
47
41
33
53
48
60
37
22
75
57
23
12
59
18
40
46
41
20
38
36
61
44
62
29
50
65
38
34
18
53
57
66
48
65
36
37
39
28
54
56
42
50
39
50
40
34
47
60
43
41
42
59
59
50
28
33
51
44
41
40
61
60
51
36
50
43
54
60
21
47
26
49
31
52
57
54
53
36
62
30
26
52
40
26
54
37
52
32
22
57
52
31
35
54
47
38
58
46
50
34
36
60
47
58
42
66
49
47
34
43
31
38
17
26
39
56
63
57
71
31
43
70
24
60
63
30
33
52
60
25
48
53
43
38
49
38
64
54
60
26
35
31
51
35
24
48
64
50
73
53
67
56
27
50
50
59
49
49
61
52
54
26
26
37
57
58
59
52
67
51
50
39
36
29
35
48
40
40
36
46
51
41
50
58
45
59
41
23
35
36
63
37
19
47
32
46
50
44
53
36
37
45
65
47
59
38
28
60
42
56
55
36
45
62
32
48
54
54
59
55
51
53
36
62
49
53
46
65
42
38
43
11
36
62
43
40
33
57
38
47
20
60
71
32
56
60
59
39
31
37
58
29
57
42
57
68
53
28
47
51
66
46
50
52
64
57
37
60
57
53
34
50
43
48
52
66
47
68
36
24
41
44
39
41
32
41
53
63
45
37
70
50
33
44
37
57
43
18
41
47
56
55
50
42
49
44
62
25
63
17
27
35
66
58
50
49
69
67
58
61
43
62
42
40
56
48
54
32
39
52
37
57
49
43
50
38
50
43
37
46
38
53
54
30
58
45
62
51
47
55
53
53
47
51
70
39
38
45
42
59
44
43
44
32
52
55
61
45
40
34
41
46
57
58
56
66
43
44
