27
49
36
51
54
37
53
32
34
29
32
34
58
39
28
31
20
33
31
32
69
32
38
55
35
44
23
35
42
27
48
70
34
38
39
31
62
46
31
52
29
38
42
27
42
34
29
30
31
33
47
39
40
36
39
34
33
44
33
63
38
36
64
37
37
27
32
19
23
45
37
24
38
29
40
30
60
59
29
28
35
43
36
32
63
64
34
69
50
49
37
45
20
40
44
64
58
31
33
55
35
34
50
48
27
59
35
31
37
51
60
29
36
32
58
62
36
52
38
29
36
39
35
52
31
33
37
30
41
32
36
39
43
33
57
37
33
24
46
43
33
43
34
38
34
71
29
33
46
32
48
34
27
36
62
38
31
30
36
22
34
34
44
25
36
33
29
57
31
24
58
36
29
35
31
39
43
36
37
32
38
39
33
39
32
35
36
32
41
28
31
58
35
32
62
38
32
39
31
38
34
33
36
29
33
46
27
58
32
37
35
47
58
31
30
36
39
34
53
51
57
35
32
40
30
33
32
25
29
29
39
28
51
36
31
33
50
39
34
34
35
37
24
38
39
41
35
33
48
29
38
31
30
38
28
36
35
34
37
30
37
32
36
35
34
23
69
40
43
31
52
27
30
34
28
39
33
36
35
30
29
35
53
51
47
30
34
54
31
38
56
38
34
32
48
29
41
35
31
38
29
33
36
29
41
31
62
40
34
27
32
49
39
47
33
41
30
29
28
28
36
29
33
31
33
41
35
41
37
27
53
34
34
27
48
28
33
43
29
33
29
36
39
32
60
28
32
37
36
26
75
28
57
59
40
32
32
28
40
46
34
35
29
37
41
27
38
32
30
61
32
37
29
44
28
62
29
34
19
28
35
43
39
65
25
31
37
31
30
53
35
24
30
34
29
23
29
57
34
66
34
40
32
22
32
48
35
37
29
39
34
31
41
65
36
30
36
36
36
40
44
40
39
28
54
30
32
41
37
33
56
37
39
29
31
32
33
34
50
32
40
35
47
60
43
35
46
24
28
27
34
41
42
31
24
34
35
31
38
30
29
34
26
38
38
28
31
34
41
26
33
36
41
36
34
30
34
42
36
32
31
37
30
42
33
38
41
39
34
32
37
34
37
28
33
32
33
29
32
33
