50
52
39
52
39
50
31
31
35
47
25
38
31
54
49
55
30
51
49
47
54
30
44
47
49
53
49
43
52
61
50
51
53
55
42
54
53
30
50
48
60
53
55
47
60
50
43
44
34
39
50
39
53
56
40
38
49
47
43
56
55
27
42
38
27
55
45
53
61
49
36
45
44
56
48
49
35
56
54
25
54
42
56
48
52
39
53
57
57
29
48
52
47
28
41
57
63
45
41
31
46
55
44
58
33
49
37
45
49
50
59
44
49
50
47
34
55
37
50
48
35
32
42
50
54
49
60
62
46
31
27
36
50
35
46
46
47
55
60
59
36
43
51
47
58
54
48
50
44
45
51
29
50
45
50
47
38
51
52
32
50
29
53
56
34
58
51
40
52
55
43
44
53
46
49
30
48
52
51
45
28
29
48
40
54
61
49
52
52
46
56
50
45
50
44
54
39
51
49
51
37
28
34
57
30
30
52
33
49
49
32
50
35
34
52
37
52
57
47
48
45
38
49
48
30
49
47
45
55
40
48
45
58
52
51
48
52
47
55
47
43
30
54
52
59
57
42
41
31
34
43
45
54
33
44
51
50
52
52
54
48
29
54
31
49
30
49
49
34
47
55
44
45
53
52
35
45
55
51
49
45
57
57
44
44
38
47
43
43
55
36
52
49
31
57
31
48
44
52
52
47
49
35
53
51
53
51
44
54
55
35
53
48
46
56
27
41
51
44
47
54
50
39
33
43
34
53
49
37
46
59
50
53
45
31
35
52
58
47
51
47
42
50
52
58
46
60
35
51
52
36
41
47
26
28
50
57
49
49
47
48
49
48
48
53
51
30
52
52
49
52
60
58
47
50
51
55
49
59
51
45
49
55
38
52
49
48
48
54
40
49
44
44
53
52
48
40
30
45
28
57
56
48
31
54
56
35
54
49
50
52
51
52
51
57
27
29
33
32
56
52
43
46
59
59
56
40
39
44
49
49
27
53
55
51
49
45
45
43
52
60
32
39
45
46
25
55
28
31
25
50
47
41
44
49
39
56
36
55
55
54
48
25
51
45
30
50
59
48
59
47
41
62
50
33
49
39
52
49
46
48
58
52
38
56
50
24
33
28
34
29
31
57
59
40
46
36
36
24
28
