45
49
49
37
46
54
55
51
46
47
48
53
47
52
55
58
53
54
57
61
56
55
44
53
47
47
53
54
50
57
59
52
47
50
50
57
52
51
53
50
53
54
54
49
48
52
51
47
42
57
56
50
55
55
52
44
46
46
55
47
57
50
49
51
51
44
50
42
42
60
58
55
52
43
44
40
54
60
53
44
50
48
63
46
39
49
48
53
56
48
47
57
46
52
49
52
52
52
53
52
43
44
46
49
49
63
53
41
48
54
48
44
56
50
52
59
47
53
53
53
51
52
42
46
47
53
47
52
50
57
50
45
51
49
62
37
42
57
50
48
54
49
48
52
50
47
47
57
47
46
49
59
57
50
63
47
47
47
47
49
47
45
51
42
54
49
49
45
46
64
46
47
48
44
57
50
41
57
45
55
55
52
54
53
52
42
48
56
55
51
53
49
41
47
53
46
38
56
52
58
53
49
49
45
49
46
49
50
51
42
50
53
52
55
45
56
52
49
51
43
52
52
61
49
53
54
48
50
51
44
51
47
51
48
49
49
46
56
57
50
43
53
48
51
48
57
49
56
53
50
56
51
65
64
48
43
61
66
50
37
53
60
55
56
50
61
36
57
35
58
56
62
56
49
48
46
40
60
59
62
24
56
40
47
57
49
50
60
59
47
65
58
47
29
49
38
49
63
35
39
45
51
54
58
54
61
64
62
61
64
35
70
67
45
27
72
52
46
68
49
46
48
45
35
51
62
53
50
68
35
50
42
57
59
62
48
59
49
55
43
35
59
54
37
64
49
33
38
64
52
38
35
57
51
56
54
55
43
48
62
51
40
52
40
52
60
40
60
39
61
33
48
50
55
49
68
51
55
37
25
43
56
56
53
54
48
37
57
68
42
44
30
52
46
52
50
34
52
44
51
61
58
56
37
37
54
45
53
49
40
56
41
58
52
62
41
33
62
42
46
60
50
36
39
44
55
41
50
32
41
70
33
54
34
49
57
53
53
51
58
43
31
75
53
33
53
53
65
76
35
42
40
58
55
59
53
44
39
39
45
30
61
39
39
52
42
49
43
55
44
55
56
60
52
68
34
53
52
52
49
57
47
45
59
49
46
48
46
68
35
61
39
53
50
56
51
70
58
43
42
