32
30
40
49
51
54
53
33
58
37
39
39
69
28
40
35
35
32
55
44
27
38
21
36
32
42
32
48
32
70
36
31
31
37
31
62
37
35
46
52
30
42
34
25
35
35
27
42
33
47
28
63
28
24
34
28
40
28
28
32
23
36
33
35
33
36
30
35
64
37
44
30
35
37
30
32
45
34
34
30
39
33
24
34
23
37
28
36
34
60
40
28
22
29
23
34
33
30
59
38
37
25
29
38
28
63
64
38
39
69
32
50
49
37
31
29
35
27
24
33
45
40
29
35
40
23
44
22
32
30
35
33
64
58
29
37
35
38
37
55
34
30
31
50
33
27
59
36
37
30
51
37
30
31
36
33
36
26
41
24
60
41
37
40
58
62
34
35
40
36
29
52
26
36
36
33
39
38
33
52
43
31
31
57
26
34
34
40
34
46
30
29
32
24
43
29
71
46
29
48
30
62
23
57
36
34
58
33
40
32
43
32
32
31
24
33
32
31
28
24
58
40
41
26
35
62
32
29
29
21
37
36
32
29
29
37
46
35
28
58
29
32
37
42
33
47
29
32
29
39
38
58
29
33
39
35
53
33
41
51
41
57
35
51
39
35
29
36
48
35
36
38
69
40
31
31
43
25
35
31
32
36
34
33
37
30
52
33
34
24
33
53
33
41
26
31
31
38
33
31
51
37
35
24
26
47
54
56
48
33
36
35
40
38
31
32
22
34
34
42
23
31
37
34
31
41
40
29
62
49
32
42
47
38
33
41
39
29
26
33
33
37
36
38
30
37
28
28
53
29
34
41
30
36
36
35
30
42
35
30
27
41
38
27
30
27
31
48
60
27
30
26
35
39
32
34
28
27
29
28
34
38
34
31
26
34
37
39
27
34
31
30
38
27
75
37
34
36
57
34
26
59
26
35
22
23
37
40
34
31
46
38
31
28
32
41
37
28
23
26
38
36
37
33
61
35
44
36
44
32
62
29
41
29
65
53
35
41
57
66
33
48
22
34
31
26
65
29
36
31
39
36
32
41
28
39
34
35
36
39
37
30
41
30
54
56
36
39
35
33
31
32
50
42
31
33
34
31
30
40
47
60
35
43
35
41
22
29
29
32
38
31
39
30
42
36
39
26
34
32
