29
43
48
57
43
63
39
51
31
31
62
45
35
68
25
38
46
48
65
43
45
31
47
48
46
41
56
40
71
57
57
34
52
45
79
69
47
30
55
60
30
75
39
60
33
42
44
59
40
45
48
52
49
49
57
49
54
61
30
45
51
58
44
65
57
38
34
34
46
57
39
70
41
49
54
65
39
43
50
38
41
51
58
43
27
52
56
45
51
27
52
50
36
60
48
38
69
45
68
35
80
25
53
29
38
39
55
28
43
31
59
62
54
56
50
51
54
39
33
55
37
37
42
57
48
55
34
59
47
37
35
53
65
61
57
35
45
32
65
44
57
31
27
36
35
62
68
55
36
48
46
40
50
53
54
44
45
45
53
51
43
29
59
38
32
43
56
49
52
29
52
65
34
63
56
53
58
40
63
47
32
30
65
28
45
29
51
45
50
46
58
40
62
69
49
57
52
63
43
61
40
64
50
31
66
54
41
50
37
45
43
51
54
28
47
34
49
30
30
59
49
57
30
60
48
54
33
32
64
62
47
47
35
73
43
61
49
52
48
67
34
41
37
77
51
58
38
57
45
30
53
45
30
66
31
56
54
62
74
34
33
50
43
47
56
51
39
51
62
43
73
34
51
56
69
37
29
59
66
56
55
54
48
53
71
52
31
49
30
50
49
34
54
41
35
29
40
60
38
39
52
53
31
60
55
31
35
53
35
36
27
51
39
35
45
57
66
29
50
38
41
62
33
65
43
34
52
51
37
58
31
40
61
46
35
42
35
45
52
53
41
45
58
53
41
26
36
30
63
40
55
30
28
48
43
65
53
30
65
38
53
42
64
69
35
40
48
30
53
41
28
31
48
55
44
49
43
27
39
72
20
57
35
53
54
27
51
53
29
41
33
28
40
64
58
32
62
40
43
58
27
51
58
47
32
35
57
60
39
54
53
25
70
28
50
52
48
38
41
42
48
31
25
34
42
45
62
44
47
65
39
50
39
46
61
36
25
44
54
54
30
55
60
41
33
45
36
38
24
33
55
54
28
38
38
57
34
49
62
54
33
29
46
55
63
31
54
56
59
49
61
54
40
36
60
50
36
24
48
63
28
47
49
50
42
47
40
47
36
43
27
60
59
59
38
38
37
72
63
51
