29
23
17
43
48
61
57
43
63
51
30
62
13
17
45
38
68
46
48
65
43
45
47
48
31
46
41
48
56
40
71
39
57
20
57
34
52
45
53
79
69
47
55
60
75
39
60
33
44
59
40
45
48
52
49
49
29
57
34
49
31
54
61
45
51
58
65
12
57
19
40
53
38
34
46
57
70
41
49
54
65
38
43
50
41
51
58
52
56
32
45
51
52
25
50
60
48
38
69
31
68
80
53
38
31
39
55
43
59
62
54
56
50
51
54
39
39
26
55
37
42
57
30
48
55
59
47
53
45
65
61
57
35
45
65
44
57
62
34
68
12
55
48
46
40
50
53
54
18
44
45
25
45
53
51
31
59
43
56
49
52
36
52
65
63
38
56
53
27
58
35
63
47
13
32
38
65
45
51
45
50
46
58
40
62
69
49
14
57
52
63
37
34
52
43
61
31
64
50
31
66
54
41
15
50
45
43
51
54
37
47
22
32
22
49
30
59
49
38
57
48
36
36
39
60
48
54
64
62
8
31
37
47
48
47
73
43
61
49
52
18
48
67
41
77
51
58
57
45
53
39
46
45
66
56
54
62
74
50
43
41
47
56
51
39
36
29
31
51
31
62
43
73
21
34
34
51
32
51
21
47
56
17
69
37
59
66
56
48
55
54
48
32
53
71
52
49
50
30
49
44
30
54
41
25
29
40
60
39
52
53
60
38
55
11
53
36
51
22
35
31
45
57
66
29
50
38
40
41
62
65
37
52
51
58
40
61
46
45
52
53
29
45
58
18
53
41
36
30
51
63
40
43
55
28
30
37
48
27
43
65
53
65
35
25
53
42
64
35
69
35
48
53
41
48
55
44
49
43
27
39
72
20
57
53
54
51
53
41
28
19
16
40
46
42
24
30
44
64
58
62
46
43
58
51
15
51
28
34
33
38
58
47
35
57
60
54
53
70
50
52
48
38
41
42
31
48
34
42
45
62
44
39
65
51
50
39
46
61
44
54
54
31
28
55
60
45
45
44
50
36
55
54
36
38
38
57
49
39
62
54
33
41
35
46
55
63
54
56
59
36
49
45
61
54
34
60
50
48
63
47
49
50
42
47
38
40
47
36
43
27
60
59
59
38
38
37
72
63
51
