54
46
72
67
39
45
42
31
31
35
25
38
31
61
55
30
30
42
36
30
44
47
34
43
58
44
39
39
38
43
27
27
36
45
35
25
29
28
31
33
37
34
59
37
35
48
32
57
31
27
36
52
35
36
52
43
29
38
32
29
34
49
47
56
40
50
55
30
28
29
35
40
37
28
65
57
34
30
66
30
37
33
32
68
47
46
35
34
37
47
38
30
30
51
31
34
33
29
47
56
31
30
34
35
38
43
44
31
31
42
35
35
27
39
33
43
34
37
31
35
47
30
42
52
68
63
35
60
41
26
28
30
38
32
40
41
30
28
31
35
27
29
33
32
40
27
32
39
25
74
28
31
25
47
39
36
57
25
30
41
33
38
24
33
58
28
34
40
29
31
40
40
36
36
52
24
28
36
32
49
43
60
38
44
55
31
30
34
37
47
31
33
31
35
31
51
35
59
35
38
26
47
41
58
31
53
37
50
40
32
37
36
29
38
39
31
36
47
29
36
26
33
34
29
27
39
50
36
25
48
39
24
28
51
38
31
38
35
60
34
31
35
24
77
36
31
39
31
35
27
35
39
59
27
31
37
28
29
35
30
27
30
25
67
35
42
39
31
38
36
56
35
55
48
34
30
33
37
34
31
55
57
32
30
57
24
55
32
38
35
37
40
30
28
54
41
34
24
65
72
44
45
31
31
31
30
31
31
48
19
19
62
52
41
28
31
64
33
54
27
36
35
38
39
30
31
31
38
31
41
37
35
55
35
53
51
27
33
66
30
64
49
33
37
22
39
58
28
45
28
25
34
34
32
32
34
49
34
37
42
39
34
38
31
36
27
38
34
26
49
36
46
29
35
44
36
32
55
28
31
35
36
64
36
34
37
53
32
39
29
37
36
31
25
26
63
31
42
29
26
62
31
57
23
40
49
33
31
36
40
32
27
34
37
27
29
31
32
31
37
56
35
26
32
38
44
29
32
39
32
31
34
35
65
31
32
51
44
44
31
29
31
54
37
42
59
36
33
34
34
41
48
35
49
29
33
35
32
33
39
28
37
43
28
30
42
39
30
41
34
19
28
28
34
40
34
28
18
35
33
29
40
31
30
32
34
20
37
32
31
25
27
38
43
35
29
39
28
29
28
