32
60
30
40
52
55
50
51
52
51
33
48
51
50
37
39
48
45
28
45
40
39
47
35
57
35
32
42
47
33
67
27
59
38
21
36
32
62
32
32
47
55
42
64
60
43
42
53
36
31
31
37
31
37
32
35
32
30
53
34
25
52
39
48
54
65
35
36
35
27
33
28
45
28
47
24
34
56
28
54
51
40
58
28
58
28
41
32
40
23
33
46
35
54
63
64
51
61
45
33
65
40
40
38
43
36
59
30
51
56
39
35
44
30
41
48
53
68
35
37
30
50
47
40
32
63
51
34
34
53
48
63
30
39
33
24
50
34
23
37
28
36
50
34
34
63
48
40
75
37
28
65
22
29
23
33
34
33
30
35
59
58
63
52
57
38
70
37
25
29
38
43
55
56
57
37
65
50
28
38
39
44
59
38
39
32
54
52
31
29
61
35
27
24
33
29
35
40
23
22
32
60
30
35
33
29
37
56
58
72
49
64
32
58
51
41
35
38
37
34
40
57
30
31
33
42
51
40
27
57
36
37
37
30
37
30
31
36
54
45
33
60
36
50
26
41
24
41
37
40
51
34
35
46
40
36
29
26
36
62
36
33
54
38
58
51
47
33
51
31
43
31
39
26
43
34
46
64
42
64
34
62
40
34
30
29
32
24
63
29
30
50
29
30
49
53
40
23
48
42
52
48
48
48
36
34
68
33
40
32
41
56
60
40
32
32
31
26
36
50
24
47
33
32
31
56
51
28
24
32
56
50
48
46
40
72
41
55
26
35
42
49
32
29
21
54
35
37
36
32
29
47
57
29
37
35
28
53
29
67
37
50
44
42
33
29
32
45
53
29
39
38
29
33
35
33
54
41
26
41
42
59
52
31
50
35
29
36
36
38
47
31
31
41
25
35
49
31
32
36
34
50
33
65
56
37
30
37
51
33
34
56
24
33
33
58
41
36
40
53
44
26
31
31
38
56
19
43
33
32
31
78
37
66
37
35
24
57
26
33
36
40
38
39
52
31
32
22
60
40
34
61
34
42
23
45
48
52
39
31
55
31
44
44
57
37
34
31
41
40
41
42
52
29
32
53
42
63
60
38
38
33
39
29
26
48
33
50
55
55
27
61
48
57
57
64
35
50
56
57
