29
43
48
57
43
63
51
62
45
68
46
48
65
43
45
47
48
46
36
41
56
31
38
40
71
57
57
39
34
52
45
79
69
32
47
55
60
75
35
39
27
60
33
44
59
40
45
48
52
49
49
57
43
49
54
41
37
61
45
51
58
65
57
38
41
34
37
46
57
70
41
49
54
65
43
50
41
51
58
32
52
56
45
51
52
50
60
48
38
36
69
40
68
29
15
80
53
38
39
55
43
59
62
54
56
50
51
54
39
55
37
48
42
57
48
55
59
36
47
53
27
65
31
61
57
35
33
34
41
45
28
65
44
57
62
26
34
68
36
55
48
23
46
40
50
26
53
54
44
45
41
45
53
51
59
43
56
49
52
38
52
65
31
63
31
38
56
53
58
63
47
52
32
65
45
51
32
25
45
45
50
46
58
40
31
62
69
49
57
52
63
43
39
61
64
50
31
66
54
41
50
20
44
45
48
43
51
54
47
49
31
30
37
59
49
57
60
48
54
64
28
62
47
47
73
30
43
61
49
52
29
27
20
39
48
67
41
77
51
43
58
57
45
37
53
45
45
33
66
28
56
43
26
54
62
74
43
50
43
47
31
35
56
51
39
27
51
62
43
73
34
51
56
69
29
34
37
59
26
31
66
56
29
55
54
48
53
71
52
49
50
27
49
54
41
29
20
54
40
60
39
52
17
53
60
55
53
36
23
41
51
35
45
57
45
66
26
45
29
50
13
38
41
62
65
52
51
58
40
61
25
46
45
52
53
30
45
58
32
38
53
41
31
36
30
63
40
55
30
48
43
37
65
53
22
65
37
53
42
64
69
35
19
48
53
41
48
55
44
21
48
49
19
35
43
27
39
72
20
56
57
53
35
54
51
38
53
41
28
50
49
40
26
64
58
24
56
35
62
43
58
51
38
58
47
35
32
57
60
54
53
70
50
52
48
15
37
38
41
42
48
38
34
42
42
45
31
62
44
65
50
20
39
46
61
44
39
45
54
54
29
55
60
45
39
36
40
55
54
38
38
57
34
49
62
54
33
46
55
63
37
54
37
56
59
31
49
40
61
54
60
50
48
63
36
33
47
49
50
42
47
35
26
44
34
40
47
36
32
43
27
60
59
59
38
38
37
72
63
51
