27
36
37
50
59
32
34
29
49
32
56
40
34
28
31
20
33
31
48
49
32
41
32
56
38
35
54
23
35
27
34
38
39
31
31
54
29
50
47
38
27
43
34
29
54
30
31
33
45
39
50
40
36
39
34
47
49
49
33
50
44
33
38
56
37
27
32
19
23
37
24
38
29
40
30
29
28
44
35
43
36
32
34
20
53
31
33
35
34
48
59
58
27
35
52
31
53
37
29
36
32
36
38
55
29
36
48
50
35
56
31
33
37
30
56
57
55
41
32
36
46
39
45
52
54
33
37
33
43
48
24
55
48
48
53
51
33
54
43
34
38
54
59
42
34
29
33
32
37
55
34
43
27
36
38
31
30
36
53
22
34
34
44
25
36
33
29
31
24
36
29
35
31
39
36
37
32
38
39
50
54
33
39
32
35
36
34
45
52
32
41
48
47
28
31
35
32
38
32
39
31
38
34
33
57
36
33
54
27
37
46
35
51
31
30
36
34
32
40
30
33
55
47
48
55
32
25
29
29
39
59
28
36
31
33
50
34
34
55
35
53
37
24
49
38
39
53
54
41
35
49
33
29
50
38
44
31
47
46
30
38
28
36
34
37
30
37
32
36
35
41
34
23
51
37
31
59
47
27
53
44
30
34
28
48
39
33
49
36
51
35
30
29
35
60
30
34
31
38
38
34
32
46
29
41
31
38
29
33
36
29
48
48
31
40
34
27
32
49
39
33
57
30
29
28
58
28
36
49
52
29
33
31
41
52
35
41
37
48
27
34
34
27
28
33
43
29
33
29
36
46
53
39
32
28
32
36
26
28
40
32
32
28
34
35
29
37
27
45
32
58
30
32
37
29
55
46
28
34
19
28
35
43
39
44
55
49
25
31
37
31
30
35
24
46
30
34
29
23
29
34
56
34
40
58
32
22
32
49
35
52
48
37
29
39
34
31
41
30
36
36
36
40
44
40
49
30
32
41
40
47
37
33
37
29
31
46
32
47
33
34
32
35
59
35
46
54
24
28
27
34
53
51
31
24
34
35
31
38
30
29
34
26
38
38
28
31
34
41
26
33
36
41
36
34
30
34
42
36
32
31
37
30
42
33
38
41
39
34
32
37
34
37
28
33
32
33
29
32
33
