48
29
29
46
17
28
43
48
57
28
43
63
51
40
62
20
45
68
46
48
65
26
43
45
41
25
47
48
44
46
38
41
56
21
40
71
41
57
33
57
34
52
45
30
79
69
32
31
29
47
33
55
60
75
26
32
40
19
39
60
19
45
36
33
44
59
40
45
48
52
38
49
29
43
49
57
32
45
18
49
54
27
41
61
17
45
51
58
27
34
30
20
65
33
44
57
32
30
34
38
34
46
57
70
32
38
41
49
11
54
65
43
28
50
41
49
30
51
58
52
51
23
33
56
44
24
45
41
24
51
14
52
50
34
25
45
14
60
48
38
69
29
68
80
53
38
37
39
55
15
40
35
35
39
29
42
17
43
59
62
27
40
54
56
35
34
33
56
50
51
14
51
30
34
39
46
23
42
54
39
7
55
37
32
39
48
42
31
39
57
49
47
48
55
59
47
53
31
65
61
32
27
32
57
35
35
45
26
17
28
20
65
44
28
57
17
25
62
36
44
68
33
55
48
41
31
46
25
40
50
37
21
22
50
53
32
26
54
44
49
22
42
33
16
45
45
53
38
43
51
23
59
43
56
49
52
52
27
65
51
63
36
56
53
23
58
27
36
24
32
63
47
32
65
49
21
41
45
51
17
45
43
50
46
22
15
28
22
29
22
35
58
47
40
26
41
62
69
49
27
24
45
38
30
21
57
32
52
63
47
43
61
36
26
64
50
9
31
36
42
18
66
33
44
29
29
41
54
41
41
50
22
45
34
43
51
41
54
24
47
49
48
15
30
59
18
35
49
57
41
60
48
21
54
39
20
64
62
47
47
73
43
40
41
61
49
52
28
38
48
67
41
77
23
51
58
57
45
53
45
66
26
56
54
38
62
74
50
44
51
43
36
47
47
56
31
51
37
33
39
55
45
51
51
62
43
73
26
21
22
34
51
56
36
69
20
18
24
32
37
47
32
59
66
24
33
31
56
55
54
48
51
53
18
45
49
35
71
52
38
35
49
50
36
28
49
20
35
54
39
41
31
40
29
19
37
38
32
40
60
35
39
52
37
53
60
55
53
36
51
35
53
39
45
57
45
66
34
24
5
29
31
50
38
41
62
65
52
51
58
22
28
40
46
19
43
50
40
28
38
