60
27
33
52
45
55
50
38
35
30
51
35
52
51
48
51
50
48
30
45
45
39
24
47
57
42
47
38
33
67
34
59
62
41
32
26
42
47
55
42
64
60
43
19
42
17
53
32
19
41
32
32
53
22
52
39
16
49
41
48
44
54
65
36
45
21
47
32
56
54
51
58
47
58
41
23
40
46
25
34
54
33
28
35
63
22
23
12
18
64
20
36
50
51
61
45
65
40
38
34
40
38
18
43
37
59
42
50
34
50
28
51
56
39
41
48
33
53
68
40
50
21
26
31
26
26
47
32
40
63
51
53
31
48
63
50
50
34
35
63
47
38
34
36
42
34
17
48
75
26
39
37
65
33
31
30
35
25
59
26
35
58
31
63
35
24
48
27
52
26
26
36
57
40
70
41
43
55
56
57
23
37
19
50
44
36
37
65
37
28
50
38
39
36
44
59
54
52
61
45
60
32
56
48
54
38
11
36
43
58
72
49
33
64
38
32
58
51
20
41
40
29
57
28
47
42
34
24
39
51
40
57
37
32
54
45
33
60
44
37
50
51
43
18
46
44
62
54
25
58
17
27
51
47
35
49
51
42
43
39
32
43
37
46
37
30
5
45
24
64
37
42
64
28
47
62
25
54
63
30
33
50
41
49
53
14
40
23
30
41
48
42
46
52
48
37
51
41
48
26
31
18
48
38
68
22
19
41
26
19
48
56
60
40
26
41
36
50
47
37
56
51
32
56
50
33
50
48
44
46
42
23
48
33
72
55
30
42
24
28
49
54
37
39
48
52
35
36
47
57
53
67
41
50
44
45
53
54
33
33
26
42
32
28
59
25
52
31
50
47
41
49
50
41
65
20
38
56
37
29
51
25
22
39
56
27
37
58
42
36
55
40
53
44
56
52
19
21
43
32
41
45
48
47
78
66
31
35
37
35
57
28
30
36
25
39
20
44
22
52
29
60
24
40
61
45
48
30
52
39
21
36
18
55
31
37
44
44
57
41
28
41
44
42
34
26
35
52
53
63
26
43
60
38
52
21
48
50
55
33
22
55
19
27
32
61
16
42
37
48
56
57
38
27
57
36
24
64
55
35
17
45
12
46
14
36
50
44
56
57
39
39
40
36
35
50
37
19
22
32
