36
31
38
39
32
29
35
27
43
41
43
37
41
37
32
36
40
48
29
15
48
36
57
43
27
31
33
34
63
41
28
26
34
36
23
26
51
41
62
45
38
68
31
31
38
46
48
52
32
65
25
45
31
39
20
44
43
48
45
31
37
28
30
29
27
20
47
39
43
37
45
33
28
43
26
43
31
35
27
29
34
48
26
31
29
27
20
54
17
23
41
45
46
26
45
13
25
30
32
38
41
31
37
22
37
56
19
21
48
19
35
40
56
35
38
50
49
26
71
57
24
56
35
57
38
32
15
37
34
38
42
31
52
20
39
45
29
39
40
34
37
37
31
40
45
36
79
33
35
69
26
44
34
32
47
36
20
55
60
75
27
22
53
39
60
9
29
33
31
40
35
39
37
28
34
24
34
29
55
40
27
25
33
44
27
59
40
36
17
45
26
33
39
22
49
38
22
47
26
27
33
35
26
31
34
35
48
31
52
43
49
31
45
35
35
17
32
38
33
32
35
46
41
42
31
21
62
26
46
7
32
36
23
23
44
27
24
45
38
21
49
57
12
42
24
49
27
33
28
54
32
22
35
32
42
27
39
25
61
45
51
43
35
32
36
23
58
65
32
36
36
41
57
38
34
46
36
33
47
45
57
26
42
28
70
30
27
18
28
18
30
41
49
17
54
65
25
42
20
42
31
43
46
42
33
50
41
20
51
22
58
52
56
32
45
46
25
51
20
44
18
50
48
47
52
30
42
25
50
25
60
40
46
14
49
34
48
28
35
38
42
28
46
17
52
42
69
68
80
53
38
41
33
37
46
31
46
39
55
43
59
26
20
47
27
34
27
26
40
19
30
27
28
62
57
12
31
45
24
35
30
31
54
45
27
48
29
34
41
26
31
38
40
35
25
56
50
51
46
54
30
39
29
11
55
33
25
37
42
33
34
19
32
57
35
31
36
21
48
22
30
37
55
14
59
22
47
53
54
42
65
43
61
18
57
35
45
35
65
32
32
55
25
25
27
44
30
36
14
21
57
47
26
21
31
62
45
32
26
42
25
68
55
48
33
46
20
32
54
40
46
31
39
16
30
40
41
35
32
25
46
50
17
53
55
29
30
39
38
33
54
32
44
14
45
45
53
51
59
43
