32
30
56
40
33
37
39
28
53
40
35
35
56
49
41
32
27
38
21
36
32
51
32
32
36
31
55
31
37
31
37
35
30
34
25
35
35
27
33
51
28
28
24
34
52
28
40
28
28
32
23
48
33
35
33
36
30
35
47
44
30
35
37
30
45
32
34
47
53
34
30
39
33
24
34
23
37
28
36
34
40
28
49
48
22
29
23
34
33
30
38
37
25
29
38
43
28
38
39
32
46
31
29
35
27
48
24
33
29
35
40
23
22
32
48
48
53
30
53
35
33
29
37
35
48
38
37
34
30
31
33
48
27
36
37
30
37
30
31
36
46
33
36
26
52
53
43
48
41
24
41
37
40
34
35
40
36
51
29
26
36
53
36
46
33
38
33
31
31
26
44
50
34
34
40
34
30
29
32
24
29
29
30
23
36
34
53
53
33
40
57
32
32
32
31
24
33
52
32
31
28
24
40
51
56
41
26
35
50
32
42
29
21
37
36
32
29
29
37
44
35
28
29
58
37
48
42
33
29
32
29
39
38
29
33
35
33
41
41
59
35
43
29
36
36
38
31
49
31
25
35
31
32
36
53
34
33
43
50
37
30
33
34
24
33
33
59
41
26
31
31
38
33
31
37
35
24
26
33
36
40
38
31
49
32
22
34
34
42
23
31
53
37
34
31
47
40
52
29
47
53
32
44
42
38
33
39
29
26
58
50
41
33
37
36
38
48
30
37
28
28
29
34
41
30
53
48
36
52
36
35
30
46
42
35
30
27
41
38
45
27
30
27
31
27
30
26
35
39
32
34
28
27
52
29
28
34
52
38
34
51
31
26
34
46
39
27
54
34
55
31
30
38
27
37
34
54
36
34
26
26
56
35
22
23
37
34
54
31
56
38
31
28
32
37
28
23
26
41
36
37
37
33
35
36
44
32
29
41
54
51
46
35
41
49
33
22
34
31
55
26
29
31
36
43
32
50
57
41
57
39
43
34
35
36
39
49
37
30
50
55
41
30
36
35
33
31
41
32
42
31
49
46
47
33
34
31
30
35
35
22
54
50
29
29
46
32
38
55
31
59
39
30
36
47
39
26
47
50
34
53
32
47
57
50
49
54
53
44
48
51
55
53
54
49
47
64
49
60
56
