48
29
29
43
46
48
17
28
57
28
43
40
63
51
20
62
45
68
46
26
48
41
65
43
45
47
25
44
48
46
41
56
40
71
57
57
34
38
52
45
21
79
69
47
55
60
75
41
39
60
33
44
59
40
33
45
48
52
49
49
57
49
54
61
45
51
58
65
30
57
38
34
46
57
70
41
49
54
32
31
65
43
50
41
51
29
58
52
56
45
51
52
33
26
50
32
40
60
48
38
69
68
80
19
53
38
39
19
55
43
59
45
62
54
56
50
51
36
38
54
39
55
37
42
57
48
55
59
47
29
53
65
61
43
57
35
45
65
44
57
32
62
45
68
55
48
46
40
50
53
18
54
27
44
45
45
41
17
53
51
27
59
34
43
56
49
52
30
52
65
63
56
20
53
58
63
47
32
33
44
32
65
45
51
30
45
50
46
58
34
40
32
62
69
49
57
38
52
11
28
63
49
30
43
61
64
50
31
66
54
51
41
50
45
23
43
51
54
47
49
30
59
49
57
60
48
54
64
62
47
47
73
33
44
43
61
49
52
48
67
24
41
41
24
77
14
34
25
51
58
57
45
45
53
45
66
56
54
14
62
74
50
43
47
56
51
29
39
51
62
43
73
34
51
56
69
37
37
59
66
56
55
54
48
53
15
40
71
52
49
50
49
54
35
41
29
35
40
60
39
52
53
60
55
39
53
36
29
51
35
45
57
66
42
29
50
38
17
41
27
40
62
35
65
52
51
58
34
33
40
56
61
46
45
52
14
51
53
30
45
58
34
53
41
36
30
63
40
55
39
30
48
43
65
53
65
46
53
42
23
64
69
35
48
53
41
48
55
42
44
7
32
49
43
27
39
39
72
20
57
53
54
48
51
31
53
39
49
41
28
40
64
58
62
43
58
51
58
47
47
35
57
60
54
53
70
31
50
52
48
38
41
42
48
34
42
45
32
62
44
65
27
32
50
39
46
61
44
54
54
55
60
45
35
36
55
26
17
28
54
38
38
57
20
28
17
49
62
54
33
46
55
63
54
25
36
56
59
49
61
54
60
50
48
44
33
63
47
49
50
42
47
40
47
36
41
43
27
60
59
59
38
38
37
72
63
51
31
25
50
37
21
22
32
26
49
22
42
33
16
