29
39
31
31
35
25
43
38
31
48
30
30
57
42
30
44
43
34
63
39
39
51
38
43
27
27
36
45
35
62
45
68
46
48
25
29
28
31
33
65
37
34
43
37
45
35
32
31
47
27
36
35
36
43
29
48
38
32
29
34
40
30
46
41
56
28
40
29
40
37
28
34
30
30
33
71
57
57
34
32
35
34
52
37
45
38
30
30
31
34
33
29
31
30
79
34
69
35
38
31
47
55
31
35
35
27
39
33
43
60
75
39
34
60
37
31
35
42
35
41
33
26
28
30
38
40
44
30
28
31
59
35
27
40
29
33
32
40
27
32
39
25
45
48
52
28
31
49
25
47
39
49
36
25
57
30
41
49
33
38
54
61
24
33
28
34
45
29
31
40
51
58
36
65
57
36
24
28
36
32
38
38
44
31
34
46
57
30
34
37
31
33
31
35
31
35
35
70
41
38
49
54
26
65
41
31
43
37
40
50
32
37
36
29
38
31
36
29
36
26
41
33
34
29
27
39
36
25
51
39
24
58
28
52
38
31
38
56
35
34
31
35
24
36
31
39
45
51
31
52
35
27
35
39
27
31
37
50
60
28
29
35
30
48
38
27
69
68
30
25
35
42
39
31
36
35
34
80
53
30
33
38
39
37
55
34
31
43
32
30
24
59
32
62
54
38
35
37
30
56
28
50
41
51
54
34
39
24
45
55
31
31
31
30
31
31
37
19
19
28
42
31
33
57
27
48
36
55
35
38
39
30
31
31
38
59
31
41
47
37
35
53
35
65
61
27
57
33
30
33
35
45
37
22
65
39
28
44
45
57
28
62
25
34
34
32
68
32
34
55
37
42
39
34
38
48
46
31
40
27
38
34
26
50
53
36
29
35
54
44
44
45
36
32
45
28
31
35
36
36
34
37
53
32
39
29
37
31
25
26
31
29
26
31
51
23
40
33
59
43
31
36
40
32
27
34
37
27
29
31
32
31
37
35
26
32
38
44
29
32
32
31
34
35
31
32
31
29
31
37
42
36
33
34
34
35
29
33
35
32
33
28
37
43
28
30
39
30
41
34
19
28
28
34
40
34
28
18
35
33
29
40
31
30
32
34
20
37
32
31
25
27
38
43
35
29
39
28
29
28
