32
30
40
40
49
33
37
39
28
48
40
35
35
32
50
50
45
27
38
21
60
36
48
32
32
32
47
36
31
45
31
37
47
48
47
51
49
50
47
40
31
37
35
30
34
25
48
52
35
35
27
33
44
28
28
24
34
49
54
28
52
40
42
28
50
58
55
28
32
23
33
50
35
33
49
36
49
30
53
35
44
46
30
35
37
50
44
54
38
51
30
32
34
50
53
50
48
60
34
49
30
52
39
33
47
53
24
47
46
46
34
23
49
37
28
36
52
52
50
50
45
47
52
34
40
47
28
22
45
29
23
34
42
33
30
38
46
37
51
49
44
25
29
38
44
28
38
54
39
32
47
55
31
57
29
39
35
27
24
33
29
35
40
53
23
49
22
52
57
32
30
59
48
52
35
53
57
33
29
37
57
55
35
52
38
37
50
34
30
47
31
47
50
33
27
36
52
45
37
30
51
37
51
30
57
54
31
36
46
53
33
45
36
60
26
53
50
49
41
24
41
37
59
40
34
49
35
55
50
46
40
46
50
36
54
53
54
47
50
29
48
26
36
49
51
36
51
33
38
49
33
31
31
26
34
34
40
34
30
29
56
47
47
51
32
45
52
24
29
29
30
23
36
51
51
34
33
51
43
51
40
32
48
43
32
50
32
45
31
24
33
56
55
48
53
52
50
50
63
32
31
28
42
24
40
47
41
42
26
44
35
32
29
21
41
48
39
53
37
36
32
45
54
29
45
29
37
35
28
57
38
53
29
37
42
33
48
29
32
47
29
46
39
38
29
33
35
33
41
41
49
35
29
50
36
48
36
38
54
31
61
31
61
25
35
31
51
49
32
36
34
58
33
52
43
46
37
45
30
45
33
41
34
24
42
33
44
33
59
41
26
46
31
31
38
46
33
31
52
54
55
37
35
24
50
26
33
36
40
38
31
55
56
51
47
32
22
52
34
47
48
34
42
23
31
50
37
34
48
49
31
57
40
29
32
42
38
33
39
29
45
26
51
47
33
46
49
53
48
48
49
46
43
54
52
50
55
47
53
42
52
55
50
51
50
48
49
51
48
45
53
59
47
60
47
43
50
53
55
51
45
52
57
54
55
58
55
55
45
50
47
50
55
48
49
49
50
56
49
51
