50
52
39
52
50
47
54
49
55
51
49
47
54
44
47
49
53
49
43
52
61
50
51
53
55
54
53
50
48
60
53
55
47
60
50
43
50
53
56
40
49
47
56
55
42
38
55
45
53
61
49
44
56
48
49
56
54
54
42
56
48
52
39
53
57
57
48
52
47
41
57
63
45
41
46
55
44
58
49
45
49
50
59
44
49
50
47
55
50
48
42
50
54
49
60
62
46
50
46
46
47
55
60
59
51
47
58
54
48
50
44
45
51
50
45
50
47
51
52
50
53
56
58
51
52
55
43
44
53
46
49
48
52
51
45
48
54
61
49
52
52
46
56
50
45
50
44
54
39
51
49
51
57
52
49
49
50
52
52
57
47
48
45
49
48
49
47
45
55
40
48
45
58
52
51
48
52
47
55
47
43
54
52
59
57
42
41
43
45
54
44
51
50
52
52
54
48
54
49
49
49
47
55
44
45
53
52
45
55
51
49
45
57
57
44
44
47
43
43
55
36
52
49
57
48
44
52
52
47
49
53
51
53
51
44
54
55
53
48
46
56
41
51
44
47
54
50
53
49
46
53
46
65
42
43
62
40
57
47
60
71
32
56
60
59
39
31
37
58
57
42
57
68
53
51
66
46
50
52
64
57
37
60
57
53
50
43
48
52
66
47
68
36
41
44
41
41
53
63
45
37
70
50
57
41
47
56
55
50
42
49
62
63
66
58
50
69
67
58
61
43
62
40
56
48
54
39
52
57
49
43
50
38
50
43
37
46
38
53
54
30
58
45
62
51
47
55
53
53
47
51
70
39
38
45
42
59
44
43
44
32
52
55
61
45
40
34
41
46
57
58
56
66
43
44
40
59
37
49
41
45
38
63
61
46
62
59
65
49
36
57
47
50
57
57
40
66
58
29
30
29
52
39
37
56
59
54
48
51
59
34
58
45
66
37
41
44
50
51
60
51
41
43
48
42
67
38
66
50
39
61
55
33
54
58
37
50
42
59
57
58
38
48
54
48
63
45
50
54
64
39
42
50
59
46
60
46
50
50
40
55
48
41
40
45
44
43
57
52
49
61
52
47
55
44
56
49
54
43
45
64
69
65
44
34
50
33
54
50
62
68
42
55
35
56
38
63
58
61
64
