23
17
61
30
13
60
52
17
38
31
48
39
55
20
53
50
29
34
51
31
12
19
40
52
53
51
38
32
25
31
48
51
31
39
26
50
30
45
48
34
12
45
18
25
31
36
38
27
35
45
39
13
47
38
14
37
34
52
31
15
37
57
22
32
22
42
38
48
36
36
39
47
8
31
37
48
18
33
67
39
46
59
41
36
62
29
47
55
31
31
21
42
64
34
32
51
21
60
43
42
47
17
48
32
30
44
30
25
38
53
32
11
22
31
40
32
37
53
52
29
18
51
43
39
28
37
27
35
25
35
19
16
46
42
24
30
44
46
51
48
15
28
34
54
33
38
65
31
39
51
31
28
45
44
50
36
39
41
35
36
36
45
34
38
21
45
47
33
56
41
54
51
48
41
23
48
58
58
26
17
42
38
41
40
35
46
31
54
30
63
64
23
25
38
41
49
20
51
28
42
61
35
41
45
65
40
40
34
38
43
59
51
28
31
25
20
36
32
29
56
35
30
39
41
43
48
34
23
40
27
30
53
24
32
34
42
31
36
29
22
40
68
31
50
47
39
28
31
23
40
28
23
42
63
30
26
42
12
21
51
40
53
40
27
48
63
38
41
33
32
39
21
48
50
24
44
28
28
31
37
40
36
14
48
33
30
50
41
42
36
34
26
45
63
28
29
23
32
32
20
48
36
47
19
21
36
17
32
75
11
37
32
12
39
43
22
32
27
34
65
33
35
16
59
9
37
58
63
52
37
57
70
43
55
56
57
16
31
21
24
37
65
20
23
39
33
27
50
29
27
20
28
27
29
38
28
39
37
46
40
44
48
59
41
54
41
52
45
27
25
16
26
41
45
26
42
46
37
27
61
60
28
34
32
35
56
58
72
28
37
49
19
41
13
35
37
33
64
29
10
26
32
23
33
27
22
38
58
15
30
36
36
51
41
28
31
40
31
57
28
10
42
51
42
40
39
30
27
21
40
43
40
32
26
41
41
23
25
26
57
16
40
37
54
45
48
45
41
28
35
25
32
25
39
27
20
23
40
45
35
24
38
21
25
46
38
17
29
35
27
36
33
28
33
31
45
17
35
42
38
26
29
32
41
33
47
23
32
39
15
48
28
33
46
42
12
14
45
35
27
