48
29
46
17
28
28
60
40
52
20
26
41
25
44
38
55
21
41
33
30
32
50
31
29
33
26
51
32
40
52
51
19
48
19
45
36
38
29
43
32
45
18
27
41
51
17
27
50
48
34
30
20
33
44
45
32
30
34
32
38
11
45
28
49
30
51
23
33
44
24
41
24
14
34
25
45
14
29
37
15
39
47
40
35
35
39
29
42
57
17
42
47
33
27
40
67
59
35
34
33
56
14
51
30
34
39
46
23
62
42
7
32
47
55
39
42
48
31
39
64
49
47
60
31
43
32
27
32
35
26
42
17
28
20
28
17
25
53
36
44
32
33
41
31
25
50
37
21
22
32
26
49
22
42
33
32
53
16
38
52
43
39
23
27
48
51
54
36
65
23
36
27
45
47
36
24
32
56
49
21
41
17
43
22
15
28
54
51
22
58
29
22
35
47
26
41
27
24
58
45
38
30
41
21
40
32
47
36
26
9
36
42
46
54
18
33
44
29
63
29
41
41
22
64
51
61
45
34
41
24
48
15
18
35
41
65
21
39
20
40
40
40
38
43
59
41
28
51
38
23
56
26
38
39
44
41
51
36
47
48
53
31
37
33
55
68
45
50
51
47
26
40
21
22
36
20
18
24
63
32
47
32
24
33
31
51
18
45
49
51
53
35
38
35
36
48
28
20
63
35
50
39
31
40
19
37
38
32
35
50
37
53
39
45
34
34
24
5
31
63
22
28
40
48
46
19
43
50
40
28
38
21
75
37
65
33
39
5
27
21
39
34
35
27
27
33
41
30
34
38
36
43
25
39
36
55
22
59
38
37
42
21
58
49
30
26
31
43
25
28
38
24
33
14
27
43
37
38
54
28
40
25
41
23
32
39
45
35
45
29
27
63
37
32
45
41
44
42
43
32
21
26
27
30
36
52
57
34
41
23
29
29
70
32
43
40
51
55
44
21
13
56
33
57
37
28
42
38
29
30
65
50
38
36
39
46
41
32
25
32
29
33
26
40
30
16
44
29
29
14
32
25
59
24
54
40
45
50
34
22
52
30
61
16
35
40
60
42
56
24
24
38
58
72
45
49
38
34
64
34
32
44
42
21
24
36
36
33
58
51
41
40
57
42
51
40
57
37
54
45
