60
52
37
55
36
37
29
38
50
29
51
52
46
51
37
44
48
23
34
51
50
39
57
48
39
45
25
45
39
53
38
20
47
46
57
24
27
42
40
47
40
33
67
17
43
59
15
28
62
38
47
31
55
29
31
55
42
30
38
17
30
64
60
43
42
53
32
32
53
33
52
32
51
39
48
54
27
36
65
36
35
45
47
34
59
33
38
35
28
56
54
51
58
14
58
40
41
40
39
29
46
54
11
63
64
51
30
61
35
45
40
49
65
33
40
40
11
38
38
43
59
51
22
41
38
42
56
39
46
41
44
48
30
53
28
68
50
47
40
19
63
51
53
48
63
50
50
34
34
63
38
41
6
24
34
24
46
48
34
75
14
26
37
65
33
35
59
33
58
25
63
52
26
57
70
43
39
27
55
56
57
27
8
46
37
38
13
49
65
31
21
41
31
50
38
54
39
44
59
54
39
52
61
60
38
19
56
33
58
72
49
64
30
27
12
28
32
58
23
51
39
45
32
36
24
37
41
40
57
17
30
42
55
42
43
41
51
40
29
28
57
37
54
45
28
60
32
50
51
46
62
47
54
58
51
47
41
51
36
42
34
19
43
40
39
43
46
64
42
37
64
39
38
42
41
46
62
9
11
36
27
19
21
63
30
50
18
21
40
49
47
53
17
40
48
42
38
52
41
48
48
48
68
41
56
60
40
26
36
27
50
47
56
51
32
53
26
11
36
56
48
50
48
46
28
21
72
55
4
42
49
24
54
18
35
47
57
27
33
25
31
20
25
19
34
47
53
52
67
50
43
44
45
53
24
41
22
44
40
24
23
54
31
26
38
42
59
52
33
31
21
50
27
27
47
41
49
29
29
43
50
42
65
39
17
37
56
37
51
36
36
56
58
19
31
36
40
53
32
44
56
24
40
19
42
25
51
38
27
18
43
32
32
78
66
44
56
37
18
57
40
37
39
52
17
31
60
40
56
61
26
38
45
42
47
48
15
23
12
52
39
49
31
55
16
31
44
34
44
20
48
57
41
41
42
28
34
51
37
43
52
53
23
34
63
34
22
60
38
48
50
24
55
55
35
37
27
38
27
44
61
48
32
42
30
57
57
64
35
44
41
26
50
56
57
33
51
36
20
34
