39
60
31
31
52
35
55
25
50
38
31
30
51
52
30
51
48
42
51
50
48
30
44
45
45
34
39
39
39
47
57
38
43
27
42
47
33
67
27
59
36
62
45
47
35
55
42
25
64
29
60
28
43
31
33
37
34
42
37
35
53
32
32
32
31
53
52
27
39
48
36
35
36
43
54
29
65
38
36
32
29
34
45
47
40
56
54
51
58
58
41
40
30
28
46
29
40
37
54
63
28
34
64
30
30
33
51
32
35
61
45
34
65
40
37
38
40
30
38
43
59
30
31
51
56
39
34
41
33
48
53
68
29
50
31
47
30
40
34
63
51
53
35
48
63
38
31
31
35
50
50
35
27
39
33
43
34
34
37
63
48
31
75
37
65
35
33
42
35
59
58
63
52
57
35
70
41
43
26
55
56
28
57
30
37
38
40
30
65
28
31
50
38
39
35
44
59
54
52
61
60
56
27
58
72
29
49
64
32
58
33
51
41
32
40
40
27
57
32
42
39
25
51
28
31
25
47
40
57
39
36
25
30
37
41
54
45
60
50
51
46
62
33
38
24
33
28
34
54
58
51
29
47
31
51
40
36
36
24
28
36
32
43
39
43
46
38
64
44
31
42
64
30
34
62
63
37
30
50
49
53
40
31
48
42
33
31
52
35
48
31
35
48
48
35
38
68
41
56
60
26
40
26
36
41
50
31
37
40
47
32
56
51
37
32
56
36
29
50
38
31
48
46
36
29
72
55
36
42
26
49
33
54
35
47
57
53
67
50
44
45
34
29
27
39
36
53
54
26
42
59
52
31
50
25
39
24
47
41
49
28
50
65
38
31
56
38
35
37
51
56
34
58
31
36
40
35
24
36
31
53
39
44
31
56
19
35
27
43
32
35
78
66
37
39
57
27
39
52
31
60
40
61
37
45
28
29
35
30
48
27
52
39
30
55
31
25
44
44
35
57
41
41
42
42
39
52
31
53
36
35
34
63
60
30
33
37
38
48
50
34
55
31
55
32
30
27
24
61
32
38
48
35
37
57
30
57
64
35
50
56
57
28
41
34
24
45
31
31
31
30
31
31
19
19
28
31
33
27
36
35
38
39
30
31
31
38
31
41
37
35
35
27
33
30
33
37
22
39
28
