27
33
45
38
35
30
35
30
24
49
38
51
54
34
53
41
32
26
42
19
17
58
19
39
69
41
32
22
16
49
55
41
44
21
32
47
23
25
44
34
33
28
35
22
23
12
18
20
36
50
38
34
18
37
42
42
50
34
48
50
28
33
40
21
26
70
31
62
26
26
46
32
31
35
47
52
42
42
38
34
36
42
47
34
63
17
26
36
39
31
30
64
25
26
37
45
35
31
60
59
35
63
64
69
24
48
27
26
26
50
36
40
41
49
23
37
37
45
40
19
50
44
44
36
64
37
58
55
28
36
45
32
48
54
38
11
36
43
50
59
51
33
38
20
29
60
28
47
58
34
24
39
32
33
44
62
52
39
37
52
43
43
18
44
25
17
57
27
35
49
42
46
32
43
71
37
37
46
30
5
45
48
62
57
24
37
28
47
58
25
54
43
33
58
62
29
41
14
46
23
30
58
41
46
37
51
41
26
31
18
32
38
47
58
39
22
53
19
26
19
48
41
37
50
33
51
44
57
42
23
48
33
30
24
28
37
39
35
48
52
51
39
36
48
41
33
33
32
28
25
41
20
38
35
69
40
29
25
22
39
27
37
43
42
52
55
52
53
21
51
47
41
45
48
47
31
35
54
35
28
56
30
36
25
20
44
48
22
35
29
24
41
30
21
36
18
37
28
44
34
26
35
26
43
52
21
33
22
62
19
32
49
16
42
37
56
38
47
27
41
33
36
24
55
53
17
45
48
12
60
46
14
36
44
37
39
39
40
75
36
35
50
37
19
22
32
46
57
51
25
39
34
36
47
59
42
40
46
25
24
59
59
19
36
47
35
40
39
28
23
37
36
31
41
37
43
16
39
38
37
14
61
21
38
44
43
44
49
62
24
29
65
53
24
20
26
41
31
26
23
41
40
54
39
57
21
34
39
49
49
66
29
37
24
28
44
27
48
42
65
39
42
32
50
43
36
28
36
24
41
33
47
27
39
37
39
47
29
33
29
26
44
24
28
32
15
29
43
29
34
44
34
54
56
39
49
27
41
26
37
42
30
24
13
28
24
36
28
33
31
35
31
35
50
40
47
60
43
29
32
32
38
41
54
42
50
29
22
28
29
31
17
38
45
36
28
32
46
39
21
