36
32
37
42
28
36
30
27
29
34
35
34
29
31
36
54
30
33
27
29
41
46
72
36
34
38
67
45
36
37
34
29
34
39
42
31
32
38
61
41
55
36
38
28
38
40
40
40
31
26
28
35
36
31
47
35
30
33
37
34
24
43
58
34
41
44
32
24
26
59
39
39
47
33
39
48
27
57
38
30
34
42
36
29
35
52
36
23
38
35
37
36
34
35
34
26
52
49
38
35
33
33
44
47
31
32
30
56
26
32
50
35
36
38
55
25
35
33
23
65
49
57
66
35
29
41
36
28
21
37
34
68
31
34
30
33
38
22
28
37
37
47
40
36
46
47
33
33
51
33
35
34
41
21
47
30
30
56
41
36
23
29
39
43
43
44
36
42
31
27
26
31
34
34
30
35
31
34
47
36
35
38
28
30
36
52
26
33
24
29
24
68
32
29
34
27
63
40
33
31
38
39
31
37
60
32
30
34
41
30
74
38
57
23
34
33
36
41
33
58
40
28
40
52
49
43
33
28
60
55
39
35
35
47
25
34
33
27
31
40
35
36
42
29
28
51
33
41
34
25
43
59
28
38
47
25
29
39
31
37
36
30
39
58
35
53
50
39
47
38
35
50
29
50
34
42
26
26
39
48
32
22
25
31
45
41
51
40
60
33
37
77
37
38
34
22
32
29
37
33
28
32
24
39
30
59
67
28
38
56
55
35
24
39
38
38
32
42
33
39
35
48
55
36
29
43
29
29
57
57
55
40
32
35
54
32
65
37
41
40
35
72
38
28
44
48
32
19
62
43
27
37
36
33
33
36
31
29
52
42
31
26
32
36
31
31
41
41
30
36
31
64
54
35
29
36
55
35
31
44
53
34
51
27
39
31
34
30
66
64
34
21
31
26
49
40
41
58
49
38
34
34
36
35
32
29
22
33
30
31
49
30
26
23
46
33
55
64
44
35
53
41
29
29
38
36
35
32
37
28
30
63
25
38
25
30
27
31
40
42
36
40
32
34
62
57
32
49
37
30
27
39
27
56
28
42
36
27
26
31
29
36
32
33
30
19
36
39
38
65
34
51
31
44
33
34
31
33
33
33
44
54
28
28
37
37
59
43
41
42
35
48
33
36
26
34
25
49
39
42
