36
31
38
39
56
32
35
27
43
41
37
41
53
37
56
32
49
41
51
55
51
36
40
52
29
15
48
48
47
36
27
45
31
33
34
41
47
53
28
26
49
34
48
36
23
26
43
46
48
41
38
31
31
48
38
48
52
32
53
25
45
31
39
53
20
48
44
48
31
37
28
30
29
27
48
20
46
39
52
43
37
45
33
53
28
43
43
26
43
31
48
35
51
27
53
29
34
26
31
29
27
20
54
17
23
41
45
46
26
44
45
13
25
30
32
38
50
31
53
37
22
37
53
19
57
21
52
51
48
19
56
35
56
35
38
50
50
49
26
42
24
56
44
58
35
38
32
15
48
37
38
42
59
43
31
20
39
45
29
39
49
40
53
34
37
37
31
40
36
43
50
59
33
35
49
26
53
44
34
32
36
20
47
27
22
53
9
29
31
40
35
52
39
37
47
28
34
24
34
29
53
55
40
44
27
25
33
27
36
17
26
33
39
22
49
38
58
22
47
26
27
33
35
26
31
34
50
35
31
43
31
45
35
35
17
32
38
41
33
32
35
46
41
42
31
21
62
26
46
48
53
7
48
32
52
36
23
23
44
27
24
46
45
45
38
21
12
42
24
52
27
33
28
32
22
35
32
42
27
39
52
25
43
35
32
36
23
32
36
36
41
36
33
47
45
51
26
46
54
42
28
30
27
55
18
28
18
30
54
56
17
54
25
42
20
42
31
46
42
33
56
41
37
20
22
32
54
51
46
46
25
49
20
44
18
50
48
55
47
30
42
25
25
40
46
14
49
34
28
35
42
28
46
17
52
42
43
41
50
33
37
57
46
31
57
43
46
26
20
47
49
27
34
27
26
40
19
30
50
27
28
55
41
57
12
31
49
45
24
35
30
46
31
45
27
48
29
34
41
47
26
54
31
38
50
40
35
25
46
30
29
46
11
33
25
33
55
34
19
32
35
31
36
21
22
59
47
30
37
14
22
54
42
43
18
35
32
47
50
32
53
47
55
25
25
27
30
36
14
21
57
50
47
26
21
49
31
54
45
32
26
42
25
33
20
32
54
40
46
53
44
48
31
39
16
51
30
41
35
32
25
46
55
17
55
29
53
30
39
38
54
49
47
33
64
32
14
49
60
56
