50
36
59
49
56
40
48
49
41
56
54
54
50
32
47
43
54
45
50
47
49
37
49
42
50
56
44
28
36
53
59
58
52
30
27
53
55
29
48
34
50
56
56
57
55
46
45
52
54
43
48
55
48
48
35
53
51
34
54
54
59
29
42
37
55
43
53
50
54
34
45
52
48
47
57
54
31
46
36
30
33
27
51
55
47
29
48
55
59
55
53
49
53
54
49
50
44
47
41
36
46
34
38
41
51
37
59
47
53
36
44
48
49
51
37
60
46
48
34
48
49
29
57
34
58
49
39
31
52
52
32
38
48
41
38
46
53
45
28
58
55
46
38
40
44
55
40
49
46
56
40
58
49
52
48
49
40
31
47
46
26
47
28
59
54
53
51
45
45
46
35
44
36
31
35
30
33
54
38
49
37
48
45
34
24
45
50
58
50
53
51
55
49
56
55
51
34
51
41
61
32
24
26
46
48
46
53
49
48
39
50
57
39
48
42
57
49
42
40
51
41
55
56
47
46
56
41
46
33
54
56
40
50
48
56
46
52
52
48
59
39
57
52
27
48
38
55
38
51
53
46
52
30
34
49
54
57
57
47
49
48
51
48
42
51
44
45
46
52
46
45
43
36
49
54
47
45
55
29
35
48
36
47
50
45
53
43
45
50
52
54
60
60
57
44
48
47
48
41
54
56
53
52
56
43
45
48
60
47
23
38
48
35
37
36
44
34
47
53
50
56
35
56
50
34
45
52
26
38
47
43
47
45
35
52
51
55
33
51
46
33
51
44
40
56
49
49
45
31
32
43
30
49
26
32
54
54
51
54
58
52
51
47
53
42
50
52
55
47
35
58
52
53
49
51
53
49
42
36
54
50
55
59
52
57
47
47
58
38
53
55
25
46
33
50
45
46
48
23
49
49
35
57
44
47
47
49
40
29
41
49
36
45
49
28
48
47
53
56
45
21
34
53
31
57
60
49
42
34
44
30
33
44
46
38
57
57
58
44
22
28
37
42
49
37
43
40
48
36
42
48
33
47
56
33
45
33
35
54
52
60
61
46
49
59
34
53
41
54
44
21
54
30
51
59
60
56
53
46
50
52
30
44
50
48
41
57
48
49
36
52
51
50
43
55
46
49
42
52
50
