27
36
37
54
46
32
72
34
67
29
45
32
42
61
55
34
28
36
31
47
43
20
58
33
31
32
44
32
59
38
35
48
23
35
57
27
52
34
38
52
49
47
56
39
50
31
55
35
65
57
66
37
68
31
29
38
27
34
47
29
46
30
31
33
47
39
40
36
51
39
47
34
33
44
33
56
43
38
37
27
32
44
19
23
37
42
24
38
47
29
40
30
52
30
68
63
29
60
28
32
35
41
74
57
58
43
40
40
36
52
32
49
34
43
60
55
47
20
51
59
47
31
58
33
35
34
53
50
39
48
27
35
31
47
50
37
48
51
60
29
77
36
59
67
38
56
55
48
32
55
36
38
57
57
55
40
54
65
72
44
29
36
48
35
31
33
62
37
30
41
52
41
64
32
36
39
54
55
53
51
33
66
37
33
64
24
33
43
49
34
38
58
49
34
36
49
34
46
29
55
64
33
32
34
27
36
53
38
31
30
36
36
22
34
63
34
42
62
44
57
49
56
39
65
51
25
36
33
44
29
44
54
59
41
31
48
24
36
49
29
39
35
31
39
42
36
51
50
37
63
32
38
39
33
51
46
39
32
49
48
52
44
61
35
36
62
32
54
41
28
56
59
31
33
48
35
45
32
51
52
38
32
39
25
31
38
34
35
60
47
33
36
66
37
60
33
27
64
49
48
42
42
37
35
31
51
30
43
59
36
34
44
32
50
52
60
42
40
30
47
52
33
46
53
49
32
41
25
29
48
29
39
45
28
54
61
57
36
31
33
60
50
34
49
34
54
58
57
35
37
24
56
38
39
51
41
42
35
33
29
68
49
47
38
31
52
30
38
41
63
31
47
60
28
36
34
37
62
30
37
55
32
36
56
56
35
34
34
52
61
23
31
27
42
30
34
54
28
39
33
50
36
35
30
29
74
67
35
30
34
53
55
59
47
55
31
59
45
38
53
41
38
34
32
29
41
38
31
55
38
43
53
50
41
29
41
33
65
50
36
29
31
40
37
49
50
52
34
27
32
28
50
39
55
33
50
30
53
29
28
28
36
39
28
46
55
53
46
29
33
45
31
44
30
41
35
34
38
41
38
61
37
27
34
38
34
63
27
28
52
29
33
43
29
76
36
33
29
36
39
