39
50
31
59
49
56
40
48
49
41
56
31
54
54
50
47
43
54
45
50
35
47
49
49
50
56
44
53
59
58
52
53
55
25
48
50
38
56
56
31
57
55
46
30
45
30
42
52
30
54
43
48
44
55
48
34
48
39
39
53
51
54
54
38
43
59
42
37
27
27
55
43
53
50
54
34
45
52
48
47
57
54
36
46
51
55
47
45
48
55
59
55
53
49
53
35
54
49
25
29
50
44
47
28
46
41
51
37
59
47
53
44
48
31
33
49
51
60
46
48
48
49
57
58
49
52
52
48
46
53
45
37
58
55
46
44
55
34
49
46
56
58
37
49
52
48
49
35
40
47
46
47
59
32
54
53
51
45
45
31
27
46
44
54
36
38
49
35
48
45
45
36
43
50
58
50
29
53
38
51
55
32
49
29
56
55
51
51
61
46
48
46
53
34
40
30
49
48
50
28
57
48
42
57
49
42
40
51
41
55
29
56
46
40
56
37
41
28
46
54
56
40
50
34
48
56
46
52
30
52
48
59
57
52
48
30
33
55
38
51
53
46
52
49
32
54
57
35
57
34
47
37
49
48
51
48
51
38
44
45
46
30
52
46
45
43
30
49
54
47
45
55
48
31
47
50
34
45
53
43
45
50
52
54
60
60
57
44
48
47
48
41
54
33
56
53
52
56
43
45
48
60
47
48
29
44
47
31
53
30
50
34
56
56
50
45
52
47
35
38
43
31
31
47
35
45
52
51
55
51
46
35
51
27
40
39
56
49
33
43
49
45
43
49
34
37
54
54
51
54
31
58
52
51
47
53
42
50
52
55
47
58
35
52
53
42
49
51
53
49
35
42
54
50
55
59
52
41
26
57
47
28
30
38
47
58
40
30
53
55
46
50
45
46
48
49
57
28
44
47
47
49
40
49
45
49
31
48
47
53
35
56
45
53
57
27
60
49
42
44
29
33
44
46
57
57
32
58
44
40
42
27
49
43
32
48
39
25
42
28
48
47
56
31
45
54
52
25
60
61
47
46
49
39
59
53
54
44
36
25
54
30
51
59
60
56
53
41
33
46
50
38
52
44
50
48
57
48
24
49
33
28
52
51
50
43
55
34
46
29
31
49
40
36
42
52
36
50
24
28
