27
33
45
38
35
30
35
54
46
30
24
38
34
41
32
26
42
19
17
19
72
41
32
22
67
45
42
61
55
36
16
49
47
43
58
41
44
44
59
21
32
47
23
25
48
34
33
57
28
52
35
22
23
12
18
20
36
50
38
52
34
49
18
47
37
42
50
34
50
28
56
33
50
40
55
35
65
57
66
21
37
26
31
26
26
32
68
31
35
47
47
38
46
34
36
42
34
47
17
26
39
31
51
30
25
26
47
35
56
31
35
24
43
48
44
27
42
47
30
26
26
36
40
52
68
41
63
23
37
60
19
50
44
36
37
28
36
45
32
32
48
54
38
41
11
36
43
33
38
20
29
28
47
74
34
24
39
32
33
57
58
44
37
43
40
40
18
44
25
52
49
17
27
35
49
42
32
37
43
37
30
5
45
24
60
37
28
55
47
47
25
54
33
41
14
23
30
41
46
37
51
41
51
26
31
18
38
59
47
22
19
26
19
48
41
37
50
33
44
42
58
23
53
50
48
33
30
24
28
37
39
39
48
52
36
47
41
33
33
32
28
25
50
41
48
20
51
60
38
77
29
59
67
25
22
38
39
27
37
42
55
56
55
48
55
52
21
41
45
57
48
47
57
55
31
35
35
28
40
54
30
65
36
72
25
20
44
44
22
29
24
30
48
21
62
36
18
37
28
44
34
26
35
26
43
52
21
52
33
22
19
32
16
42
37
56
38
27
36
24
55
17
45
12
46
14
36
44
39
41
39
40
36
35
50
64
37
19
22
54
32
46
51
55
25
39
34
36
47
53
42
51
25
24
59
66
59
19
36
47
35
40
64
39
28
23
37
36
31
49
37
58
43
49
16
39
37
34
14
21
38
43
44
49
36
24
49
24
46
20
26
41
31
26
23
55
41
40
54
39
21
64
34
39
49
49
53
29
37
24
28
44
27
42
39
42
32
50
43
36
28
36
24
41
33
63
42
47
62
57
27
37
39
47
49
29
33
56
29
39
26
44
24
65
32
15
29
43
29
34
51
44
34
49
44
27
41
26
37
44
42
30
24
13
54
59
28
41
24
36
48
28
33
31
35
31
49
35
29
32
39
32
42
38
54
50
29
22
28
29
31
17
38
45
36
28
32
46
39
21
