45
39
49
49
37
31
31
35
25
38
31
30
30
42
30
44
34
39
46
54
55
51
39
38
46
43
27
27
36
45
47
35
25
29
48
53
47
28
31
33
37
34
52
37
35
55
58
32
31
27
36
35
36
43
29
38
32
29
34
40
30
28
29
40
37
28
53
34
30
30
33
32
35
34
54
37
57
38
61
56
30
30
31
34
33
55
29
31
30
34
35
38
31
31
35
35
27
39
33
44
53
43
47
34
37
31
47
53
54
35
42
50
35
41
57
59
26
28
52
47
30
38
40
50
30
28
50
31
35
27
29
33
32
40
27
57
52
32
39
25
28
51
53
31
25
47
50
39
36
25
30
53
41
33
54
38
24
33
28
54
34
29
31
49
40
36
36
24
48
28
36
52
32
38
44
31
30
34
37
51
47
42
31
33
57
31
35
56
50
31
35
35
38
55
26
41
31
37
40
32
37
36
29
38
31
55
36
29
36
26
33
52
34
29
27
39
36
25
39
44
24
46
28
38
31
46
38
35
55
34
31
35
47
57
24
36
50
31
39
31
49
51
35
27
35
51
39
44
27
31
37
28
29
35
30
27
30
25
35
42
39
31
36
35
34
30
50
33
37
34
31
42
32
30
42
60
24
32
38
35
37
30
28
41
34
24
45
31
31
31
30
31
58
55
31
52
19
19
43
44
28
31
33
27
36
35
38
40
39
54
60
30
31
31
38
31
53
41
44
37
35
50
35
27
48
33
30
33
37
22
39
28
45
28
25
34
34
32
32
34
37
42
39
34
38
63
31
27
38
34
26
36
29
35
44
36
32
28
46
31
39
35
36
49
36
48
34
37
53
32
56
48
39
47
29
37
31
25
26
31
57
29
46
26
31
23
40
33
52
49
52
52
31
52
36
40
53
32
27
52
43
34
37
27
29
31
32
44
46
31
37
35
26
32
49
49
38
44
29
32
63
32
31
34
35
53
31
32
31
29
41
31
48
37
42
36
33
34
34
35
29
54
33
35
32
33
48
28
37
43
28
30
39
30
41
34
44
19
28
28
34
56
50
40
34
28
18
35
33
29
40
31
30
32
52
34
20
37
32
59
31
25
47
27
38
43
35
29
39
28
29
28
53
53
53
51
52
42
46
47
