50
52
37
39
52
36
37
50
29
47
54
49
55
51
49
38
47
29
46
54
44
47
49
53
49
43
52
61
50
51
37
53
55
54
53
50
44
23
48
34
39
57
39
60
53
55
47
60
50
43
50
53
56
40
49
47
56
55
42
38
55
45
53
61
49
44
56
25
48
49
56
54
54
53
42
38
56
48
52
39
53
57
20
57
48
52
47
46
41
24
57
63
45
27
40
41
46
40
55
17
44
58
43
49
45
49
50
59
44
49
50
47
55
50
48
42
50
15
54
28
49
60
62
38
46
50
46
46
47
55
60
31
59
51
47
58
54
29
48
50
44
45
31
55
51
50
30
45
50
47
38
51
52
50
53
17
30
56
58
51
52
55
33
43
44
53
32
46
49
48
52
51
51
27
45
48
54
61
49
52
52
46
56
50
45
50
44
36
54
39
51
49
51
57
35
52
49
34
49
50
52
52
59
57
47
33
48
45
38
49
48
49
47
45
55
40
35
28
14
48
45
40
58
52
51
48
39
52
47
29
55
47
43
54
11
52
59
30
57
42
35
40
41
43
45
54
44
51
50
52
52
54
48
49
54
49
49
49
33
47
55
44
45
11
53
38
52
22
45
41
55
51
38
49
45
57
42
57
44
44
47
43
43
46
55
44
36
52
49
57
30
48
28
44
19
34
38
52
52
47
41
49
53
51
53
51
44
54
55
6
24
53
48
46
56
41
51
44
47
54
50
53
49
46
59
34
24
50
53
46
45
34
52
58
14
47
51
47
50
52
58
46
60
51
52
26
33
36
47
25
50
57
49
49
47
26
39
48
49
48
27
48
53
27
51
52
52
8
49
52
60
46
58
47
50
38
51
55
13
49
59
51
49
31
45
49
55
52
49
48
48
54
40
49
21
41
31
44
54
44
53
52
48
45
39
57
56
38
48
54
56
54
49
50
52
51
52
51
57
56
19
52
43
46
59
59
56
39
33
44
49
49
53
30
55
51
49
45
45
43
27
52
60
45
12
28
23
39
46
55
50
45
41
44
49
32
56
55
36
55
24
54
48
51
37
45
17
50
59
48
59
47
62
50
49
30
39
52
42
49
46
48
58
55
52
56
43
50
57
59
46
41
29
28
28
32
47
41
36
42
