37
50
59
49
36
56
40
37
48
49
41
56
29
54
54
50
47
43
38
54
45
50
29
47
49
49
50
46
56
44
53
37
59
44
23
58
52
53
55
48
50
34
56
56
39
57
57
55
39
25
46
45
52
54
43
48
55
53
48
38
48
20
46
53
51
24
54
54
59
42
37
55
43
53
27
50
54
34
45
40
40
17
52
48
47
57
43
54
15
28
38
46
31
29
51
55
47
48
55
59
55
53
49
53
54
49
50
44
47
46
41
51
31
37
55
59
47
53
30
38
17
44
48
49
30
33
51
32
60
51
27
46
48
36
48
49
57
58
35
49
52
52
48
46
53
45
34
58
59
55
46
33
44
38
35
28
55
49
14
46
56
40
58
49
52
39
48
49
40
47
29
46
47
59
54
53
51
45
45
46
44
54
38
49
48
45
45
11
50
58
50
30
53
51
55
49
56
55
51
51
61
35
46
40
48
49
46
53
49
48
50
57
48
42
33
57
49
11
42
40
51
41
55
38
56
22
46
41
56
41
38
46
54
56
40
50
48
56
46
52
52
48
59
57
52
48
42
55
38
51
53
46
46
52
49
54
57
44
57
47
49
48
51
48
51
30
44
45
46
52
28
46
45
19
43
34
49
38
54
47
41
45
6
55
48
47
50
45
53
43
45
50
24
52
54
60
34
24
60
57
44
48
46
47
48
41
54
56
53
52
56
43
45
48
60
47
48
44
34
47
53
14
50
56
26
56
50
33
45
52
47
25
26
43
39
47
45
52
27
27
51
8
46
55
38
51
46
51
40
56
13
49
49
49
31
45
43
21
49
54
54
51
54
58
52
51
41
31
47
53
42
54
50
52
55
39
47
58
52
53
49
51
53
49
42
38
54
50
55
59
52
57
47
47
58
53
55
46
50
19
45
33
46
48
49
57
30
44
47
47
49
27
40
49
45
12
49
48
28
47
23
53
39
56
45
45
53
57
60
49
42
44
32
36
44
46
57
57
24
37
58
44
42
17
30
49
43
48
42
48
47
42
56
45
54
52
60
61
55
46
49
43
59
53
54
44
54
51
59
60
56
53
41
46
50
52
29
44
50
28
48
57
48
49
52
28
51
32
50
43
47
55
46
41
49
42
52
50
36
42
