56
39
53
56
49
41
51
31
55
51
52
48
47
45
47
53
49
48
31
35
43
46
48
25
48
38
48
53
53
48
48
46
52
53
31
43
48
51
30
30
53
42
30
46
44
44
34
50
53
53
57
39
39
52
51
38
56
50
42
44
43
58
48
59
43
49
27
27
53
43
50
36
59
45
49
53
47
52
47
53
44
58
50
41
48
35
53
48
52
46
45
52
52
51
46
25
54
55
54
56
29
54
28
56
41
37
54
51
31
33
46
49
55
43
50
57
57
43
37
49
34
37
50
55
35
41
49
46
32
47
54
50
31
46
55
27
59
47
36
47
50
53
47
57
50
49
35
54
53
44
48
36
51
43
55
53
54
49
47
64
49
29
60
56
47
48
38
48
32
29
50
38
34
45
40
43
30
28
29
40
37
28
47
58
45
34
45
72
55
49
50
49
30
50
30
33
32
51
55
35
53
47
49
54
53
34
59
51
56
56
37
43
53
38
52
53
52
53
30
30
31
45
57
49
47
45
47
34
60
33
44
53
51
50
50
54
65
47
50
29
49
46
45
31
47
57
49
53
47
52
50
50
43
52
30
34
50
58
35
38
46
59
31
46
48
45
54
47
50
51
51
54
31
35
57
52
35
27
48
54
49
45
45
52
49
39
53
55
33
54
53
46
48
57
43
53
42
34
42
37
31
46
44
35
52
49
43
43
42
42
35
41
26
48
53
49
52
59
48
44
52
46
28
30
44
57
43
48
49
55
38
44
46
56
55
52
52
43
48
37
40
53
56
48
41
49
54
52
56
58
30
28
31
35
27
45
52
47
59
54
50
48
29
33
55
47
52
59
51
45
60
50
40
42
51
32
40
27
52
32
43
49
39
52
52
25
46
56
52
39
49
54
50
28
61
49
50
52
40
56
31
56
60
43
44
48
52
48
53
25
44
40
46
54
47
49
59
43
57
40
39
56
42
36
47
25
50
51
58
44
48
30
49
52
50
41
48
58
33
47
48
38
53
53
51
24
51
50
49
33
51
28
44
53
43
51
53
46
54
49
55
46
45
46
34
47
44
46
52
50
52
59
48
48
41
49
29
31
67
50
50
55
53
40
46
58
36
53
52
50
52
49
36
24
47
55
28
51
54
48
