60
36
31
52
38
39
55
32
35
27
43
41
37
41
37
32
36
40
29
15
50
48
36
27
31
33
34
41
51
28
52
51
26
34
48
36
23
26
51
41
38
31
31
50
38
52
32
25
45
31
39
20
44
48
31
37
28
30
29
27
20
39
43
37
45
33
28
43
26
43
31
48
35
27
29
45
34
26
45
39
47
57
31
29
42
47
33
27
67
20
59
54
17
23
41
62
45
26
45
47
13
25
55
42
30
32
64
38
31
37
22
37
19
60
21
48
19
35
56
35
38
43
50
42
49
26
24
56
35
38
32
15
37
53
38
42
31
20
39
45
29
39
40
34
37
32
32
37
31
40
36
33
35
53
26
44
34
32
52
36
20
27
22
39
53
48
9
54
29
31
40
35
39
37
65
28
36
34
24
34
45
29
55
40
27
47
25
33
27
36
56
54
17
26
33
39
22
51
49
58
38
22
47
26
27
33
35
58
26
31
34
35
31
43
31
41
45
40
46
35
54
63
35
17
32
64
51
38
61
45
33
32
35
65
46
41
42
31
21
62
40
26
46
7
32
40
36
23
38
23
44
27
24
45
38
21
43
12
42
24
27
33
59
28
32
51
22
56
35
32
42
27
39
25
39
43
41
35
32
36
23
32
36
48
36
41
36
33
47
53
68
45
26
50
42
28
30
27
47
18
28
18
30
17
25
42
20
40
63
42
31
46
51
42
33
53
20
22
32
48
46
25
20
63
44
18
50
48
47
30
42
50
50
25
25
40
46
14
49
34
28
35
42
28
46
17
52
34
63
42
41
48
33
37
46
75
37
31
65
33
46
26
35
20
47
27
59
34
27
26
40
19
30
27
28
57
58
12
31
45
24
63
52
35
30
57
70
31
45
27
48
43
55
29
34
56
41
26
57
31
37
38
40
35
25
46
30
29
11
33
25
65
50
33
34
38
19
32
35
31
39
36
44
59
54
21
22
30
37
14
22
54
42
43
52
18
35
32
32
55
25
25
27
30
36
14
61
60
21
47
26
56
21
31
45
32
26
42
25
58
33
72
20
32
54
49
64
32
40
46
31
58
51
39
41
40
57
42
16
51
40
30
41
35
32
57
37
25
46
17
54
55
29
30
39
45
38
33
32
14
