56
53
56
49
41
37
36
51
55
51
52
37
48
47
29
45
38
47
53
49
29
46
48
43
46
48
37
48
44
23
48
53
53
34
48
48
46
52
53
43
48
51
53
46
39
44
57
50
53
53
57
39
25
52
51
56
53
50
38
42
44
58
20
46
48
59
43
49
24
27
53
40
43
50
40
59
49
17
53
47
52
47
53
43
44
58
50
41
48
53
15
48
52
46
45
52
52
51
28
46
54
55
54
38
56
54
56
41
37
31
29
54
51
46
49
55
43
50
57
57
43
49
31
50
55
41
55
49
46
47
54
30
50
46
55
59
47
47
50
53
47
38
57
50
49
17
54
53
30
44
48
51
33
55
53
32
54
49
47
64
49
60
56
47
48
48
50
38
45
43
47
51
58
45
45
72
55
27
49
50
49
50
36
35
51
55
53
47
49
54
34
53
59
59
51
56
56
43
53
33
52
53
38
52
35
53
45
57
49
47
28
45
14
47
40
60
39
44
53
51
29
11
50
50
54
30
35
65
40
47
50
49
46
45
49
33
11
47
57
49
53
47
52
50
38
50
22
43
41
52
50
58
38
46
59
42
46
48
45
46
54
44
47
50
51
51
54
30
57
52
28
19
48
54
34
38
41
49
45
45
6
24
52
49
53
55
54
53
46
48
57
34
24
46
53
42
42
34
46
44
52
49
14
43
43
42
48
53
49
52
59
48
44
52
26
33
46
44
57
43
48
49
55
44
46
56
25
26
55
39
27
52
52
43
48
37
53
56
48
41
49
54
52
56
58
45
27
52
47
59
54
50
48
55
47
52
59
8
46
38
51
45
13
60
50
40
42
51
52
49
31
43
49
52
21
52
46
41
56
52
31
54
39
49
54
50
39
61
38
19
49
33
50
52
40
56
56
30
60
27
43
12
44
48
52
48
53
44
40
28
46
54
49
23
59
43
57
40
56
42
47
39
50
51
58
44
45
48
49
32
52
50
48
58
47
48
53
53
51
36
24
51
37
50
49
51
44
53
43
51
53
46
54
49
55
46
17
45
46
47
30
44
46
52
50
52
59
48
48
42
41
49
67
50
55
50
55
53
46
58
53
52
50
52
49
43
47
55
51
54
48
41
29
28
28
32
47
41
36
42
