50
52
39
32
52
50
47
30
40
54
33
37
39
49
28
55
40
35
51
49
47
54
44
35
47
49
53
49
43
52
32
61
27
38
50
51
53
55
54
53
50
48
21
60
53
36
55
47
60
50
43
50
53
56
40
49
47
32
56
32
32
55
42
38
55
45
36
53
31
61
49
31
37
44
56
48
49
56
31
54
54
42
56
48
52
39
53
57
57
48
37
52
35
47
41
57
30
63
45
41
46
34
55
44
58
25
49
35
45
49
50
59
44
49
50
47
35
55
50
27
33
48
42
50
54
49
60
62
46
50
46
46
47
55
60
59
51
47
58
54
48
50
44
45
51
28
50
28
45
50
47
51
24
52
50
34
53
56
58
51
52
55
43
28
44
40
53
28
46
28
49
48
32
23
52
33
51
45
48
35
33
36
30
54
61
49
35
52
44
52
46
56
50
45
50
44
54
39
51
30
49
35
37
51
57
52
30
49
49
50
32
52
52
57
47
48
34
45
34
49
30
48
49
47
45
55
40
48
39
45
58
52
51
33
48
52
47
24
55
34
23
47
43
54
52
59
57
42
41
43
45
37
54
44
51
50
52
52
54
48
54
49
28
49
49
47
55
36
44
45
53
34
40
28
52
22
29
45
23
55
51
49
45
34
57
57
44
44
47
33
43
43
30
55
36
52
38
49
57
48
44
52
52
47
37
25
29
38
28
49
53
38
51
53
39
32
31
51
44
54
55
53
29
48
46
56
35
41
51
27
24
44
47
54
33
29
35
40
50
23
53
49
22
32
46
59
50
30
53
45
52
58
47
51
47
50
52
35
58
46
60
33
29
37
51
35
52
36
47
50
57
49
38
49
47
48
37
49
48
48
53
34
30
31
51
52
33
52
49
52
60
27
58
47
50
51
36
37
55
49
59
51
45
49
30
55
37
52
49
48
48
54
30
40
49
44
31
44
53
52
48
36
45
57
56
33
48
54
56
54
49
36
50
52
26
51
52
51
41
57
56
52
43
24
41
46
59
37
40
59
56
39
34
44
49
35
49
53
55
51
49
45
45
43
52
60
45
46
55
50
41
44
49
56
55
55
54
48
51
45
50
59
48
59
47
62
50
49
39
52
49
46
48
58
52
56
50
57
59
46
