54
46
72
67
45
42
61
37
55
36
47
36
43
58
44
59
37
48
57
52
29
52
49
38
47
56
50
55
35
65
29
46
57
37
66
44
23
37
68
47
34
39
46
47
51
47
56
43
44
42
47
30
57
52
68
63
60
32
41
39
74
57
58
40
25
40
52
49
53
43
38
60
55
47
51
20
59
47
58
53
50
39
46
24
47
50
48
51
27
60
77
59
67
38
56
55
48
40
55
57
57
55
40
40
54
65
17
43
72
44
15
48
62
52
41
64
54
55
28
38
53
51
66
64
49
58
49
34
36
49
46
55
31
29
31
55
64
53
30
36
63
42
62
57
49
38
56
39
17
65
30
33
32
51
44
44
54
59
41
48
51
49
27
39
42
51
36
50
63
51
46
49
35
48
52
44
61
62
54
56
34
59
33
48
45
51
52
25
59
35
33
60
47
66
37
38
35
60
64
49
48
42
42
28
51
43
59
44
50
14
52
60
42
47
52
46
53
49
40
41
48
39
29
45
54
61
57
11
60
30
49
54
35
40
49
58
57
56
33
51
42
68
49
11
38
47
22
52
41
63
41
31
47
38
42
60
62
46
55
56
56
44
34
52
61
42
54
50
74
67
30
28
53
55
19
59
47
55
34
59
45
53
41
38
55
43
53
50
41
41
65
50
38
41
6
37
49
24
34
50
52
28
50
55
24
46
50
53
34
39
28
46
55
53
46
14
45
44
26
30
34
33
38
38
61
38
25
26
63
39
52
29
76
27
27
36
56
51
65
64
48
43
8
61
66
50
46
38
37
53
13
60
49
31
55
56
21
50
61
36
57
35
58
41
31
56
62
56
49
48
46
54
40
60
39
59
62
24
56
40
47
38
19
57
33
30
27
12
28
49
50
60
59
47
65
58
47
23
29
49
38
49
63
35
39
45
51
54
58
54
39
45
32
61
64
62
61
36
64
35
70
67
45
27
72
52
46
68
49
24
46
48
45
35
51
62
53
37
50
68
35
50
42
17
30
57
59
62
48
59
49
55
42
55
43
35
59
54
43
41
37
29
64
28
49
33
38
64
28
52
38
32
35
57
47
41
36
51
56
42
54
55
43
48
62
51
40
52
40
52
60
40
60
39
61
33
48
50
55
49
