31
26
34
30
33
49
51
30
43
34
31
35
54
32
53
58
39
31
29
24
42
34
34
69
55
34
29
35
44
42
33
48
70
62
46
52
42
42
43
47
63
45
36
31
27
64
37
33
37
34
45
32
60
33
59
63
64
69
50
37
49
37
35
45
40
35
22
37
44
33
64
58
55
50
59
51
60
58
25
62
52
34
39
52
43
33
32
57
46
43
71
32
34
46
48
62
37
57
58
38
29
42
43
58
62
29
35
41
46
37
58
32
30
32
32
36
34
29
47
58
39
36
53
51
57
36
28
35
34
35
28
51
29
39
32
48
38
33
35
69
40
43
52
27
36
53
51
32
30
47
54
56
48
33
35
34
41
62
37
49
47
32
41
33
53
35
22
30
48
60
39
37
29
75
57
33
39
27
59
33
30
25
40
46
40
31
37
41
37
32
32
36
33
18
38
61
44
41
62
24
34
29
26
33
65
34
53
57
66
33
48
65
36
35
39
33
28
54
24
56
37
39
33
44
27
50
40
47
60
31
33
33
26
33
38
29
32
43
34
41
36
42
30
31
34
34
59
59
41
51
44
41
61
38
60
27
31
43
51
36
50
31
43
37
34
33
28
54
29
40
37
60
47
29
32
49
41
29
52
36
57
54
40
53
32
36
36
30
31
62
30
27
52
40
35
54
32
37
52
41
22
57
52
39
54
58
46
50
60
30
47
58
66
36
26
49
47
33
43
31
36
38
56
63
33
33
32
37
33
36
31
29
57
71
43
35
23
31
70
24
29
60
33
63
33
34
30
52
29
60
48
34
53
43
34
38
30
33
49
29
29
40
34
23
38
64
54
31
60
32
39
31
34
35
33
51
34
23
64
25
50
73
36
42
53
33
27
67
37
26
56
50
32
50
59
49
49
61
52
34
25
54
37
39
57
58
59
52
67
42
51
25
40
24
23
50
39
34
39
37
29
37
36
35
48
26
40
37
36
44
29
35
39
30
46
51
32
38
50
58
45
59
41
35
36
39
63
29
29
23
47
42
32
31
46
25
32
53
45
28
65
33
47
33
59
35
28
38
30
60
33
35
42
56
55
39
62
30
54
34
37
40
59
40
42
29
55
34
51
36
35
53
32
23
36
62
30
41
49
40
