45
49
49
37
46
36
54
32
37
42
28
36
55
51
46
47
30
48
53
47
27
52
55
58
53
29
54
57
61
34
56
35
55
44
53
47
47
53
54
34
50
57
59
52
29
47
50
50
31
57
52
36
51
53
50
53
54
54
49
30
33
27
48
52
51
47
29
42
41
57
56
50
55
55
52
44
46
46
55
47
36
57
50
49
51
51
34
44
50
42
42
60
38
36
58
55
52
43
44
40
54
37
60
34
53
44
50
48
63
46
39
49
48
29
34
39
31
32
53
56
48
38
47
41
57
46
38
52
28
49
38
52
52
52
53
52
43
44
46
49
49
63
53
41
40
48
54
48
44
56
40
50
52
59
47
53
40
53
53
51
52
31
42
26
28
46
47
35
53
47
52
50
57
50
45
36
51
49
62
37
42
31
57
35
50
48
54
49
48
52
50
30
33
47
47
57
47
46
49
59
57
50
63
37
47
47
34
47
24
47
49
34
41
47
32
45
51
24
26
42
54
49
49
45
39
46
64
46
47
39
47
48
44
33
57
50
41
57
39
45
55
55
27
38
52
54
53
52
42
48
56
55
51
53
49
41
47
53
46
30
38
56
34
52
58
42
36
53
49
49
45
49
46
29
49
50
51
42
35
50
53
36
52
55
23
45
56
38
52
35
37
36
49
51
34
43
52
52
61
49
35
53
54
48
34
26
50
51
44
38
35
51
33
33
47
51
44
48
49
49
46
31
32
56
57
50
43
53
48
51
48
57
49
56
30
26
53
32
50
53
56
58
47
35
46
52
36
38
43
47
42
53
55
46
49
53
50
57
54
55
46
25
52
56
52
33
46
49
56
53
51
46
57
23
56
52
53
59
49
54
51
35
50
29
51
47
56
50
52
52
55
41
36
28
46
54
55
53
51
51
52
21
52
51
49
46
41
39
57
50
43
53
55
49
34
43
31
46
51
34
41
48
30
54
48
52
55
47
59
55
48
59
44
33
45
55
53
38
54
22
45
44
50
28
37
47
53
54
37
40
52
36
46
47
50
52
50
44
33
43
53
47
56
33
42
44
45
53
47
51
49
47
51
50
42
55
51
55
52
33
48
48
35
51
34
57
50
54
48
55
51
52
49
41
50
21
30
30
41
36
