37
36
60
52
55
50
51
52
51
48
37
51
50
48
45
45
39
29
47
38
57
42
47
33
67
29
59
62
47
55
42
46
64
37
60
43
42
44
53
32
32
23
53
52
39
48
34
54
65
36
45
39
47
56
54
51
57
58
58
41
39
40
46
25
54
53
63
64
51
61
45
65
38
20
40
46
24
40
38
43
59
51
56
39
41
27
40
40
48
53
68
50
17
47
43
40
15
63
51
53
28
48
38
63
31
50
29
50
34
31
63
48
75
37
55
30
65
33
38
35
59
58
17
63
52
57
70
43
30
55
56
57
37
33
65
50
38
39
44
59
54
32
52
61
51
60
56
58
72
27
49
64
36
32
35
58
51
41
40
57
34
42
59
51
33
40
57
37
54
38
45
60
50
51
46
62
54
58
51
35
28
47
14
51
43
39
43
46
64
42
40
64
62
39
29
63
30
50
49
11
53
40
48
42
52
48
48
48
68
30
41
56
60
40
26
36
50
47
56
35
40
51
49
32
56
33
50
48
11
46
72
38
55
42
49
54
35
47
57
22
53
41
67
50
44
45
53
54
38
42
26
42
59
52
31
50
46
47
41
49
44
50
65
56
37
51
56
58
36
40
30
53
44
56
19
43
32
78
66
28
37
57
19
34
39
38
52
60
40
61
45
48
52
39
41
55
31
44
44
6
57
41
41
42
52
53
63
60
38
48
50
55
55
24
27
34
61
48
57
57
64
24
46
34
35
50
56
57
67
46
57
34
35
65
40
52
45
44
14
38
45
57
64
26
33
39
63
25
37
70
51
26
57
44
35
39
38
40
27
63
27
59
8
60
49
40
58
44
55
46
33
58
33
35
55
66
65
34
38
16
45
44
38
13
49
64
46
48
31
40
51
57
50
59
62
31
51
44
54
53
47
55
35
46
21
51
47
53
41
31
51
42
46
32
43
54
66
39
34
30
52
56
36
46
38
55
19
53
40
49
66
71
49
30
33
30
53
56
55
61
27
52
12
61
46
41
38
28
45
58
38
46
57
57
22
73
42
28
60
49
61
52
23
46
30
52
55
44
55
45
39
53
45
41
53
51
32
44
46
49
40
36
62
40
24
37
17
30
42
55
43
41
29
28
28
32
47
41
36
42
