60
52
55
50
51
52
51
48
51
50
48
45
45
39
47
57
42
47
33
67
59
62
47
55
42
64
60
43
42
53
32
32
53
52
39
48
54
65
36
45
47
56
54
51
58
58
41
40
46
54
63
64
51
61
45
65
40
40
38
43
59
51
56
39
41
48
53
68
50
47
40
63
51
53
48
63
50
50
34
63
48
75
37
65
33
35
59
58
63
52
57
70
43
55
56
57
37
65
50
38
39
44
59
54
52
61
60
56
58
72
49
64
32
58
51
41
40
57
42
51
40
57
37
54
45
60
50
51
46
62
54
58
51
47
51
43
39
43
46
64
42
64
62
63
30
50
49
53
40
48
42
52
48
48
48
68
41
56
60
40
26
36
50
47
56
51
32
56
50
48
46
72
55
42
49
54
35
47
57
53
67
50
44
45
53
54
26
42
59
52
31
50
47
41
49
50
65
56
37
51
56
58
36
40
53
44
56
19
43
32
78
66
37
57
39
52
60
40
61
45
48
52
39
55
31
44
44
57
41
41
42
52
53
63
60
38
48
50
55
55
27
61
48
57
57
64
35
50
56
57
40
61
46
45
52
53
45
58
53
41
36
30
63
40
55
30
48
43
65
53
65
53
42
64
69
35
48
53
41
48
55
44
49
43
27
39
72
20
57
53
54
51
53
41
28
40
64
58
62
43
58
51
58
47
35
57
60
54
53
70
50
52
48
38
41
42
48
34
42
45
62
44
65
50
39
46
61
44
54
54
55
60
45
36
55
54
38
38
57
49
62
54
33
46
55
63
54
56
59
49
61
54
60
50
48
63
47
49
50
42
47
40
47
36
43
27
60
59
59
38
38
37
72
63
51
52
40
40
47
45
47
60
42
57
66
58
69
28
52
36
26
48
66
60
51
49
58
37
46
50
47
42
64
55
53
62
42
41
53
54
40
63
46
46
32
46
63
48
37
37
36
53
51
51
61
56
47
55
40
44
56
60
50
38
44
45
52
50
41
48
48
63
59
56
45
46
50
61
37
40
44
69
36
41
65
57
50
61
63
71
47
66
52
41
39
69
68
40
48
63
64
37
47
43
54
28
58
39
63
58
61
45
57
44
40
38
59
56
36
48
59
45
57
56
54
45
46
70
52
74
