37
54
46
72
36
37
29
67
38
29
46
37
44
45
23
34
39
57
39
42
25
61
53
38
20
55
46
24
27
40
40
17
36
43
47
15
28
43
58
38
31
29
31
55
30
38
17
44
30
59
33
48
57
52
32
51
52
27
36
35
34
59
33
38
35
49
28
14
47
40
39
29
56
11
30
35
40
49
50
33
11
38
22
55
41
35
38
42
46
65
44
57
30
28
19
66
37
34
68
47
38
46
41
6
47
24
34
24
51
46
34
14
26
33
25
47
26
56
43
39
44
27
27
8
46
38
13
42
49
31
21
47
41
31
54
39
30
38
52
19
33
30
68
27
12
28
63
23
60
32
41
39
45
32
74
36
57
24
37
58
40
17
30
42
55
43
40
41
29
28
52
28
32
49
47
41
43
36
42
60
34
19
40
37
39
38
55
42
41
46
9
47
51
59
47
58
11
36
27
19
21
18
53
50
21
39
40
47
17
38
47
50
41
27
53
26
11
36
48
28
21
48
4
24
18
27
33
25
31
20
25
19
34
47
51
52
60
43
24
41
77
59
22
44
40
24
23
31
38
33
21
27
27
29
29
67
43
42
39
17
37
36
36
19
31
32
24
40
42
25
51
38
27
38
56
18
55
32
44
56
18
40
37
17
31
56
26
38
42
47
15
48
23
55
12
49
31
16
34
20
48
57
28
57
55
34
51
40
37
43
23
34
34
54
22
24
65
72
35
37
38
27
44
32
44
42
48
62
30
44
41
26
33
51
36
20
34
32
52
41
31
21
37
35
64
54
19
35
44
23
8
37
55
53
51
24
44
66
64
37
37
49
58
27
35
49
29
35
22
31
22
39
34
39
34
40
27
33
22
35
33
37
32
36
23
35
49
36
51
33
50
27
46
27
20
55
40
64
51
53
12
8
27
8
36
28
29
17
27
24
63
42
49
62
50
47
34
26
33
57
49
25
25
29
18
56
25
32
40
30
39
65
29
37
51
35
48
25
51
29
38
33
6
44
28
47
44
54
40
59
8
22
23
54
39
41
30
48
27
36
37
49
51
39
24
27
18
32
37
37
34
33
39
36
31
33
47
30
34
24
33
20
42
40
19
40
27
28
24
29
18
35
32
34
43
39
31
45
28
36
