37
56
36
37
53
29
38
29
46
37
56
44
23
34
39
49
57
41
39
25
53
38
20
51
46
24
27
40
55
40
17
43
15
51
28
38
31
29
31
52
48
47
55
45
30
47
53
38
17
30
33
49
32
51
27
36
35
34
59
33
38
48
35
43
46
28
14
40
39
48
29
11
30
35
48
40
48
49
33
53
11
38
22
41
38
42
53
46
44
30
48
28
19
48
34
46
38
52
41
53
6
24
34
24
46
43
48
34
51
53
14
26
33
25
26
39
27
46
27
8
46
38
44
50
13
49
31
21
53
53
41
31
54
39
57
38
19
33
52
30
51
27
56
50
42
44
12
28
23
39
45
58
48
32
36
59
24
37
17
30
42
43
49
53
55
43
43
41
29
28
28
50
32
59
47
41
36
42
34
49
19
53
40
37
47
39
38
42
41
46
9
11
36
27
19
21
18
21
52
40
47
17
38
41
27
53
47
26
53
11
36
48
44
28
21
4
24
18
27
33
25
31
58
20
25
19
34
47
52
43
24
41
22
44
50
40
24
23
31
38
41
33
21
27
27
29
29
43
48
42
53
39
17
48
37
36
52
36
19
31
46
32
24
40
42
25
45
51
52
38
27
18
32
44
56
52
51
18
40
37
17
31
56
46
26
38
54
42
47
55
54
15
23
56
12
49
31
16
34
20
48
54
56
28
34
41
51
37
43
37
23
34
34
22
24
54
35
37
38
27
44
32
42
51
30
44
46
41
26
33
49
51
36
20
34
32
31
21
37
35
19
35
44
23
55
8
37
24
44
37
37
27
43
50
35
29
35
22
31
22
39
57
39
34
40
27
33
22
35
33
37
32
23
35
36
57
51
33
43
50
49
27
27
20
40
51
12
8
27
50
55
41
8
28
29
49
17
27
46
24
49
50
47
34
26
33
25
25
29
18
25
47
32
40
30
29
37
54
51
50
46
35
48
25
29
38
33
6
28
47
55
40
59
8
22
47
23
54
39
47
30
27
36
37
51
50
53
24
47
27
18
57
32
37
50
37
34
49
33
39
54
36
31
33
47
30
34
24
33
20
40
19
53
40
27
28
44
24
48
29
18
51
35
32
55
34
43
39
53
31
45
28
54
36
49
47
64
49
60
56
