48
29
50
46
17
28
28
40
20
52
26
41
39
25
44
38
52
50
47
54
21
41
49
33
30
32
31
55
29
33
51
26
49
32
40
19
47
19
45
36
54
44
38
29
43
32
45
18
27
41
17
47
27
49
34
30
20
33
44
32
30
34
53
32
38
49
11
43
28
49
30
51
23
33
44
24
41
24
14
34
52
25
45
14
29
37
61
15
40
50
35
35
39
29
42
51
17
27
40
35
34
33
56
14
51
30
34
39
46
23
42
7
32
39
48
31
39
49
53
55
47
31
32
27
32
35
26
17
28
20
28
17
25
54
53
36
44
33
41
31
25
50
37
50
21
22
32
26
49
48
22
42
60
33
16
38
53
55
47
43
23
27
51
36
23
27
60
36
24
32
49
21
41
17
43
22
15
50
28
22
29
43
22
50
35
47
26
41
27
24
45
38
30
53
21
56
32
40
49
47
47
36
26
9
36
42
18
33
56
44
55
42
29
29
41
41
22
38
34
41
24
48
55
45
15
18
35
41
21
39
20
53
40
41
28
38
61
49
23
26
38
44
51
36
47
31
37
33
55
44
45
51
26
56
21
48
22
36
49
20
18
24
56
54
32
54
47
32
24
33
31
51
18
42
45
49
35
38
35
56
36
28
48
52
20
35
39
31
39
40
19
37
38
32
35
37
53
53
39
57
45
57
48
34
24
5
31
52
22
28
40
46
19
43
50
40
28
38
47
21
39
5
27
21
39
34
41
57
27
27
33
41
30
34
38
36
63
43
25
39
36
55
45
22
38
37
41
42
21
49
30
26
31
43
25
28
38
46
24
55
33
14
44
27
43
37
38
54
58
49
28
40
25
41
45
23
32
39
49
45
50
35
45
29
59
44
49
27
50
47
37
32
55
45
41
44
42
43
32
50
21
48
42
26
27
30
36
34
50
41
23
29
29
54
32
40
49
51
60
44
21
13
33
28
42
38
29
30
36
62
46
50
46
41
46
32
25
32
29
46
33
47
26
55
60
40
30
16
59
29
51
29
14
47
32
58
54
25
24
48
40
45
50
50
44
34
22
45
30
16
51
50
45
35
40
42
50
24
24
47
38
51
45
52
50
38
34
53
34
44
42
21
56
58
24
36
36
33
51
52
