45
49
36
32
37
49
42
37
28
36
30
46
54
27
55
29
34
35
51
46
34
47
29
48
53
31
47
52
36
30
33
55
58
27
53
29
41
54
36
34
57
38
36
37
34
29
61
56
55
34
39
44
53
31
47
47
32
38
53
54
50
41
57
59
52
38
47
28
50
50
57
38
40
40
40
31
26
52
51
28
53
35
50
36
53
54
31
54
49
48
35
30
52
51
47
42
33
57
37
56
50
55
34
55
52
44
24
46
46
34
41
32
24
55
47
26
57
39
39
50
49
51
51
44
50
42
47
33
42
39
27
60
58
55
52
38
43
30
44
40
54
34
60
53
42
44
50
48
36
29
63
35
36
46
39
23
49
48
53
56
38
35
48
37
36
34
35
34
47
26
57
46
52
38
49
35
52
52
33
52
53
52
33
43
44
44
46
31
49
49
63
53
41
32
48
30
54
48
26
32
44
35
56
50
52
36
59
38
25
33
47
23
49
53
53
35
29
41
36
28
21
34
31
53
34
51
52
30
42
33
38
46
22
28
47
37
53
47
52
37
40
50
57
36
33
33
50
33
35
34
41
21
30
30
45
41
36
51
23
49
29
62
37
39
43
36
31
27
26
42
31
34
34
57
50
48
54
49
48
52
30
35
31
50
34
36
35
38
47
47
28
57
47
46
49
36
26
33
59
57
24
29
50
63
24
32
29
34
47
27
40
33
31
47
47
38
47
39
49
47
31
45
37
51
30
42
34
30
54
49
49
45
46
38
64
23
34
46
47
33
48
36
41
44
33
57
28
50
33
28
39
41
35
57
45
35
55
25
34
33
55
52
54
53
52
42
27
48
56
55
31
40
35
51
36
53
42
49
29
28
41
47
53
46
38
33
41
56
52
58
34
25
43
28
38
25
53
49
49
45
49
29
46
39
49
31
50
51
37
36
30
39
42
35
38
35
29
50
53
52
50
34
42
55
45
56
52
26
26
39
32
22
25
31
45
49
41
40
51
43
33
52
37
52
61
49
53
54
48
50
51
44
51
47
51
37
48
38
34
22
49
32
29
37
33
49
46
56
28
57
50
32
24
39
30
28
43
35
24
39
53
38
38
48
51
48
57
32
42
33
39
35
36
49
56
53
50
29
43
29
