27
36
37
32
34
29
32
34
28
31
20
33
31
32
32
38
35
23
35
27
34
38
39
31
31
29
38
27
34
29
30
31
33
39
40
36
39
34
33
44
33
38
37
27
32
19
23
37
24
38
29
40
30
29
28
35
43
36
32
34
20
31
33
35
34
48
27
35
31
37
29
36
32
36
38
29
36
35
31
33
37
30
41
32
36
39
33
37
33
24
33
43
34
38
34
29
33
32
34
27
36
38
31
30
36
22
34
34
44
25
36
33
29
31
24
36
29
35
31
39
36
37
32
38
39
33
39
32
35
36
32
41
28
31
35
32
38
32
39
31
38
34
33
36
33
27
37
35
31
30
36
34
32
40
30
33
32
25
29
29
39
28
36
31
33
50
34
34
35
37
24
38
39
41
35
33
29
38
31
30
38
28
36
34
37
30
37
32
36
35
34
23
31
27
30
34
28
39
33
36
35
30
29
35
30
34
31
38
38
34
32
29
41
31
38
29
33
36
29
31
40
34
27
32
39
33
30
29
28
28
36
29
33
31
41
35
41
37
27
34
34
27
28
33
43
29
33
29
36
39
45
28
25
34
34
32
32
34
37
42
39
34
38
31
27
38
34
26
36
29
35
44
36
32
28
31
35
36
36
34
37
32
39
29
37
31
25
26
31
29
26
31
23
40
33
31
36
40
32
27
34
37
27
29
31
32
31
37
35
26
32
38
44
29
32
32
31
34
35
31
32
31
29
31
37
42
36
33
34
34
35
29
33
35
32
33
28
37
43
28
30
39
30
41
34
19
28
28
34
40
34
28
18
35
33
29
40
31
30
32
34
20
37
32
31
25
27
38
43
35
29
39
28
29
28
30
33
30
36
33
26
34
32
27
33
26
31
32
29
39
33
26
39
31
30
30
28
38
36
27
31
28
35
27
29
38
38
35
43
35
32
33
33
35
30
41
32
28
30
31
30
34
28
30
32
32
32
31
32
35
34
27
30
27
30
25
43
40
22
37
37
34
32
21
29
31
36
40
39
39
46
26
36
29
39
30
42
39
23
36
34
30
34
31
38
36
33
39
24
29
37
36
37
37
36
27
35
28
39
39
25
45
31
30
33
32
23
30
30
28
32
27
34
27
38
26
36
35
37
24
