27
36
37
32
34
29
32
34
28
31
20
33
31
32
32
38
35
23
35
27
34
38
39
31
31
29
38
27
34
29
30
31
33
39
40
36
39
34
33
44
33
38
37
27
32
19
23
37
24
38
29
40
30
29
28
35
43
36
32
34
20
31
33
35
34
48
27
35
31
37
29
36
32
36
38
29
36
35
31
33
37
30
41
32
36
39
33
37
33
24
33
43
34
38
34
29
33
32
34
27
36
38
31
30
36
22
34
34
44
25
36
33
29
31
24
36
29
35
31
39
36
37
32
38
39
33
39
32
35
36
32
41
28
31
35
32
38
32
39
31
38
34
33
36
33
27
37
35
31
30
36
34
32
40
30
33
32
25
29
29
39
28
36
31
33
50
34
34
35
37
24
38
39
41
35
33
29
38
31
30
38
28
36
34
37
30
37
32
36
35
34
23
31
27
30
34
28
39
33
36
35
30
29
35
30
34
31
38
38
34
32
29
41
31
38
29
33
36
29
31
40
34
27
32
39
33
30
29
28
28
36
29
33
31
41
35
41
37
27
34
34
27
28
33
43
29
33
29
36
39
50
48
47
30
42
25
25
40
46
14
49
34
28
35
42
28
46
17
52
42
41
33
37
46
31
46
26
20
47
27
34
27
26
40
19
30
27
28
57
12
31
45
24
35
30
31
45
27
48
29
34
41
26
31
38
40
35
25
46
30
29
11
33
25
33
34
19
32
35
31
36
21
22
30
37
14
22
54
42
43
18
35
32
32
55
25
25
27
30
36
14
21
47
26
21
31
45
32
26
42
25
33
20
32
54
40
46
31
39
16
30
41
35
32
25
46
17
55
29
30
39
38
33
32
14
31
25
16
32
20
22
39
27
22
24
20
21
40
33
28
41
40
47
34
37
33
21
27
24
33
20
59
41
46
43
40
31
35
30
15
45
37
51
19
41
29
16
25
48
50
16
19
35
33
17
40
59
34
28
38
33
37
35
30
4
14
38
28
43
47
40
31
42
37
24
29
15
35
39
30
31
32
19
15
24
25
23
32
41
33
22
39
30
27
28
53
20
23
37
41
32
49
44
36
36
7
25
55
28
40
23
13
44
41
42
53
36
36
26
46
34
39
39
39
25
38
46
29
33
39
