29
43
48
27
57
43
33
63
45
51
38
35
30
62
45
35
68
46
48
30
65
43
24
45
47
48
46
41
56
38
34
40
71
57
41
32
57
34
52
45
79
69
47
55
60
75
39
60
33
44
59
40
45
26
48
52
49
49
42
19
17
19
41
32
57
22
16
49
54
61
49
41
45
51
58
65
57
38
34
46
57
44
70
41
49
54
65
43
50
21
41
51
32
47
23
58
52
25
56
45
51
52
50
60
48
38
69
68
34
80
53
38
39
55
43
33
59
62
28
35
54
56
50
51
22
54
39
55
37
42
57
48
55
59
47
23
53
65
61
57
12
35
18
45
65
44
57
62
68
55
48
46
40
50
53
54
44
45
45
53
20
51
36
59
43
56
50
49
38
52
34
52
18
65
63
56
53
37
58
42
50
63
47
34
32
65
45
51
50
45
50
46
58
40
62
69
49
57
52
63
43
61
28
64
50
33
40
31
66
21
26
54
41
50
45
43
51
54
47
31
26
49
26
32
31
30
59
49
57
60
35
48
47
54
64
38
62
47
47
73
43
34
61
36
49
52
48
67
41
42
77
51
58
57
45
34
53
45
66
17
56
54
62
74
50
43
47
56
51
39
26
51
62
43
73
34
51
56
39
69
37
31
59
30
66
56
25
55
54
48
53
71
52
49
50
49
54
26
41
35
29
40
60
39
31
35
52
24
53
60
55
53
48
36
51
35
27
26
45
57
26
66
29
50
36
40
38
41
62
65
52
51
58
40
61
46
45
41
52
53
45
58
23
37
19
53
50
41
44
36
30
36
63
37
28
36
45
40
55
32
30
48
48
54
43
65
53
65
53
42
64
69
35
48
53
38
11
41
48
55
36
44
49
43
27
43
33
38
39
20
29
28
72
20
57
53
54
47
34
24
51
53
41
39
28
40
64
58
32
62
43
33
58
51
58
44
47
37
35
57
60
54
53
70
50
52
48
43
38
41
42
18
44
25
17
48
34
42
27
45
62
35
44
65
50
39
46
61
49
44
54
42
32
54
55
60
45
36
55
54
38
38
37
57
49
62
54
33
46
55
63
54
56
59
49
61
54
60
50
48
63
47
49
50
42
47
40
47
36
43
27
60
59
59
38
38
37
72
63
51
