37
64
40
38
66
51
59
62
36
59
51
65
37
36
68
48
29
38
68
61
44
56
50
43
56
54
52
46
29
65
53
48
59
60
37
31
49
59
57
30
54
55
27
49
46
32
52
66
37
44
58
63
46
54
33
38
54
23
43
53
53
34
50
55
39
49
55
48
50
57
52
55
69
49
45
78
39
25
27
34
61
63
53
38
57
40
53
43
44
20
75
44
46
46
40
42
59
24
50
64
62
56
27
51
45
40
40
49
17
49
56
43
42
15
28
54
58
49
57
52
57
57
48
60
42
38
51
57
49
55
40
42
49
42
50
56
31
46
29
31
56
55
48
49
36
53
30
54
51
57
38
38
54
17
43
30
41
36
46
33
56
47
59
45
52
28
55
32
25
51
52
27
36
35
43
49
54
35
34
59
33
50
44
54
26
29
35
62
47
41
40
51
38
35
28
34
63
46
39
62
68
43
35
14
21
40
81
39
29
48
11
58
62
27
52
30
52
35
57
40
49
54
33
11
53
38
57
22
64
52
56
56
41
38
42
46
42
44
57
47
30
28
19
40
57
43
58
42
34
19
47
55
38
41
6
24
42
62
47
42
54
54
47
48
37
47
34
50
24
34
53
56
54
55
48
61
46
60
51
46
47
56
58
34
14
26
65
50
33
44
25
52
26
53
46
51
37
30
51
55
47
49
54
38
70
31
54
55
48
59
59
39
58
52
27
53
48
70
42
43
48
43
61
51
45
60
27
53
8
63
47
32
47
39
41
43
45
46
31
44
46
43
41
40
65
46
56
49
38
51
44
13
49
49
55
49
53
57
31
62
51
21
34
59
59
46
52
58
41
31
60
59
63
71
29
50
23
54
39
69
64
48
36
38
67
38
19
46
57
59
46
46
33
54
62
57
43
44
30
57
48
27
55
12
49
54
54
62
47
53
51
44
51
51
47
45
28
23
43
41
39
52
29
45
55
32
45
63
67
36
58
24
37
46
65
38
38
54
37
39
57
59
27
63
61
52
64
55
48
65
40
46
38
71
37
50
59
41
17
60
50
52
30
46
41
63
49
52
59
43
45
47
42
57
55
76
60
63
43
43
56
46
41
56
43
40
51
29
28
67
54
55
28
53
63
32
47
41
36
42
