60
27
36
52
37
55
32
50
51
52
51
48
51
50
48
34
29
45
32
45
39
47
57
42
47
33
67
34
28
31
59
62
47
55
42
20
64
60
43
42
53
33
31
32
32
32
53
52
32
38
39
48
54
65
36
45
47
35
56
54
51
23
58
58
35
41
40
46
54
27
34
63
64
38
51
39
61
45
65
31
40
31
29
38
40
27
38
43
59
34
51
56
39
41
29
48
53
68
50
30
47
40
31
33
63
39
51
53
48
40
63
50
36
50
39
34
63
34
48
75
37
65
33
33
44
35
59
58
33
63
52
57
70
38
43
55
56
57
37
65
50
38
39
44
59
54
52
37
61
60
56
58
72
49
64
27
32
58
51
32
19
41
40
57
23
37
42
24
51
38
29
40
57
37
40
54
30
29
45
28
60
50
51
46
62
35
43
36
54
32
58
51
47
34
51
43
20
39
43
46
64
42
64
31
62
63
30
33
50
49
53
40
35
34
48
27
48
42
52
48
48
48
68
35
41
56
60
40
26
36
50
31
47
56
37
29
51
32
56
50
48
46
36
32
72
36
38
29
55
36
42
49
54
35
35
47
57
53
67
31
33
50
37
30
41
32
44
36
45
53
54
26
42
39
33
37
59
52
31
50
47
41
33
49
24
50
65
56
37
33
51
56
58
36
40
53
43
44
56
19
43
34
38
32
78
66
37
57
39
52
34
29
60
40
61
33
45
48
52
39
55
31
44
32
44
57
34
41
41
27
42
52
53
63
60
36
38
38
48
50
31
55
55
27
61
48
30
57
57
64
35
50
36
56
57
67
22
46
57
34
35
34
65
34
40
52
45
44
44
38
45
57
25
64
39
63
36
37
33
70
51
57
44
29
35
31
24
38
40
63
36
59
60
29
49
35
40
58
31
44
55
33
39
36
37
58
33
35
55
32
38
39
66
65
34
38
16
45
44
64
46
48
40
51
57
50
59
62
31
51
44
54
53
47
55
35
46
51
47
53
51
42
46
32
43
66
34
30
52
56
36
46
55
53
40
49
66
71
49
30
53
56
55
61
52
61
46
41
38
28
45
58
38
46
57
57
22
73
42
60
49
61
52
46
30
52
55
44
55
45
53
41
53
51
44
46
49
40
62
40
