64
27
36
40
38
66
51
37
59
62
32
34
59
29
32
34
51
28
31
20
65
36
68
48
33
31
68
32
32
61
38
44
35
56
50
43
56
54
52
46
65
23
53
48
35
27
34
38
59
39
31
31
29
38
27
60
37
34
29
30
31
33
31
39
49
40
36
39
34
33
44
59
33
38
37
57
27
30
32
54
19
55
27
49
32
52
23
37
66
24
38
58
63
46
54
29
33
40
30
38
29
28
35
43
36
32
34
54
20
31
33
43
53
53
35
50
55
34
49
55
48
48
50
52
55
27
35
31
69
37
49
29
36
32
36
45
38
78
29
27
36
34
61
35
63
31
33
37
30
41
32
57
36
39
40
53
33
37
33
43
44
24
33
43
75
44
34
46
40
38
34
29
42
59
33
50
64
62
56
51
45
32
49
34
27
49
56
42
36
38
54
31
58
30
36
22
49
34
57
34
44
25
52
57
57
48
60
36
42
51
33
29
31
24
57
49
55
40
36
42
29
35
49
42
31
50
56
39
46
36
37
56
32
38
39
48
49
36
33
53
54
39
51
57
32
35
36
38
54
43
32
41
41
28
31
36
46
56
35
47
59
45
32
38
32
39
52
28
31
55
25
38
34
33
36
52
33
35
43
49
54
50
44
54
27
37
35
26
29
31
30
36
34
35
62
47
32
41
40
30
40
51
33
32
25
34
63
29
29
46
39
39
62
28
36
68
43
31
35
33
21
81
48
50
34
34
58
35
37
24
38
39
62
27
52
41
35
52
57
33
54
29
53
57
64
38
31
52
30
38
28
56
36
56
34
37
30
42
37
57
47
40
57
32
36
35
43
34
23
58
42
19
31
27
30
34
28
39
47
33
55
36
35
42
30
62
47
42
29
54
35
30
34
31
54
38
38
47
34
48
37
47
50
32
29
41
34
53
31
38
29
56
33
54
55
36
48
29
61
60
51
46
47
56
31
40
34
58
65
27
32
39
33
30
50
44
29
28
52
28
36
53
29
33
31
46
41
35
41
37
51
27
37
30
34
34
27
51
28
55
33
47
49
54
38
43
29
70
33
31
29
54
36
55
48
39
59
59
58
52
53
48
70
42
43
48
43
61
51
45
60
53
63
47
32
47
39
41
43
45
