31
26
34
30
33
30
43
34
31
35
32
31
29
24
42
34
34
34
29
35
33
43
45
31
27
37
33
34
32
33
37
35
35
22
37
33
25
34
33
32
32
34
37
38
29
42
35
41
37
30
32
32
36
34
29
36
36
28
35
34
28
29
32
38
33
27
36
32
30
33
34
37
32
35
22
30
39
29
33
39
27
33
30
25
40
31
37
37
32
32
36
33
18
41
24
34
26
33
34
33
35
33
24
37
33
44
27
31
33
33
26
33
38
29
32
34
36
30
31
34
34
41
38
27
31
43
31
37
34
33
28
29
40
37
29
32
41
29
36
40
32
36
30
31
27
35
32
41
39
30
36
26
33
36
33
33
32
37
33
36
31
29
35
23
31
29
33
34
30
29
34
34
30
33
29
29
40
34
23
31
32
39
31
34
35
33
34
23
25
36
42
33
27
37
26
32
34
25
39
42
25
40
24
23
34
39
37
37
36
26
37
44
29
35
39
30
32
38
39
29
29
23
42
31
25
32
28
33
33
35
28
30
33
35
39
30
34
37
40
40
42
29
34
36
35
32
23
30
41
40
50
48
47
30
42
25
25
40
46
14
49
34
28
35
42
28
46
17
52
42
41
33
37
46
31
46
26
20
47
27
34
27
26
40
19
30
27
28
57
12
31
45
24
35
30
31
45
27
48
29
34
41
26
31
38
40
35
25
46
30
29
11
33
25
33
34
19
32
35
31
36
21
22
30
37
14
22
54
42
43
18
35
32
32
55
25
25
27
30
36
14
21
47
26
21
31
45
32
26
42
25
33
20
32
54
40
46
31
39
16
30
41
35
32
25
46
17
55
29
30
39
38
33
32
14
31
25
16
32
20
22
39
27
22
24
20
21
40
33
28
41
40
47
34
37
33
21
27
24
33
20
59
41
46
43
40
31
35
30
15
45
37
51
19
41
29
16
25
48
50
16
19
35
33
17
40
59
34
28
38
33
37
35
30
4
14
38
28
43
47
40
31
42
37
24
29
15
35
39
30
31
32
19
15
24
25
23
32
41
33
22
39
30
27
28
53
20
23
37
41
32
49
44
36
36
7
25
55
28
40
23
13
44
41
42
53
36
36
26
46
34
39
39
39
25
38
46
29
33
39
