49
51
54
48
53
58
39
69
55
29
44
46
42
17
48
28
70
62
46
52
42
42
47
63
36
28
64
37
45
60
40
59
63
64
69
50
49
37
45
20
26
41
25
40
44
64
44
58
55
50
59
51
60
58
62
52
39
52
43
57
46
38
21
41
33
30
43
71
46
48
32
62
31
29
57
58
43
58
62
29
46
33
58
32
47
58
39
53
26
51
57
35
51
39
48
32
35
69
40
40
43
52
53
51
47
54
56
48
35
41
19
62
49
47
41
33
19
53
48
60
37
75
45
57
59
36
40
46
41
38
61
38
44
62
29
65
53
29
57
66
48
43
32
65
36
45
39
28
54
56
39
50
40
47
60
43
41
18
27
41
42
59
59
17
51
27
44
41
61
60
51
36
50
43
34
54
60
47
49
52
30
57
54
53
20
36
33
62
44
32
30
30
52
40
54
37
34
32
38
11
52
22
57
52
54
58
28
46
49
50
30
60
47
51
58
66
49
47
43
23
31
33
44
38
56
63
57
71
43
70
24
60
24
41
63
24
33
14
52
60
48
53
43
34
38
49
25
38
45
14
64
54
60
51
64
50
73
53
29
67
56
50
37
50
15
59
40
49
49
35
61
35
52
39
54
37
57
29
58
42
59
52
67
51
50
17
39
27
29
35
48
40
40
36
35
46
51
50
58
45
59
41
35
34
36
63
47
32
46
33
53
45
65
56
47
14
59
38
60
42
51
56
55
62
54
59
55
30
34
39
46
23
51
42
53
36
62
49
7
53
46
65
42
43
62
32
40
57
47
39
60
71
48
32
31
56
60
59
39
49
39
31
37
47
58
31
32
57
42
57
27
68
32
53
51
35
26
66
46
50
52
64
57
37
60
57
53
50
17
43
48
52
28
66
47
20
68
28
36
41
44
41
17
25
36
41
53
44
63
45
37
33
70
50
57
41
47
56
41
55
50
42
49
62
63
66
58
50
69
31
25
50
67
37
21
58
61
43
62
22
40
56
48
32
54
39
52
57
49
26
43
50
38
50
43
37
46
38
53
49
54
30
22
58
42
45
62
51
33
47
55
53
53
47
51
70
39
38
45
42
16
59
44
43
44
32
52
55
61
45
40
34
41
46
57
58
56
66
43
44
