39
31
31
60
35
25
38
31
52
30
55
30
42
50
30
44
51
34
52
51
39
39
38
43
48
27
27
51
36
45
35
25
50
29
28
31
33
37
34
37
35
32
48
31
27
36
45
45
39
35
36
47
43
29
38
32
57
29
42
34
40
30
28
29
40
37
47
28
34
30
30
33
67
59
33
32
35
62
47
55
42
34
37
64
60
38
30
30
31
34
33
29
31
30
43
34
35
38
31
42
53
31
35
35
27
39
33
32
43
34
32
37
53
31
35
42
35
41
26
28
30
38
40
52
39
30
28
31
35
27
29
33
32
40
27
48
32
39
25
28
31
54
25
47
65
36
39
36
25
30
41
33
45
47
38
24
56
33
28
34
29
31
40
36
54
36
24
28
36
32
51
38
44
31
30
34
37
31
58
33
31
35
31
35
35
38
26
41
31
37
40
32
37
36
29
38
58
31
36
29
36
26
41
33
34
29
27
39
36
25
39
40
24
28
38
31
38
46
35
34
54
63
31
35
24
36
31
39
31
35
27
35
39
64
27
31
51
61
37
28
29
35
30
27
45
65
30
25
40
35
42
40
39
31
38
36
35
34
30
33
37
34
31
32
30
24
32
38
35
37
30
28
41
43
34
59
24
51
45
56
31
31
31
30
31
39
31
19
19
28
31
33
27
41
36
35
38
39
48
53
30
68
31
31
38
31
41
37
35
35
50
27
33
30
33
37
22
47
39
28
45
28
25
40
34
63
34
32
32
51
34
37
42
39
34
38
31
27
38
34
26
36
53
29
35
44
36
32
28
31
48
35
36
36
34
37
63
32
39
50
29
37
31
25
26
31
50
29
26
34
63
31
23
40
33
31
36
40
32
27
34
37
27
29
48
31
32
31
37
35
26
32
38
44
29
75
32
32
31
34
35
31
37
32
31
29
65
31
33
35
37
42
36
33
34
34
35
59
29
33
35
32
33
58
28
37
43
63
28
52
30
39
57
30
41
70
34
19
28
28
43
55
34
40
34
28
18
35
33
29
56
57
40
31
30
32
34
20
37
37
65
50
32
31
25
27
38
43
35
38
29
39
39
44
59
28
29
28
54
52
61
60
56
58
72
49
64
32
58
51
41
40
57
42
51
40
57
37
54
45
