48
50
29
52
46
39
17
52
28
50
28
47
54
49
40
20
26
55
41
51
25
44
49
47
38
54
44
21
41
47
49
53
49
33
43
30
52
32
31
61
50
51
29
33
53
55
26
54
53
32
40
50
19
19
48
60
53
45
55
36
47
38
29
43
60
32
45
18
50
43
27
50
53
56
41
40
49
17
47
56
55
27
42
38
34
30
20
55
33
44
45
53
61
49
32
30
44
34
32
56
48
49
38
11
28
49
30
51
56
54
23
33
54
42
44
56
24
41
48
24
14
52
34
39
25
45
14
53
57
29
37
57
48
52
47
41
57
63
45
41
15
46
55
40
35
44
58
49
45
35
39
29
49
42
50
17
27
40
35
59
44
49
34
50
47
55
33
56
50
48
14
51
42
30
50
54
49
34
60
39
46
62
23
46
42
50
46
46
47
7
32
39
48
55
31
60
39
49
59
47
31
51
47
32
27
32
58
35
26
54
48
17
50
28
44
20
45
51
28
50
45
50
17
25
36
44
47
51
33
41
52
50
31
53
56
58
51
25
50
52
37
21
55
22
32
26
49
22
43
42
33
44
16
53
38
46
43
49
48
23
27
51
52
51
45
36
48
23
54
27
61
36
49
52
52
46
24
56
50
32
45
50
44
49
21
41
17
43
54
39
22
15
28
22
51
29
22
35
47
49
26
51
41
57
52
27
24
49
49
50
52
52
57
47
45
38
48
45
49
48
30
49
47
45
55
40
48
45
58
21
32
52
51
48
52
47
47
55
47
43
36
54
52
59
26
9
57
36
42
41
42
43
45
54
44
18
51
50
33
44
52
29
29
41
52
54
48
54
49
41
49
22
49
34
47
41
55
44
24
48
45
15
53
18
52
45
35
55
41
51
21
49
39
20
45
40
41
28
38
23
57
26
38
44
51
36
57
47
31
44
37
44
47
33
43
43
55
36
55
45
52
49
51
57
26
48
21
22
44
36
20
18
52
24
32
47
32
24
33
52
31
51
47
49
53
18
51
45
53
51
44
54
55
49
35
38
53
35
48
46
56
41
51
36
28
44
20
47
35
39
31
54
50
40
53
19
37
49
38
32
46
35
37
53
39
45
34
24
5
31
22
28
40
46
19
43
50
40
28
38
