64
40
38
39
31
66
31
51
35
25
38
31
59
30
62
59
51
65
36
68
48
68
61
44
56
50
30
43
42
56
30
54
44
52
46
65
34
39
39
53
48
59
60
37
31
38
43
49
27
59
57
30
54
27
36
55
27
45
49
32
35
52
66
58
63
46
54
33
38
25
54
43
53
53
29
50
28
31
33
37
34
55
37
49
55
48
35
32
50
31
52
27
36
35
55
69
49
45
78
36
43
29
38
27
34
61
63
32
57
40
29
34
53
43
40
44
75
44
46
40
30
28
29
42
40
59
37
28
50
34
64
30
30
33
62
56
51
45
49
49
32
56
35
42
34
37
38
54
30
30
31
34
58
49
57
33
52
29
31
30
57
57
34
48
35
60
42
38
51
57
49
55
40
31
42
49
42
31
50
35
35
56
27
46
39
56
33
48
43
49
36
34
37
31
35
42
35
53
41
54
26
28
30
38
40
30
51
28
57
38
31
54
35
43
41
36
27
29
33
46
32
40
56
47
27
32
59
45
52
28
39
25
55
28
31
25
47
39
36
25
30
25
52
35
41
33
38
43
24
33
49
54
50
28
34
29
31
44
40
36
54
26
36
24
29
28
36
35
32
62
38
47
44
31
41
30
34
37
31
40
33
31
35
51
34
63
46
39
62
68
31
43
35
35
21
81
48
58
62
35
38
27
26
41
31
37
52
52
57
54
53
57
40
64
32
37
52
56
36
29
38
56
31
42
36
29
57
36
26
33
34
47
40
57
29
43
27
39
36
25
39
24
28
38
58
31
38
35
42
19
47
34
31
55
42
62
47
35
24
36
42
31
54
54
47
39
31
48
35
37
27
47
35
50
39
34
27
53
31
37
28
56
29
54
55
35
30
27
30
25
48
35
61
42
39
60
51
46
31
47
36
56
35
58
34
65
30
50
33
44
52
53
37
46
34
31
32
30
51
37
30
51
55
47
24
32
49
38
35
54
37
38
70
31
30
54
55
28
41
34
24
48
45
31
59
31
31
59
58
52
30
31
53
48
31
70
19
19
42
43
48
28
43
61
51
31
45
33
27
60
36
35
38
39
30
31
53
63
47
32
47
39
41
31
43
38
31
45
41
37
35
35
27
33
30
33
37
22
39
28
