60
52
36
55
50
31
38
39
51
52
51
48
51
50
48
45
32
45
39
47
57
42
47
33
67
35
27
59
62
47
55
42
64
60
43
41
43
42
53
37
32
32
53
52
41
39
48
54
65
36
45
47
37
56
54
51
58
58
32
36
40
29
15
41
40
46
54
48
36
27
63
31
64
51
61
45
65
40
40
38
43
59
51
33
56
34
41
39
41
48
53
68
50
47
40
28
63
26
51
53
48
63
50
34
50
34
36
23
63
48
26
75
37
65
41
33
38
35
59
58
31
63
31
52
57
70
43
55
56
57
37
38
52
65
50
38
39
44
59
54
52
61
60
56
58
72
49
64
32
58
32
51
41
40
57
25
42
51
40
57
37
54
45
60
45
50
31
51
46
39
62
54
58
20
44
48
31
51
47
51
43
39
43
37
46
28
64
42
30
29
64
62
27
63
30
50
49
53
40
48
42
20
52
48
48
48
39
68
41
56
43
60
40
26
36
50
47
56
51
32
56
50
48
37
46
72
45
55
42
49
33
28
43
54
35
47
26
57
53
67
43
31
50
44
45
53
54
26
35
42
59
27
29
52
31
50
47
41
34
49
26
50
65
56
37
51
56
58
36
40
53
44
31
56
19
43
32
78
66
37
57
29
39
52
60
40
61
45
48
52
27
39
55
20
31
44
44
54
57
41
41
42
52
53
17
63
60
23
38
48
41
50
55
55
27
61
45
48
26
57
57
64
45
35
50
56
57
67
46
57
34
13
25
30
35
32
38
65
31
40
37
52
45
44
38
45
57
64
39
63
37
22
37
70
51
57
44
35
38
40
63
59
60
49
40
58
44
55
33
58
33
35
55
66
65
34
38
19
21
16
45
44
48
64
46
19
48
40
51
57
50
35
56
59
62
35
31
51
38
50
44
54
53
47
55
35
46
51
47
49
53
51
26
42
46
32
43
66
24
34
56
30
52
56
36
46
35
55
53
40
49
66
71
49
30
53
56
38
55
61
32
52
61
46
41
38
28
15
37
38
42
45
31
58
38
46
57
57
22
20
39
73
45
29
42
60
49
61
52
46
30
52
55
44
55
45
53
41
53
51
44
46
49
40
62
40
39
40
34
37
37
31
40
36
33
35
26
44
34
32
