23
60
52
55
50
17
51
52
51
61
48
51
50
48
45
30
13
45
39
47
57
17
42
47
38
33
67
59
62
47
55
42
64
31
60
48
43
42
39
53
20
32
32
53
53
29
34
52
39
48
54
65
36
45
47
31
56
54
51
58
58
41
12
40
46
54
63
64
51
61
19
45
65
40
40
40
38
43
59
51
56
53
38
39
41
48
53
68
50
47
40
63
51
32
53
25
48
63
50
50
34
63
48
31
75
31
37
65
33
35
59
58
39
63
26
52
57
70
30
43
55
45
56
57
37
65
50
34
38
12
18
25
39
44
31
59
54
36
38
52
61
60
27
56
58
35
72
13
49
64
38
32
58
51
41
40
57
42
51
40
57
37
54
45
14
60
50
51
37
46
62
54
34
58
51
47
51
43
39
43
46
64
42
64
62
63
30
50
49
53
40
48
42
52
48
52
31
48
48
68
41
56
60
40
26
36
50
47
56
51
15
37
32
22
56
32
50
22
48
46
72
38
55
48
36
42
49
54
35
36
47
39
57
8
53
31
67
50
37
44
48
45
53
54
26
42
59
52
31
50
47
41
49
50
65
56
18
39
46
41
37
51
36
56
29
58
36
40
53
31
44
56
31
19
43
32
78
21
66
34
37
57
39
52
60
32
51
21
40
61
45
48
52
39
55
47
31
17
44
44
57
41
41
48
32
42
52
53
63
30
60
44
38
48
30
25
38
50
55
55
27
61
11
22
48
31
40
57
57
37
64
35
29
50
56
57
67
18
46
57
51
43
34
35
65
28
40
52
45
37
44
38
45
57
64
27
39
63
37
70
35
51
57
44
35
38
40
63
59
60
25
49
40
35
58
44
55
33
58
33
35
55
66
65
34
19
38
16
16
45
44
64
46
48
40
51
57
50
59
62
31
51
44
54
53
47
46
55
35
46
51
47
53
51
42
46
32
42
43
66
34
30
52
56
36
46
55
53
40
49
24
66
71
30
49
44
30
53
56
46
51
15
28
34
33
55
61
38
31
39
52
61
51
46
41
38
28
45
58
38
46
57
57
22
73
42
31
60
49
61
52
28
46
30
52
55
44
45
55
45
53
41
53
44
51
50
44
46
49
40
36
62
40
39
41
35
36
45
34
38
