50
27
33
45
38
35
52
30
35
30
24
38
34
41
39
32
52
50
47
26
42
19
17
19
54
41
49
55
32
22
16
51
49
47
49
41
54
44
44
47
21
32
47
23
25
34
49
33
28
53
35
22
23
12
49
43
18
52
61
20
50
51
53
36
50
38
55
34
54
18
53
37
42
50
48
60
53
50
55
34
47
60
50
50
43
50
53
56
28
40
33
40
49
21
47
56
55
42
38
26
55
31
45
26
53
61
26
49
44
56
48
49
56
54
32
54
31
35
42
47
56
48
52
39
53
38
34
57
36
57
42
48
34
17
52
26
47
41
57
63
45
39
41
31
30
25
26
35
31
35
46
55
24
44
48
58
49
45
49
27
26
26
50
59
36
40
44
49
50
41
23
47
37
55
50
19
48
50
42
50
44
54
49
60
62
46
36
50
46
46
47
55
37
60
28
36
45
32
48
54
59
51
47
38
11
36
58
54
48
50
43
33
38
20
29
44
45
51
50
28
45
47
50
47
34
24
39
51
52
50
32
53
56
58
33
44
51
52
37
55
43
43
44
18
53
44
46
49
48
25
52
17
27
35
49
51
42
45
48
32
37
54
61
49
52
52
37
30
5
45
46
56
24
50
45
37
28
50
44
47
54
25
54
39
51
49
51
57
33
52
41
49
49
14
50
23
30
52
52
41
46
57
37
51
41
26
31
18
38
47
22
48
45
19
49
26
48
19
48
49
41
37
47
50
45
55
40
33
48
44
45
42
23
58
52
51
48
33
48
30
24
28
52
37
39
47
48
55
52
36
47
43
41
33
33
54
32
28
52
59
25
57
42
41
41
20
38
29
43
45
54
25
22
44
51
39
27
37
50
52
52
42
54
55
48
52
54
21
41
45
48
47
31
35
35
49
49
49
28
30
47
36
55
44
45
53
52
45
55
25
20
51
49
45
57
44
22
57
44
44
47
29
43
24
43
55
36
52
49
57
48
44
30
21
52
36
18
52
37
47
28
44
34
49
26
53
35
51
26
43
52
53
51
21
33
44
54
22
55
53
48
19
32
16
42
46
56
41
37
56
51
38
44
47
54
50
27
36
24
53
55
17
45
49
12
46
46
14
36
44
39
39
40
36
35
50
37
19
22
32
