29
27
33
45
38
35
30
43
35
30
24
48
38
57
34
41
43
32
26
42
19
17
63
19
51
62
41
32
22
16
49
41
44
21
32
47
23
25
34
45
68
46
33
28
35
48
65
43
22
23
12
18
20
36
50
38
34
18
45
37
42
50
34
47
50
28
33
40
21
48
26
31
26
26
32
31
35
47
38
46
34
41
36
42
56
34
17
26
39
31
40
30
25
26
35
71
31
35
24
57
57
48
34
27
26
26
52
36
45
40
41
79
69
47
23
37
55
19
50
60
75
44
36
37
28
36
45
32
48
39
54
38
11
36
60
43
33
38
33
20
29
28
47
44
34
24
39
32
33
44
37
43
18
44
25
59
17
27
35
40
49
42
32
37
45
37
30
5
48
45
52
24
37
28
49
49
47
25
54
33
41
14
23
30
57
49
41
46
37
51
41
54
26
61
31
18
38
22
45
19
26
19
48
41
37
51
50
58
65
33
57
38
44
42
34
23
48
33
30
46
24
57
28
70
41
49
37
54
39
48
52
36
41
33
33
32
28
25
41
65
20
38
29
25
22
39
43
27
37
42
55
52
21
41
45
50
48
47
41
31
51
35
35
28
58
30
36
52
25
56
20
44
22
29
24
30
21
36
45
18
37
28
51
44
34
26
35
52
26
43
52
21
33
22
19
50
32
60
48
16
42
37
38
69
68
80
53
56
38
39
38
27
36
24
55
55
43
59
17
45
12
62
46
14
36
44
39
39
40
36
35
50
37
19
22
32
46
54
56
51
25
39
34
50
36
51
47
42
25
24
59
54
59
19
36
47
35
40
39
39
28
55
23
37
36
31
37
43
16
39
37
14
37
21
42
57
48
38
55
43
44
59
49
24
47
24
20
26
53
41
31
26
65
23
61
41
40
57
54
39
21
34
35
45
39
49
49
29
65
37
24
28
44
57
44
27
42
62
39
42
32
50
43
36
28
68
24
41
55
48
46
33
47
27
40
37
39
47
29
33
50
29
26
53
54
44
24
32
44
15
45
29
43
29
45
34
53
44
51
34
49
27
59
41
43
26
37
42
30
24
13
28
24
36
28
33
31
35
31
35
29
32
32
38
54
50
29
22
28
29
31
17
38
45
36
28
32
46
39
21
