31
26
34
30
33
64
30
43
34
40
31
35
32
31
38
29
24
66
42
51
59
34
62
34
34
29
59
35
51
65
33
43
36
45
31
27
37
33
68
34
32
33
37
35
35
22
37
33
25
34
33
48
68
32
61
44
32
34
37
38
29
42
35
41
56
37
30
32
32
36
34
29
36
36
50
28
43
56
35
34
28
29
32
38
33
54
27
36
52
32
30
46
33
65
34
37
32
35
53
22
30
39
48
59
29
33
39
27
60
33
37
30
25
40
31
31
37
49
37
32
32
59
36
33
18
57
41
30
24
34
26
33
54
34
33
35
55
33
24
37
27
33
44
27
31
49
33
33
26
32
33
52
38
29
32
34
66
36
30
31
34
34
41
58
38
27
31
43
31
63
37
34
33
28
29
40
37
29
32
46
41
29
36
54
40
32
36
30
31
27
33
35
32
41
39
30
36
26
33
38
36
33
33
32
37
33
36
31
29
35
23
31
54
43
29
33
34
30
29
53
34
53
34
50
30
33
29
29
40
34
55
23
31
32
49
39
31
34
55
48
35
33
50
34
23
25
36
42
33
27
37
26
32
52
34
25
39
55
42
25
40
24
69
23
34
39
37
37
36
26
37
49
44
45
29
35
39
30
32
38
78
39
29
29
23
42
31
25
27
32
28
34
61
33
33
63
35
28
57
30
40
33
35
39
30
34
53
43
37
44
40
40
75
44
42
29
46
34
36
35
32
23
30
41
40
42
40
59
36
32
50
38
41
31
64
62
56
30
38
37
42
35
46
51
37
32
35
45
49
35
29
37
49
31
56
26
35
35
38
39
30
30
37
36
43
36
26
36
40
35
38
42
22
39
32
33
33
35
54
27
35
58
38
33
29
49
34
25
36
57
43
27
32
39
31
28
23
28
34
28
30
36
43
52
29
30
31
37
32
30
31
57
33
36
45
57
34
48
35
34
39
36
30
31
41
37
35
39
35
60
24
36
42
51
44
40
34
33
57
28
49
27
30
32
27
30
55
46
35
39
28
30
34
37
34
34
40
36
42
34
32
27
49
31
42
37
38
50
38
33
31
56
46
56
35
40
29
38
36
27
48
23
29
25
34
46
49
36
53
54
51
57
38
54
43
41
36
46
56
47
