64
40
23
38
17
66
61
51
30
13
17
59
62
38
59
51
65
36
68
31
48
39
20
48
68
53
61
29
44
34
31
56
50
43
56
12
19
40
54
52
53
46
38
32
65
53
48
25
59
60
37
31
49
31
59
57
30
54
31
39
55
26
30
27
45
49
34
32
12
52
66
58
18
63
25
46
31
54
36
33
38
54
38
43
53
53
27
35
50
55
49
13
55
48
50
38
52
55
14
37
34
52
69
31
15
37
49
22
32
22
45
38
78
48
27
36
36
39
8
34
61
63
31
37
57
40
53
43
48
18
44
75
39
46
44
46
40
42
59
50
64
41
36
62
29
56
31
51
45
49
31
49
21
34
32
56
42
54
51
58
49
21
47
57
52
17
57
57
48
32
48
30
60
44
30
25
38
42
51
11
57
49
55
22
31
40
42
49
40
37
29
18
51
42
43
28
37
50
56
27
46
35
25
35
56
48
49
19
16
46
42
24
30
36
44
46
53
54
51
51
15
57
28
34
33
38
31
39
51
31
28
45
38
44
54
43
50
36
39
41
36
46
41
35
56
36
45
47
34
38
59
21
33
45
41
48
52
41
23
28
55
48
25
52
35
43
49
54
26
50
17
44
42
54
26
38
35
29
31
35
30
23
25
62
47
41
38
41
40
49
51
34
20
63
28
46
42
39
35
41
62
34
68
43
35
21
81
28
48
31
25
20
36
32
29
58
62
27
35
52
52
57
54
30
53
57
43
34
64
52
56
23
56
42
57
47
40
27
30
24
40
32
57
43
58
34
42
31
42
36
19
47
55
42
62
47
42
54
54
47
29
48
37
47
22
40
50
34
53
31
39
28
56
31
54
55
23
48
61
28
23
42
60
51
30
26
46
42
47
56
12
21
58
65
50
44
40
40
27
38
52
41
33
32
53
46
39
51
37
30
21
51
48
55
47
24
44
49
28
54
38
28
31
37
70
31
40
36
54
55
48
59
59
14
48
33
30
58
41
52
53
42
48
70
36
42
26
45
43
28
29
48
43
61
23
32
32
51
45
20
60
36
47
53
63
47
32
47
19
21
36
17
39
41
32
11
43
45
32
12
39
43
22
32
27
34
16
9
37
37
16
31
21
24
20
23
39
33
27
29
