36
31
38
39
32
35
27
43
41
37
41
37
32
36
40
29
15
48
36
27
31
33
34
41
28
26
34
36
23
26
41
38
31
31
38
52
32
25
45
31
39
20
44
48
31
37
28
30
29
27
20
39
43
37
45
33
28
43
26
43
31
35
27
29
34
26
31
29
27
20
54
17
23
41
45
26
45
13
25
30
32
38
31
37
22
37
19
21
48
19
35
56
35
38
50
49
26
24
56
35
38
32
15
37
38
42
31
20
39
45
29
39
40
34
37
37
31
40
36
33
35
26
44
34
32
36
20
27
22
53
9
29
31
40
35
39
37
28
34
24
34
29
55
40
27
25
33
27
36
17
26
33
39
22
49
38
22
47
26
27
33
35
26
31
34
35
31
43
31
45
35
35
17
32
38
33
32
35
46
41
42
31
21
62
26
46
7
32
36
23
23
44
27
24
45
38
21
12
42
24
27
33
28
32
22
35
32
42
27
39
25
43
35
32
36
23
32
36
36
41
36
33
47
45
26
42
28
30
27
18
28
18
30
17
25
42
20
42
31
46
42
33
20
22
32
46
25
20
44
18
21
39
5
27
21
39
34
27
27
33
41
30
34
38
36
43
25
39
36
55
22
38
37
42
21
49
30
26
31
43
25
28
38
24
33
14
27
43
37
38
54
28
40
25
41
23
32
39
45
35
45
29
27
37
32
45
41
44
42
43
32
21
26
27
30
36
34
41
23
29
29
32
40
51
44
21
13
33
28
42
38
29
30
36
46
41
32
25
32
29
33
26
40
30
16
29
29
14
32
25
24
40
45
50
34
22
30
16
35
40
42
24
24
38
45
38
34
34
44
42
21
24
36
36
33
55
17
20
16
26
41
34
29
25
29
34
43
45
28
24
41
34
31
24
35
40
13
31
23
29
39
28
41
38
28
37
29
9
48
30
36
43
40
38
30
28
26
21
42
44
44
17
48
25
46
35
32
24
42
41
44
14
22
38
39
38
41
39
29
25
49
38
17
33
29
45
34
33
39
37
34
35
40
25
30
20
38
20
40
29
18
32
32
52
25
42
27
47
34
28
33
20
29
39
20
21
23
40
16
39
34
25
29
36
47
28
42
38
20
19
28
39
52
35
38
42
33
33
18
6
