40
49
48
50
50
45
60
48
47
45
47
48
47
51
49
50
47
40
48
52
44
49
54
52
42
50
58
55
50
49
49
53
46
50
44
54
38
51
50
53
50
48
60
49
52
47
53
47
46
46
49
52
52
50
50
45
47
52
47
45
42
46
51
49
44
44
54
47
55
57
39
53
49
52
57
59
48
52
53
57
57
55
52
50
47
47
50
52
45
51
51
57
54
46
53
45
60
53
50
49
59
49
55
50
46
46
50
54
53
54
47
50
48
49
51
51
49
56
47
47
51
45
52
51
51
51
43
51
48
43
50
45
56
55
48
53
52
50
50
63
42
47
42
44
41
48
39
53
45
54
45
57
38
53
48
47
46
49
50
48
54
61
61
51
49
58
52
43
46
45
45
41
42
44
59
46
46
52
54
55
50
55
56
51
47
52
47
48
50
48
49
57
45
51
47
46
49
53
48
48
49
46
43
54
52
50
55
47
53
42
52
55
50
51
50
48
49
51
48
45
53
59
47
60
47
43
50
53
55
51
45
52
57
54
55
58
55
55
45
50
47
50
55
48
49
49
50
56
49
51
53
46
65
42
43
62
40
57
47
60
71
32
56
60
59
39
31
37
58
57
42
57
68
53
51
66
46
50
52
64
57
37
60
57
53
50
43
48
52
66
47
68
36
41
44
41
41
53
63
45
37
70
50
57
41
47
56
55
50
42
49
62
63
66
58
50
69
67
58
61
43
62
40
56
48
54
39
52
57
49
43
50
38
50
43
37
46
38
53
54
30
58
45
62
51
47
55
53
53
47
51
70
39
38
45
42
59
44
43
44
32
52
55
61
45
40
34
41
46
57
58
56
66
43
44
40
59
37
49
41
45
38
63
61
46
62
59
65
49
36
57
47
50
57
57
40
66
58
29
30
29
52
39
37
56
59
54
48
51
59
34
58
45
66
37
41
44
50
51
60
51
41
43
48
42
67
38
66
50
39
61
55
33
54
58
37
50
42
59
57
58
38
48
54
48
63
45
50
54
64
39
42
50
59
46
60
46
50
50
40
55
48
41
40
45
44
43
57
52
49
61
52
47
55
44
56
49
54
43
45
64
69
65
44
34
50
33
54
50
62
68
42
55
35
56
38
63
58
61
64
