48
29
46
17
28
28
40
20
26
41
25
64
44
38
21
41
33
30
40
32
31
29
33
38
26
32
40
66
19
19
45
36
51
38
29
43
32
45
18
59
27
62
59
41
17
51
65
27
36
34
30
20
68
33
44
32
30
34
32
38
48
68
61
11
28
49
44
30
51
23
33
44
24
56
41
24
50
14
34
25
45
14
29
43
37
15
40
35
35
39
29
42
17
27
56
54
40
35
34
33
56
14
51
52
46
65
30
53
34
39
46
23
42
48
7
32
39
48
31
39
59
49
60
47
31
32
27
32
35
26
17
28
20
28
17
25
36
44
37
33
31
41
31
25
50
37
49
21
22
32
26
49
22
42
33
16
38
43
23
27
59
57
51
36
23
27
36
24
32
49
30
21
41
17
43
54
55
22
15
27
28
22
29
22
35
49
47
32
26
52
66
41
27
58
63
24
45
38
30
21
32
46
47
36
26
9
36
42
18
33
54
44
33
29
29
41
41
22
34
38
41
54
24
48
15
18
35
41
21
39
20
43
40
53
41
28
53
50
38
23
26
38
44
55
51
36
47
31
37
33
55
49
45
55
51
26
21
22
36
48
50
52
20
18
24
32
47
32
24
55
33
31
69
51
18
45
49
35
38
35
36
49
28
20
35
45
78
39
31
27
34
61
40
19
37
38
32
63
35
37
53
57
40
39
45
34
24
5
31
22
28
40
53
46
19
43
50
40
28
43
38
21
39
5
44
27
21
75
39
34
44
27
27
33
41
30
46
34
38
36
43
25
39
36
55
22
40
38
37
42
21
42
59
49
30
26
31
43
25
28
38
24
33
50
14
27
43
37
64
38
54
28
40
25
41
23
62
32
39
56
45
35
45
29
27
37
51
32
45
45
41
44
42
43
32
21
49
26
27
49
30
36
56
42
34
54
41
23
58
49
29
29
57
32
52
57
40
51
57
44
21
13
48
33
28
42
60
38
29
42
30
51
36
46
57
41
49
32
25
32
29
33
26
40
30
16
29
29
14
32
25
24
40
45
50
34
22
30
16
35
40
42
24
24
38
45
38
34
55
34
44
40
42
21
24
36
36
33
42
49
42
50
56
46
56
48
49
36
53
54
51
57
38
54
43
41
36
46
56
47
