36
32
37
42
28
36
30
27
29
34
35
34
29
31
36
30
33
27
29
41
36
34
38
36
37
34
29
34
39
31
32
38
41
38
28
38
40
40
40
31
26
28
35
36
31
35
30
33
37
34
24
34
41
32
24
26
39
39
47
33
39
27
38
30
34
42
36
29
35
36
23
38
35
37
36
34
35
34
26
38
35
33
33
44
31
32
30
26
32
35
36
38
25
33
23
49
35
29
41
36
28
21
34
31
34
30
33
38
22
28
37
37
40
36
33
33
33
35
34
41
21
30
30
41
36
23
29
39
43
36
31
27
26
31
34
34
30
35
31
34
36
35
38
28
36
26
33
24
29
24
32
29
34
27
40
33
31
38
39
31
37
30
34
30
38
23
34
33
36
41
33
28
33
28
39
35
35
25
34
33
27
31
40
35
36
42
29
28
33
41
34
25
43
28
38
25
29
39
31
37
36
30
39
35
38
35
29
50
34
42
26
26
39
32
22
25
31
45
41
40
33
37
37
38
34
22
32
29
37
33
28
32
24
39
30
28
35
24
39
38
38
32
42
33
39
35
36
29
43
29
37
36
38
30
37
28
28
29
34
41
30
36
36
35
30
42
35
30
27
41
38
27
30
27
31
27
30
26
35
39
32
34
28
27
29
28
34
38
34
31
26
34
39
27
34
31
30
38
27
37
34
36
34
26
26
35
22
23
37
34
31
38
31
28
32
37
28
23
26
36
37
33
35
36
44
32
29
41
35
41
33
22
34
31
26
29
31
36
32
41
39
34
35
36
39
37
30
41
30
36
35
33
31
32
42
31
33
34
31
30
35
35
22
29
29
32
38
31
39
30
36
39
26
34
32
30
30
37
32
38
30
29
34
30
30
39
40
33
40
30
34
16
27
38
33
32
36
33
35
36
36
37
41
32
40
32
37
29
34
26
40
31
33
30
30
28
28
30
37
34
38
30
25
36
31
34
34
32
30
25
35
36
31
32
32
28
22
32
25
36
31
30
29
35
25
31
29
35
40
36
34
36
37
34
33
31
32
25
38
35
26
29
38
30
41
28
34
37
25
35
30
35
36
37
45
26
29
27
50
35
31
33
30
24
27
33
42
37
33
32
32
34
41
30
33
27
36
38
30
22
