50
52
39
52
50
47
54
49
55
51
49
47
54
44
47
49
53
49
43
52
61
50
51
53
55
54
53
50
48
60
53
55
47
60
50
43
50
53
56
40
49
47
56
55
42
38
55
45
53
61
49
44
56
48
49
56
54
54
42
56
48
52
39
53
57
57
48
52
47
41
57
63
45
41
46
55
44
58
49
45
49
50
59
44
49
50
47
55
50
48
42
50
54
49
60
62
46
50
46
46
47
55
60
59
51
47
58
54
48
50
44
45
51
50
45
50
47
51
52
50
53
56
58
51
52
55
43
44
53
46
49
48
52
51
45
48
54
61
49
52
52
46
56
50
45
50
44
54
39
51
49
51
57
52
49
49
50
52
52
57
47
48
45
49
48
49
47
45
55
40
48
45
58
52
51
48
52
47
55
47
43
54
52
59
57
42
41
43
45
54
44
51
50
52
52
54
48
54
49
49
49
47
55
44
45
53
52
45
55
51
49
45
57
57
44
44
47
43
43
55
36
52
49
57
48
44
52
52
47
49
53
51
53
51
44
54
55
53
48
46
56
41
51
44
47
54
50
53
49
46
31
44
46
43
41
40
65
46
56
49
51
44
49
55
49
53
57
62
51
34
59
59
46
52
58
60
59
63
71
29
50
23
69
64
48
36
38
67
46
57
59
46
46
54
62
57
43
44
57
48
55
49
54
54
62
47
53
51
44
51
51
47
45
43
41
52
29
55
45
63
67
58
37
46
65
38
38
54
39
57
59
27
63
61
52
64
55
48
65
40
46
38
71
37
50
59
41
60
50
52
46
41
63
49
52
59
43
45
47
57
76
60
63
43
56
46
56
43
40
51
67
54
55
53
63
52
49
48
40
68
41
64
54
35
49
55
55
52
29
60
42
53
53
54
66
45
44
54
55
41
35
59
56
35
55
47
52
53
42
47
41
51
59
41
23
49
52
60
62
55
62
52
43
51
51
45
49
50
45
44
60
43
34
42
51
48
44
58
50
52
25
64
48
34
33
52
46
45
54
48
42
52
65
40
46
51
59
29
47
60
63
36
63
55
54
53
48
43
41
33
48
58
45
49
58
37
74
64
54
46
47
67
40
49
42
41
60
49
39
43
35
50
50
48
46
49
44
61
47
49
