49
51
37
54
53
58
39
69
55
36
44
42
37
48
70
29
62
46
52
38
42
29
42
46
47
63
36
37
44
64
37
45
23
34
39
60
59
63
57
64
69
39
25
50
49
37
53
45
40
44
38
64
58
55
20
46
50
59
51
60
24
58
62
52
39
52
27
40
40
17
43
43
57
46
15
43
71
46
48
62
57
58
43
58
62
29
46
58
32
47
58
39
28
53
51
57
35
51
39
48
38
35
69
40
43
52
53
51
47
54
31
56
48
35
29
41
62
49
47
31
41
55
30
33
53
48
38
60
37
75
17
57
59
40
46
41
38
61
44
62
29
65
53
30
57
66
48
33
65
36
39
28
54
56
39
50
40
47
60
43
32
51
27
41
42
59
59
51
44
41
36
61
60
35
34
51
36
50
59
43
54
60
47
49
33
52
38
57
54
53
36
62
30
35
28
52
14
40
40
54
39
37
52
22
57
52
54
58
46
29
50
11
60
30
35
47
58
66
49
40
49
47
33
43
31
38
56
11
63
38
57
71
43
70
24
60
22
63
33
52
41
60
48
53
38
43
38
49
38
64
54
60
51
42
64
50
73
53
67
46
56
50
50
44
59
30
49
49
28
61
19
52
34
54
37
38
57
58
59
52
67
51
50
39
41
6
29
35
48
40
36
46
51
50
24
58
45
59
41
35
36
63
47
32
46
53
45
65
47
59
34
38
60
42
56
24
46
55
62
54
59
34
14
55
51
53
36
62
26
49
53
46
65
42
43
62
40
57
47
60
71
32
56
60
59
39
33
25
31
26
37
39
27
58
57
42
57
27
68
53
51
66
46
50
52
64
8
57
37
60
57
53
50
46
43
48
52
66
38
47
68
36
41
44
41
41
13
53
63
45
37
70
50
57
49
41
47
31
56
21
41
31
55
50
42
49
54
62
63
66
58
50
69
67
58
61
43
62
40
56
48
54
39
39
52
57
49
43
50
38
50
43
37
38
46
38
53
54
19
33
30
30
58
45
62
27
51
47
55
12
53
53
47
28
51
70
39
38
45
42
59
23
44
43
44
32
52
55
61
39
45
45
32
40
34
36
24
41
46
57
58
56
66
43
37
44
17
30
42
55
43
41
29
28
28
32
47
41
36
42
