31
50
26
34
30
33
59
49
30
43
56
34
31
40
48
35
32
31
29
24
42
34
49
34
34
29
35
33
43
45
31
41
27
56
37
33
34
32
33
37
54
54
50
35
47
35
22
43
37
33
25
34
33
54
45
32
32
34
37
38
50
47
29
49
42
35
49
41
37
30
32
32
36
34
50
56
29
44
36
36
28
35
53
34
28
29
32
38
33
27
36
59
32
30
33
34
58
37
32
52
35
22
53
30
39
29
33
39
27
33
55
30
25
40
31
37
48
37
32
32
36
33
50
18
41
24
34
26
33
56
34
56
33
35
33
24
37
33
57
44
27
31
33
33
26
33
38
29
55
46
32
34
36
30
31
34
45
52
34
54
41
38
27
31
43
31
37
43
34
33
28
48
29
55
40
37
29
32
41
29
36
40
32
36
30
31
27
48
35
32
41
48
39
53
30
36
26
51
33
36
33
54
33
54
32
37
33
36
31
59
29
42
35
23
31
29
33
34
30
37
29
34
55
43
34
30
33
29
29
40
34
23
31
32
53
39
31
50
54
34
34
35
33
34
23
25
45
52
36
42
33
27
37
26
32
48
34
25
47
39
42
57
25
40
54
24
46
23
51
34
39
37
37
36
55
26
47
37
44
29
35
39
30
48
32
38
39
29
29
55
23
42
31
25
32
59
28
33
33
35
28
30
33
35
39
30
34
55
53
37
40
40
42
29
34
36
35
32
23
49
30
53
41
40
54
49
50
36
32
38
44
47
46
41
41
51
31
30
38
37
42
35
46
37
59
37
47
32
35
35
29
37
31
53
44
48
26
35
49
35
51
60
46
38
39
30
30
48
37
36
43
36
26
48
36
40
35
38
22
39
32
49
33
33
35
27
35
38
33
57
58
29
49
34
25
52
52
36
48
43
27
32
39
46
53
31
28
23
28
45
34
28
30
36
43
29
58
30
55
31
37
32
30
46
31
44
33
36
55
45
34
35
49
34
39
36
30
46
31
41
37
35
39
35
24
36
56
44
40
34
33
58
28
27
30
32
49
52
48
27
49
30
46
35
40
39
28
30
34
37
47
46
34
34
47
59
36
34
54
53
51
32
27
31
37
38
38
33
31
35
40
29
38
36
27
23
29
25
34
46
