50
37
36
37
52
29
39
38
52
29
50
47
46
54
37
49
44
23
34
39
55
57
39
25
53
51
38
49
47
54
44
20
46
24
27
40
40
17
43
15
47
28
38
49
31
29
31
55
30
53
38
49
17
30
43
52
33
32
51
27
36
35
34
59
33
38
35
28
14
40
61
39
29
11
30
35
40
49
33
11
38
22
41
38
50
51
42
53
46
44
30
55
54
53
28
50
19
48
60
34
53
38
41
6
24
34
55
24
46
34
14
26
33
25
26
39
27
27
47
60
8
46
50
38
13
49
43
31
50
53
21
41
31
54
56
39
40
38
49
19
47
33
30
56
55
27
12
28
23
39
45
32
36
24
37
17
30
42
55
43
41
29
28
28
32
47
41
36
42
42
34
19
40
37
39
38
42
38
55
41
45
46
9
11
36
27
19
21
18
21
53
40
47
17
38
41
27
53
26
61
11
49
36
48
44
28
21
4
24
18
27
33
25
31
20
25
56
19
34
47
52
43
24
41
48
22
49
44
56
40
24
54
23
31
54
38
33
21
42
56
27
27
48
29
29
52
43
42
39
17
37
36
36
19
31
32
24
39
40
42
53
25
51
57
38
27
18
32
57
44
56
18
40
37
48
17
52
31
56
47
26
38
42
47
15
41
23
12
49
31
57
63
45
16
41
46
34
20
48
28
55
44
34
51
37
58
43
23
34
34
49
22
24
45
49
35
37
50
38
59
27
44
44
32
42
30
44
41
26
33
51
36
49
50
47
20
34
32
31
55
21
37
50
35
19
35
44
23
8
48
42
37
24
44
37
50
54
37
49
60
27
35
62
29
46
35
22
50
31
46
46
22
39
39
47
34
40
27
55
60
33
22
35
33
37
32
23
35
36
51
33
59
51
50
47
27
58
27
20
40
51
12
8
27
8
28
29
17
27
24
49
50
54
47
34
26
33
25
25
48
29
18
50
25
32
40
30
44
29
37
51
35
48
45
51
25
29
38
33
6
28
47
50
40
45
8
22
50
23
54
47
39
30
27
51
36
37
52
51
24
27
18
32
37
37
34
50
33
39
36
31
53
33
56
47
30
58
34
24
33
51
20
52
40
19
40
27
28
24
29
18
35
32
34
43
39
31
45
28
36
