27
36
37
32
34
29
32
34
28
31
20
33
31
32
32
38
35
23
35
27
34
38
39
31
31
29
38
27
34
29
30
31
33
39
40
36
39
34
33
44
33
38
37
27
32
19
23
37
24
38
29
40
30
29
28
35
43
36
32
34
20
31
33
35
34
48
27
35
31
37
29
36
32
36
38
29
36
35
31
33
37
30
41
32
36
39
33
37
33
24
33
43
34
38
34
29
33
32
34
27
36
38
31
30
36
22
34
34
44
25
36
33
29
31
24
36
29
35
31
39
36
37
32
38
39
33
39
32
35
36
32
41
28
31
35
32
38
32
39
31
38
34
33
36
33
27
37
35
31
30
36
34
32
40
30
33
32
25
29
29
39
28
36
31
33
50
34
34
35
37
24
38
39
41
35
33
29
38
31
30
38
28
36
34
37
30
37
32
36
35
34
23
31
27
30
34
28
39
33
36
35
30
29
35
30
34
31
38
38
34
32
29
41
31
38
29
33
36
29
31
40
34
27
32
39
33
30
29
28
28
36
29
33
31
41
35
41
37
27
34
34
27
28
33
43
29
33
29
36
39
32
31
21
37
35
19
35
44
23
8
37
24
44
37
37
27
35
29
35
22
31
22
39
39
34
40
27
33
22
35
33
37
32
23
35
36
51
33
50
27
27
20
40
51
12
8
27
8
28
29
17
27
24
49
50
47
34
26
33
25
25
29
18
25
32
40
30
29
37
51
35
48
25
29
38
33
6
28
47
40
8
22
23
54
39
30
27
36
37
51
24
27
18
32
37
37
34
33
39
36
31
33
47
30
34
24
33
20
40
19
40
27
28
24
29
18
35
32
34
43
39
31
45
28
36
46
34
34
36
42
46
29
34
21
55
45
23
22
30
45
47
22
38
28
56
43
45
27
28
63
41
31
38
46
16
44
33
50
35
15
40
37
38
30
40
23
26
41
33
39
54
34
41
48
45
41
39
32
31
22
28
22
32
26
40
32
37
42
30
39
42
18
38
46
42
32
36
51
20
35
23
25
48
43
39
24
27
51
39
27
30
14
33
22
23
28
21
18
43
39
37
46
41
27
34
37
41
20
44
31
44
18
30
34
37
45
23
19
43
47
48
22
38
22
40
29
44
32
44
28
