45
49
49
37
27
46
33
54
45
55
51
38
35
46
47
48
53
30
47
52
55
58
53
54
57
35
61
56
30
55
24
38
44
53
34
41
47
32
47
26
42
53
19
54
50
57
59
52
47
17
50
19
41
50
32
22
16
57
49
41
52
44
51
21
53
50
32
53
47
54
54
49
23
48
25
34
33
52
51
28
47
42
35
57
22
23
56
50
12
18
55
20
36
50
55
38
52
44
34
46
18
46
37
55
42
47
57
50
34
50
49
50
28
51
33
40
51
21
26
31
26
44
50
42
42
60
58
55
26
32
31
35
52
43
47
38
34
44
40
54
60
36
42
53
44
34
50
48
17
63
26
46
39
39
31
49
30
25
48
53
56
26
35
48
31
35
24
48
47
57
46
27
26
52
49
52
26
52
52
53
52
43
36
44
46
49
40
49
63
41
23
37
19
50
44
36
37
28
36
45
53
32
41
48
54
48
48
44
54
38
56
11
36
43
50
33
52
59
38
47
53
53
20
29
28
47
34
24
53
39
51
32
52
33
42
44
46
47
37
43
18
53
47
44
25
17
27
52
35
49
42
32
37
37
30
50
57
50
5
45
45
51
49
62
37
24
37
28
47
42
57
25
54
33
41
14
23
50
48
54
30
49
48
52
50
41
47
46
47
37
57
51
41
26
31
18
38
22
19
47
46
49
26
59
19
48
41
57
37
50
33
44
42
50
63
47
23
47
48
33
47
30
47
24
28
37
49
47
39
45
51
48
52
36
42
54
41
49
49
45
33
46
64
33
32
46
28
47
25
41
20
38
48
44
57
29
50
41
25
22
57
39
27
45
37
55
55
52
54
42
53
55
52
21
52
42
41
45
48
56
55
51
53
48
49
47
41
47
53
31
46
35
35
38
28
30
56
52
58
36
53
49
25
49
45
49
46
20
49
50
44
51
42
22
29
24
30
21
50
36
53
52
55
45
56
52
49
51
18
37
43
28
52
52
61
49
44
34
26
35
53
54
26
48
50
43
51
52
44
21
33
22
51
19
32
16
47
51
48
42
37
49
56
49
38
46
27
56
57
36
50
43
24
53
48
55
17
45
51
48
57
49
56
12
46
14
36
44
39
53
39
50
40
36
35
50
37
19
22
32
