36
31
45
38
39
49
49
37
46
54
55
51
46
47
48
53
32
47
35
27
43
52
55
41
58
53
54
57
61
37
41
56
55
44
53
47
37
47
53
32
36
54
40
50
57
29
59
52
47
15
48
50
50
57
36
27
52
51
53
31
50
53
54
33
34
54
49
48
52
51
41
47
42
57
56
28
26
50
34
55
36
55
52
23
44
46
46
26
55
47
57
50
49
51
51
44
50
41
42
38
42
31
60
58
31
55
52
38
43
44
52
32
40
54
60
53
44
50
25
48
63
46
39
49
48
53
56
48
47
57
46
45
52
49
52
52
52
31
53
39
52
43
44
46
49
49
63
53
41
48
54
48
44
56
20
50
44
52
59
48
47
53
31
53
37
53
28
51
30
52
42
46
47
53
29
47
52
50
57
50
45
51
49
62
37
42
27
57
20
50
39
43
48
54
49
48
37
52
45
50
47
47
57
33
47
46
49
59
28
57
50
43
26
43
63
31
47
47
47
47
49
35
47
27
45
51
42
54
29
49
34
26
49
45
46
64
46
47
48
44
31
29
57
27
50
41
57
45
55
55
52
54
53
52
42
48
56
20
55
51
53
54
49
41
47
17
53
46
38
56
52
58
53
23
49
41
49
45
49
46
45
49
26
50
51
42
50
53
52
55
45
45
13
25
30
56
52
49
51
43
32
38
52
52
61
49
31
53
54
48
50
51
44
37
51
47
51
22
48
49
49
46
56
57
50
43
53
48
51
37
48
57
49
19
21
56
53
50
53
48
19
56
58
47
46
52
35
43
56
35
47
42
38
53
55
46
50
49
49
26
53
50
57
54
55
24
46
52
56
52
46
49
56
53
51
46
56
57
56
52
53
59
54
35
38
32
51
50
51
47
56
50
15
52
52
55
46
54
55
53
37
51
51
52
38
52
51
49
46
41
39
57
50
42
43
53
55
49
43
31
46
51
41
48
20
54
48
52
55
47
59
55
48
59
44
39
45
55
53
54
45
44
45
50
29
47
53
54
52
46
39
47
50
40
52
50
44
43
53
47
34
56
42
44
37
45
37
53
47
51
49
47
31
51
40
36
50
33
42
55
35
26
44
51
55
52
48
48
51
57
34
50
54
32
48
55
51
52
49
50
