23
17
61
30
13
17
38
31
56
48
39
20
53
29
34
31
12
19
40
53
53
38
32
56
25
31
31
39
26
30
49
45
41
34
51
55
12
18
25
31
51
36
38
27
35
13
38
14
37
52
34
52
31
15
37
22
32
22
38
48
36
36
39
8
48
47
45
31
47
53
37
48
49
48
18
39
46
41
43
46
36
48
48
29
48
31
53
31
53
21
48
34
32
51
48
21
47
17
46
48
32
30
52
44
30
25
38
53
11
22
31
40
37
29
43
18
48
51
51
43
28
53
46
37
27
44
35
25
50
35
53
19
16
46
42
24
30
44
53
46
57
51
15
28
34
33
38
31
52
51
39
56
51
31
28
45
50
44
50
36
42
44
39
41
35
36
58
45
34
38
21
33
41
48
41
23
48
26
17
42
38
35
31
30
23
25
38
41
49
20
48
59
28
42
35
41
34
43
28
49
53
43
31
25
50
59
49
53
20
36
32
29
35
30
43
34
23
40
47
27
30
24
52
32
34
47
53
44
58
50
41
42
31
36
29
22
40
31
48
53
39
28
31
23
28
23
42
48
30
26
42
12
52
46
21
40
40
27
38
41
33
32
39
21
48
24
44
28
28
31
45
52
52
37
40
36
51
14
48
33
46
30
54
55
41
42
54
36
26
45
28
29
23
32
32
20
56
36
47
54
56
41
19
37
54
21
36
17
32
11
32
51
12
39
43
22
32
27
34
16
9
37
46
37
49
16
31
21
24
20
23
55
39
33
27
29
43
50
27
20
28
27
29
57
28
37
46
40
57
48
41
41
45
43
49
27
50
55
25
41
16
26
49
41
46
45
47
26
42
46
37
27
28
34
32
35
28
37
54
19
41
13
35
37
33
29
10
26
50
46
23
33
55
27
22
59
38
15
30
36
36
28
31
31
28
47
47
10
42
40
39
30
50
53
47
27
21
43
40
32
26
41
41
23
25
26
57
50
16
40
48
45
49
54
53
44
41
28
48
35
25
51
32
55
25
39
27
53
20
23
54
40
49
45
35
24
38
21
25
46
38
17
29
47
35
27
36
33
28
33
31
45
17
35
42
38
26
29
64
32
41
33
47
49
23
32
39
60
15
48
56
28
33
46
42
12
14
45
35
27
