49
51
54
53
58
36
39
69
55
44
42
48
70
31
62
46
38
52
42
42
47
63
36
64
39
37
45
60
32
59
63
64
69
50
49
37
35
45
40
44
64
27
43
58
55
50
59
51
41
60
58
62
52
39
52
43
57
37
46
43
71
41
46
48
62
57
58
43
58
62
29
46
58
32
37
47
58
39
53
51
32
36
40
57
35
29
51
39
15
48
35
48
69
40
43
52
36
27
31
53
51
47
54
56
48
35
41
62
33
49
47
41
33
53
48
60
37
34
75
57
59
40
46
41
41
38
61
44
62
29
65
28
53
57
66
48
65
36
39
28
54
56
39
26
34
50
40
47
60
43
36
23
41
42
59
59
51
44
41
61
60
51
36
26
41
50
43
54
60
47
49
52
57
54
53
36
62
30
52
40
38
54
37
52
22
57
31
52
54
31
58
46
50
38
60
47
58
52
66
49
47
43
31
38
56
63
57
71
32
43
70
25
24
45
60
63
33
52
31
60
39
48
20
44
53
48
43
31
38
49
38
64
54
60
37
51
64
50
73
53
67
56
50
50
28
59
30
49
49
29
61
27
52
54
37
57
58
59
20
52
39
67
51
50
43
39
29
35
48
40
37
45
33
36
28
46
51
50
58
43
45
26
59
43
31
41
35
36
63
47
32
35
46
53
45
65
47
59
38
60
42
56
55
62
27
54
59
55
51
53
36
29
62
49
53
34
26
46
65
31
29
42
43
62
40
57
47
60
71
32
56
60
59
27
39
31
20
37
58
54
57
42
57
17
68
53
23
41
51
66
45
46
50
52
64
26
57
45
13
25
37
60
57
53
50
43
48
52
66
47
68
36
41
44
30
41
41
32
53
63
38
45
37
70
50
57
31
41
47
56
55
50
37
42
49
62
63
66
22
58
50
69
67
58
61
43
62
40
56
48
37
19
54
39
52
57
49
43
50
38
21
48
50
43
37
19
35
46
56
38
35
38
53
50
54
30
49
58
45
62
51
26
47
24
55
53
53
47
51
70
39
38
56
45
35
42
59
44
38
43
44
32
32
52
55
61
45
40
15
34
37
41
46
57
58
56
66
43
44
38
42
31
20
39
45
29
39
40
34
37
37
31
40
36
33
35
26
44
34
32
