49
39
51
54
53
58
39
69
55
44
42
48
70
62
46
52
42
31
31
42
47
63
35
25
36
38
64
31
37
45
60
30
59
63
30
42
64
69
50
49
37
45
40
44
64
58
30
44
55
50
34
59
51
60
58
62
52
39
52
39
43
57
46
43
39
71
38
46
43
48
27
62
57
58
43
27
58
62
29
36
45
46
58
32
47
58
39
53
35
51
57
35
51
25
39
48
35
69
40
29
28
43
52
53
31
51
47
33
54
56
37
48
34
35
41
37
62
49
47
41
33
53
48
60
35
32
37
75
57
59
40
46
41
38
31
61
27
44
62
29
36
65
53
57
66
48
65
36
39
28
54
56
35
39
36
50
43
29
40
47
60
43
41
42
59
38
59
51
44
41
61
32
60
51
36
29
50
43
34
40
30
54
60
47
49
52
57
54
28
53
36
62
30
52
40
54
29
37
52
22
40
37
28
57
52
54
34
58
46
50
60
47
58
66
49
30
47
30
33
43
31
38
56
63
57
71
32
43
35
70
24
60
34
63
37
38
33
52
60
48
30
30
53
43
31
38
49
38
64
54
60
51
64
50
73
53
67
56
34
50
50
59
49
49
61
33
52
29
54
31
37
57
30
58
34
59
52
67
51
50
35
39
29
35
48
40
36
46
51
50
58
45
59
41
35
38
36
63
31
47
32
46
53
45
65
47
59
38
60
42
56
55
62
54
59
31
55
51
35
35
53
36
62
49
53
46
65
42
43
62
40
57
47
60
71
32
56
60
27
39
33
43
59
34
39
31
37
58
57
42
57
68
53
51
66
46
50
37
52
64
57
37
60
57
53
31
35
50
43
42
48
52
66
47
68
36
35
41
44
41
41
53
63
45
41
37
70
26
50
57
41
47
56
28
55
50
42
30
38
49
40
62
30
28
31
35
63
66
27
29
58
33
32
50
69
40
67
58
61
43
62
40
56
48
54
39
52
57
49
43
50
38
50
43
37
46
38
27
53
32
39
54
30
58
45
62
25
51
47
28
31
55
53
25
53
47
51
70
39
47
38
39
45
36
42
59
44
43
44
32
25
52
55
30
61
45
40
34
41
46
57
41
58
33
56
66
43
44
38
24
33
28
34
29
31
40
36
36
24
28
