54
31
26
46
72
67
45
42
61
34
30
55
36
47
43
33
58
44
59
48
57
52
30
43
34
52
49
47
56
31
50
35
32
55
35
65
57
66
31
37
29
68
47
24
42
46
47
51
47
34
56
43
44
34
34
42
29
47
30
52
35
68
63
60
32
41
74
33
57
43
58
40
45
40
52
49
43
60
55
47
51
31
27
59
37
33
47
34
32
58
53
50
39
47
33
37
35
35
50
48
51
22
60
77
59
67
38
37
56
55
48
55
57
57
55
40
54
65
72
44
48
62
52
33
41
25
34
64
33
54
55
53
51
66
64
32
49
32
58
49
34
36
49
46
55
64
53
36
63
42
62
57
49
56
39
65
34
37
51
44
44
38
29
54
59
42
41
48
49
39
35
42
51
50
63
51
46
49
41
48
37
52
44
61
62
54
56
59
33
48
45
51
52
25
35
60
47
66
30
37
60
32
64
32
49
48
36
42
34
29
42
51
43
59
36
44
50
52
60
42
47
52
46
36
53
28
35
49
41
48
45
54
61
34
57
60
49
54
58
57
28
29
56
51
42
68
32
49
47
52
41
63
31
47
60
62
55
56
56
34
52
61
42
38
54
33
27
36
50
74
67
53
55
32
59
47
55
59
45
53
41
38
30
55
43
53
33
50
41
41
65
50
37
34
49
50
52
28
37
32
50
35
55
22
50
53
30
39
39
28
46
55
53
46
45
44
30
34
38
38
61
29
33
39
38
63
52
29
76
27
36
56
33
51
30
25
65
64
48
43
40
61
66
50
37
53
60
31
55
37
56
50
61
36
37
57
35
58
56
32
62
56
49
32
48
46
36
40
33
60
59
62
18
24
56
40
47
57
49
41
50
24
60
34
59
26
33
47
65
58
47
29
34
49
33
35
38
49
33
63
35
39
45
51
54
58
24
54
61
64
37
33
62
61
44
64
35
70
67
27
45
27
31
72
52
33
46
68
33
49
46
48
26
45
35
51
33
38
62
53
50
29
68
35
50
42
57
59
32
62
34
48
59
36
49
55
43
35
59
54
30
31
37
64
49
33
34
38
64
52
38
35
57
34
51
56
54
55
41
43
48
38
62
27
51
40
52
31
40
52
60
40
60
39
61
33
48
50
55
49
