54
36
31
38
46
72
39
32
67
45
42
35
61
55
27
36
43
41
47
37
43
41
37
32
58
36
44
40
59
48
57
52
52
49
47
56
50
55
35
65
57
29
15
66
37
68
48
47
46
47
51
36
47
56
43
44
27
42
31
47
30
52
68
63
33
60
32
34
41
74
57
58
40
41
40
52
49
28
43
26
60
55
47
51
59
47
34
36
23
58
53
50
39
47
50
48
51
26
41
60
77
38
59
31
67
38
56
31
55
48
55
57
57
55
38
52
40
54
32
65
72
25
45
31
44
48
62
52
39
41
64
54
55
53
51
66
64
49
58
20
49
34
36
49
44
48
31
37
28
46
55
64
30
53
29
36
63
42
62
27
57
49
56
39
65
51
44
44
54
20
39
59
43
41
48
37
49
39
42
51
45
50
63
51
46
49
33
28
48
52
44
61
62
54
56
43
59
33
48
45
51
52
25
35
60
47
26
66
37
60
64
49
48
42
43
42
51
43
59
44
50
31
52
60
42
35
47
27
29
34
26
52
46
31
53
29
49
41
48
27
45
54
61
20
54
57
60
49
54
58
57
56
51
17
42
68
49
47
23
41
52
45
41
63
31
47
26
60
45
62
13
55
56
56
34
52
61
42
25
54
30
50
74
67
32
53
38
55
59
47
55
59
31
45
37
22
53
37
19
41
38
55
43
21
53
50
48
41
41
65
50
19
35
37
49
50
52
28
50
55
50
53
39
28
46
56
55
53
35
46
38
45
44
30
50
34
38
38
49
61
38
63
26
52
29
76
24
36
56
51
56
65
64
35
48
43
38
32
61
15
66
37
38
42
50
31
37
53
60
55
56
50
61
36
20
39
45
29
57
35
39
40
58
56
62
56
49
34
37
48
46
40
37
60
31
40
59
36
62
24
56
33
40
47
35
57
49
50
60
59
47
65
58
47
29
49
38
49
26
63
35
39
44
45
34
32
51
54
58
54
61
64
62
61
64
35
70
67
45
27
72
52
46
68
49
46
48
45
35
51
62
53
50
68
35
50
42
57
59
62
48
59
49
55
43
35
59
54
37
64
49
33
38
64
52
38
35
57
51
56
54
55
43
48
62
51
40
52
40
52
60
40
60
39
61
33
48
50
55
49
