36
31
60
38
39
52
32
35
27
55
43
50
41
37
51
52
51
48
41
37
51
50
48
32
45
36
45
40
29
39
47
57
42
47
15
48
36
33
67
59
27
31
33
62
34
47
41
28
55
26
42
64
60
34
36
23
43
26
42
53
41
32
38
31
32
53
31
52
38
39
52
48
32
25
54
45
65
36
45
31
39
47
56
54
20
44
51
48
31
58
37
28
30
58
41
29
27
20
39
43
37
45
33
40
46
54
28
43
63
26
64
51
43
61
45
31
65
40
40
35
27
29
38
43
59
34
51
26
31
29
56
39
27
20
54
17
41
23
41
48
45
53
68
50
47
40
63
26
45
13
51
53
48
25
30
32
38
63
50
31
50
37
22
37
34
63
48
75
37
65
19
21
33
35
59
48
58
63
52
19
35
57
56
70
43
35
38
55
56
50
57
49
26
24
37
56
65
50
38
35
39
38
32
44
59
15
54
52
61
60
37
38
42
31
20
56
39
45
29
39
40
34
37
37
31
40
58
36
33
35
72
49
26
64
44
34
32
58
51
41
32
36
40
57
20
27
22
42
53
51
9
29
40
57
37
54
31
45
40
60
35
50
51
46
62
39
37
54
28
58
51
47
34
24
34
29
51
55
43
39
40
27
25
43
46
64
33
42
64
62
63
30
50
27
36
17
26
33
39
49
22
53
40
48
42
52
48
48
48
68
41
49
56
60
38
40
26
36
22
47
50
26
47
27
56
51
32
56
50
33
35
48
26
46
31
34
72
55
42
35
31
43
49
31
45
35
35
17
54
35
47
32
38
57
33
53
32
35
46
41
67
42
50
31
21
62
44
45
26
46
53
7
32
36
23
54
23
26
42
44
27
24
59
52
45
38
31
21
50
12
47
41
42
24
27
33
28
49
50
32
65
22
35
56
37
51
56
32
58
36
40
53
44
42
56
19
27
39
43
25
32
43
78
35
32
66
37
36
57
23
32
36
39
36
41
52
36
33
60
40
47
61
45
45
48
26
52
39
42
28
55
31
44
44
30
27
18
57
28
18
30
17
25
41
41
42
52
42
20
53
42
63
31
60
46
42
33
20
22
32
38
46
25
20
48
44
50
18
55
55
27
61
48
57
57
64
35
50
56
57
