37
36
37
50
29
52
38
39
52
50
29
46
47
54
49
55
51
37
49
47
54
44
47
49
44
23
34
53
49
43
52
61
50
51
53
39
57
55
39
25
54
53
38
53
50
48
20
60
46
53
24
55
47
27
40
40
17
60
43
50
15
28
43
50
53
38
56
31
29
40
31
55
30
38
49
47
56
55
17
30
33
42
32
38
55
45
51
53
27
61
49
36
35
34
59
33
44
38
56
48
35
49
28
56
14
54
40
54
39
42
29
11
30
35
56
40
48
49
52
33
39
53
57
11
38
57
48
22
41
52
38
47
41
57
42
46
44
63
45
30
41
28
46
55
19
44
58
34
49
38
45
49
41
6
50
24
59
44
34
49
50
47
55
24
50
48
46
42
50
54
34
49
14
60
62
46
50
26
46
33
25
26
46
39
47
27
27
55
8
60
59
46
51
38
47
13
58
49
54
48
50
31
44
21
41
31
54
39
45
51
50
38
45
50
47
51
52
50
53
56
19
33
58
30
27
51
12
52
28
23
55
39
45
32
43
36
44
24
37
17
53
46
49
48
52
30
51
42
45
55
43
48
41
29
54
28
61
49
52
52
28
46
32
47
56
41
36
50
42
34
19
45
40
37
39
38
50
44
42
41
46
54
9
39
11
51
36
27
49
51
57
52
19
21
18
49
49
21
50
52
40
47
52
57
17
38
41
27
47
53
48
45
26
49
11
48
36
49
48
47
45
28
55
21
40
48
45
4
58
24
18
52
51
27
48
33
52
47
25
31
55
20
25
19
34
47
47
52
43
24
41
43
54
52
59
22
57
42
41
43
45
44
54
44
51
40
50
24
23
52
52
54
48
31
54
49
49
49
38
47
33
21
27
27
29
29
43
55
42
39
44
17
37
45
53
36
52
45
36
19
55
51
31
32
24
40
42
25
51
38
49
45
57
57
27
18
44
44
32
47
43
43
55
44
56
18
40
36
37
17
31
52
49
57
48
56
44
52
26
52
47
38
49
42
47
15
23
53
51
12
49
53
31
16
34
51
44
20
48
54
28
55
53
34
48
51
37
43
23
34
46
56
41
51
44
47
54
34
50
22
53
49
24
46
35
37
38
27
44
32
42
30
44
41
26
33
51
36
20
34
