32
30
40
33
37
39
28
40
35
35
32
27
38
21
36
32
32
32
36
31
31
37
31
37
35
30
34
25
35
35
27
33
28
28
24
34
28
40
28
28
32
23
33
35
33
36
30
35
44
30
35
37
30
32
34
34
30
39
33
24
34
23
37
28
36
34
40
28
22
29
23
34
33
30
38
37
25
29
38
28
38
39
32
31
29
35
27
24
33
29
35
40
23
22
32
30
35
33
29
37
35
38
37
34
30
31
33
27
36
37
30
37
30
31
36
33
36
26
41
24
41
37
40
34
35
40
36
29
26
36
36
33
38
33
31
31
26
34
34
40
34
30
29
32
24
29
29
30
23
36
34
33
40
32
32
32
31
24
33
32
31
28
24
40
41
26
35
32
29
21
37
36
32
29
29
37
35
28
29
37
42
33
29
32
29
39
38
29
33
35
33
41
41
35
29
36
36
38
31
31
25
35
31
32
36
34
33
37
30
33
34
24
33
33
41
26
31
31
38
33
31
37
35
24
26
33
36
40
38
31
32
22
34
34
42
23
31
37
34
31
40
29
32
42
38
33
39
29
26
33
45
28
25
34
34
32
32
34
37
42
39
34
38
31
27
38
34
26
36
29
35
44
36
32
28
31
35
36
36
34
37
32
39
29
37
31
25
26
31
29
26
31
23
40
33
31
36
40
32
27
34
37
27
29
31
32
31
37
35
26
32
38
44
29
32
32
31
34
35
31
32
31
29
31
37
42
36
33
34
34
35
29
33
35
32
33
28
37
43
28
30
39
30
41
34
19
28
28
34
40
34
28
18
35
33
29
40
31
30
32
34
20
37
32
31
25
27
38
43
35
29
39
28
29
28
30
33
30
36
33
26
34
32
27
33
26
31
32
29
39
33
26
39
31
30
30
28
38
36
27
31
28
35
27
29
38
38
35
43
35
32
33
33
35
30
41
32
28
30
31
30
34
28
30
32
32
32
31
32
35
34
27
30
27
30
25
43
40
22
37
37
34
32
21
29
31
36
40
39
39
46
26
36
29
39
30
42
39
23
36
34
30
34
31
38
36
33
39
24
29
37
36
37
37
36
27
35
28
39
39
25
45
31
30
33
32
23
30
30
28
32
27
34
27
38
26
36
35
37
24
