32
30
40
33
37
39
28
40
35
35
32
27
38
45
21
36
32
32
32
36
31
31
37
31
37
35
30
34
49
25
35
49
35
37
27
46
33
54
28
28
55
24
34
28
40
28
28
51
32
23
33
35
46
47
33
36
30
48
35
44
30
35
37
30
32
34
34
30
39
33
53
47
24
34
23
37
28
52
55
36
34
40
28
22
29
58
53
54
23
34
33
30
38
57
61
56
37
25
29
55
38
28
38
44
39
53
32
31
29
35
27
24
47
33
29
47
53
35
40
23
22
32
30
35
33
54
50
29
37
35
38
37
57
34
59
52
30
31
33
27
36
37
30
37
30
31
36
33
36
26
41
24
47
41
37
40
34
35
40
36
50
29
26
36
36
33
50
38
33
31
31
26
34
34
57
40
52
51
34
30
29
32
24
29
53
29
30
23
36
34
33
40
32
32
32
31
24
33
32
31
28
24
50
53
40
41
26
54
35
32
29
54
49
21
37
36
32
29
29
37
35
28
29
37
42
33
29
48
32
52
29
39
38
51
29
33
35
33
41
41
47
35
42
29
36
36
57
38
31
56
31
25
35
31
32
50
36
55
34
33
37
30
55
33
34
24
33
33
41
26
52
31
31
38
33
31
37
35
44
46
24
26
33
36
40
38
31
46
55
32
47
22
34
34
42
23
31
57
37
34
31
40
29
32
42
38
33
39
29
26
50
33
37
49
51
51
44
36
38
30
37
28
28
29
34
41
30
36
36
35
30
50
42
35
30
42
42
60
58
27
41
38
27
30
55
27
31
27
30
26
35
52
43
39
44
40
32
34
28
27
29
28
34
38
34
54
31
26
34
60
39
27
34
31
30
38
53
44
27
37
34
36
34
50
26
26
35
22
23
37
34
31
48
63
38
31
46
39
28
32
37
49
28
23
48
26
53
36
37
33
35
56
36
44
32
29
41
48
35
41
33
22
34
31
26
29
31
36
32
41
39
47
34
35
57
36
46
39
37
30
41
30
36
35
52
49
33
31
32
42
52
52
52
53
31
52
33
34
31
30
43
35
44
35
46
49
22
49
29
29
32
38
31
39
30
36
39
63
53
26
34
32
41
48
54
48
44
56
50
52
59
47
53
53
53
51
52
42
46
47
