56
48
53
56
49
29
41
51
55
51
52
48
47
45
46
17
47
28
53
49
28
48
43
46
40
48
48
48
53
53
20
26
48
48
46
41
52
53
43
48
51
53
46
44
50
53
25
53
57
52
51
44
56
50
38
42
21
44
58
48
59
43
49
53
41
43
50
33
59
49
53
30
47
52
47
53
32
44
58
50
41
31
48
29
33
53
48
52
46
45
52
26
32
40
52
51
46
19
54
55
54
56
54
56
41
37
54
51
46
19
49
55
43
50
57
57
43
49
50
55
41
49
45
46
47
36
54
38
29
50
46
55
59
47
47
50
43
53
47
57
32
50
45
49
18
27
54
53
44
48
51
55
53
54
49
47
41
64
17
49
27
60
56
47
48
48
50
38
34
30
20
45
43
47
33
58
45
44
45
32
30
34
32
38
72
55
11
49
50
49
28
49
50
30
51
55
53
47
49
54
51
53
23
59
51
56
33
56
44
24
41
24
43
53
52
14
53
52
53
45
34
57
25
49
47
45
47
45
60
44
53
51
50
50
54
65
47
50
49
46
14
45
47
57
29
49
53
37
47
15
40
52
35
50
50
43
52
50
58
46
35
59
46
48
39
45
54
47
50
51
29
42
51
17
54
57
52
48
54
49
27
45
45
52
49
53
55
40
54
35
53
46
48
57
34
33
53
56
14
42
42
46
44
52
49
43
43
42
48
53
49
52
59
48
44
51
52
46
44
57
43
48
49
55
30
44
34
46
56
55
39
52
52
46
43
48
37
23
53
42
56
48
41
49
54
7
52
56
58
32
45
39
48
31
52
47
59
54
50
48
39
49
47
55
31
47
32
52
59
27
51
45
60
50
32
40
35
42
26
51
52
17
28
43
49
52
20
52
46
56
52
28
39
49
54
50
61
17
49
50
52
40
25
56
56
36
44
33
60
43
44
48
52
48
53
41
44
31
40
46
54
49
59
43
57
40
56
25
50
42
47
50
37
51
58
44
48
49
52
50
48
21
58
47
48
22
53
53
51
51
50
49
51
44
53
43
32
26
49
51
53
46
54
49
55
22
46
42
45
46
33
16
47
44
46
52
50
52
59
48
48
41
49
67
50
50
55
53
46
58
53
52
50
52
49
47
55
51
54
48
