36
32
37
42
28
36
30
27
29
34
35
34
29
31
36
30
33
27
29
41
36
34
38
36
37
34
29
34
39
31
32
38
41
38
28
38
40
40
40
31
26
28
35
36
31
35
30
33
37
34
24
34
41
32
24
26
39
39
47
33
39
27
38
30
34
42
36
29
35
36
23
38
35
37
36
34
35
34
26
38
35
33
33
44
31
32
30
26
32
35
36
38
25
33
23
49
35
29
41
36
28
21
34
31
34
30
33
38
22
28
37
37
40
36
33
33
33
35
34
41
21
30
30
41
36
23
29
39
43
36
31
27
26
31
34
34
30
35
31
34
36
35
38
28
36
26
33
24
29
24
32
29
34
27
40
33
31
38
39
31
37
30
34
30
38
23
34
33
36
41
33
28
33
28
39
35
35
25
34
33
27
31
40
35
36
42
29
28
33
41
34
25
43
28
38
25
29
39
31
37
36
30
39
35
38
35
29
50
34
42
26
26
39
32
22
25
31
45
41
40
33
37
37
38
34
22
32
29
37
33
28
32
24
39
30
28
35
24
39
38
38
32
42
33
39
35
36
29
43
29
21
39
5
27
21
39
34
27
27
33
41
30
34
38
36
43
25
39
36
55
22
38
37
42
21
49
30
26
31
43
25
28
38
24
33
14
27
43
37
38
54
28
40
25
41
23
32
39
45
35
45
29
27
37
32
45
41
44
42
43
32
21
26
27
30
36
34
41
23
29
29
32
40
51
44
21
13
33
28
42
38
29
30
36
46
41
32
25
32
29
33
26
40
30
16
29
29
14
32
25
24
40
45
50
34
22
30
16
35
40
42
24
24
38
45
38
34
34
44
42
21
24
36
36
33
55
17
20
16
26
41
34
29
25
29
34
43
45
28
24
41
34
31
24
35
40
13
31
23
29
39
28
41
38
28
37
29
9
48
30
36
43
40
38
30
28
26
21
42
44
44
17
48
25
46
35
32
24
42
41
44
14
22
38
39
38
41
39
29
25
49
38
17
33
29
45
34
33
39
37
34
35
40
25
30
20
38
20
40
29
18
32
32
52
25
42
27
47
34
28
33
20
29
39
20
21
23
40
16
39
34
25
29
36
47
28
42
38
20
19
28
39
52
35
38
42
33
33
18
6
