49
51
36
54
53
32
58
39
69
37
55
44
42
42
48
28
36
70
62
46
30
52
42
42
27
47
63
36
64
37
29
45
60
34
59
63
35
64
34
29
69
50
31
49
37
45
40
44
64
58
55
50
59
36
51
60
30
58
62
52
33
27
39
52
43
57
46
29
43
71
41
36
46
48
62
57
58
43
58
62
29
34
46
58
32
47
38
36
58
37
39
53
51
57
34
35
51
39
48
35
69
40
43
29
34
39
52
53
51
31
47
54
56
48
32
35
41
62
49
38
41
38
28
47
41
38
33
53
48
40
40
60
40
37
75
31
57
59
40
46
26
28
41
38
61
35
44
62
29
65
53
36
57
31
66
48
65
36
35
39
28
30
54
56
39
33
50
40
47
37
60
34
43
41
42
24
59
34
59
41
51
44
32
41
61
24
60
51
36
26
50
43
54
39
60
47
49
39
52
57
47
33
39
54
53
27
36
62
30
52
38
40
30
34
54
37
42
52
22
36
57
52
29
54
58
46
50
60
35
36
23
47
58
66
49
47
43
31
38
56
63
57
71
43
70
24
60
63
33
52
60
48
53
38
43
38
35
49
38
64
54
37
60
51
64
36
50
73
53
67
56
50
50
59
49
34
49
61
52
54
37
57
58
35
59
52
67
51
50
39
29
35
48
40
34
36
46
51
50
26
58
45
59
41
35
36
63
47
32
46
53
45
65
47
59
38
38
35
60
42
56
55
62
33
54
33
59
55
51
53
36
62
44
31
49
32
53
30
46
65
42
43
62
40
57
47
60
71
32
56
60
59
26
32
39
31
35
37
58
57
42
36
38
57
25
68
33
53
51
66
23
49
35
29
46
41
50
52
64
57
36
37
60
28
21
57
53
50
43
48
52
66
34
47
68
36
41
44
41
41
53
63
45
31
34
30
37
70
50
57
41
47
33
56
55
38
22
50
28
42
49
62
63
66
58
50
69
67
58
61
43
37
62
40
56
48
54
39
52
57
37
40
49
43
36
50
38
50
43
33
37
46
33
33
35
38
53
54
30
58
34
45
41
21
62
51
47
55
53
53
47
30
51
70
39
38
45
30
42
59
44
41
43
44
32
36
52
55
61
45
40
34
41
46
57
58
56
66
43
44
