23
17
45
49
61
30
13
17
38
31
48
39
49
20
53
29
34
31
37
46
54
12
19
40
53
38
32
25
55
31
31
51
46
47
48
53
39
26
30
45
34
47
12
18
52
25
31
36
55
38
27
35
13
38
14
58
37
34
53
52
54
31
15
37
22
32
57
22
38
48
36
36
39
8
61
31
37
48
18
56
55
39
46
41
44
53
47
36
47
29
31
31
53
54
50
21
34
57
59
52
32
51
47
21
47
17
48
32
50
30
44
30
50
57
52
51
25
53
38
11
50
22
31
40
53
37
29
18
54
51
54
49
43
28
48
37
52
27
35
25
51
35
47
19
42
16
57
46
42
24
30
56
50
55
55
44
46
51
52
15
28
34
33
44
38
31
39
46
51
31
28
45
46
44
50
36
39
41
55
47
35
57
36
45
34
38
21
33
50
41
48
41
49
23
51
48
26
17
42
38
35
31
30
23
51
25
38
41
49
20
28
42
35
41
34
28
31
44
50
25
42
20
36
32
42
29
35
30
43
34
60
23
40
27
58
30
55
52
24
32
34
43
42
31
36
29
44
22
40
40
31
54
60
39
28
53
44
31
23
28
23
42
30
26
42
12
50
21
48
40
40
63
27
38
41
33
32
39
21
48
24
46
44
28
28
39
49
31
48
53
37
40
36
14
48
33
30
41
56
42
36
48
47
57
26
45
46
28
29
52
23
32
32
20
36
49
47
19
21
36
17
52
32
11
52
32
12
39
52
43
22
32
27
53
34
16
52
9
43
37
37
16
31
21
44
24
20
46
23
39
33
27
29
49
27
20
28
27
29
28
37
46
40
48
41
41
45
27
49
25
63
53
16
26
41
41
45
26
42
46
48
54
37
27
48
28
34
44
56
32
35
28
37
19
41
50
52
13
59
35
37
33
29
47
10
26
23
33
27
22
38
15
30
36
36
28
53
31
53
31
28
53
10
51
42
40
52
39
30
27
21
42
43
40
32
26
46
41
41
23
25
26
16
40
47
48
45
41
28
35
25
32
25
39
27
20
23
40
45
35
24
38
21
25
46
38
17
29
35
27
36
33
28
33
31
45
17
35
42
38
26
29
32
41
33
47
23
32
39
15
48
28
33
46
42
12
14
45
35
27
