31
64
40
38
66
51
26
34
59
62
30
59
51
65
36
68
33
30
48
43
68
61
34
44
56
31
50
43
35
56
54
52
46
65
53
48
59
60
37
31
49
32
59
31
57
30
29
54
55
27
49
24
42
32
52
34
66
34
58
63
46
54
33
38
54
34
43
53
53
29
50
55
49
35
55
48
50
33
52
43
55
45
69
49
31
45
78
27
34
27
61
37
63
33
34
57
40
53
32
33
37
43
35
35
44
22
75
37
33
44
46
40
42
59
50
64
25
34
62
56
51
33
45
49
49
32
32
56
42
54
58
49
34
57
37
52
57
57
48
60
42
51
57
49
38
29
42
35
55
40
42
49
41
37
42
50
56
46
56
48
49
36
53
54
30
51
57
38
32
32
54
43
41
36
46
36
56
47
59
45
52
28
55
25
34
52
35
43
49
29
54
50
44
54
26
36
36
29
35
28
62
47
41
35
34
40
51
34
63
46
39
62
68
43
35
21
81
48
28
58
62
29
27
52
52
57
54
53
57
64
32
52
56
38
56
42
57
47
40
57
43
58
42
19
47
33
55
42
62
47
42
27
54
54
47
48
37
36
47
50
34
53
56
54
55
48
32
30
61
60
33
51
46
34
47
37
56
58
32
35
65
50
44
22
52
30
53
46
39
51
29
33
37
30
51
55
47
49
54
38
39
70
31
27
33
54
55
48
59
59
58
30
25
52
53
40
48
70
42
43
48
43
61
51
45
60
31
53
37
63
37
32
47
32
47
39
41
43
45
31
44
46
43
41
40
65
32
46
56
49
51
44
49
55
49
53
57
62
51
34
59
36
59
46
52
33
58
60
59
63
71
29
50
18
41
24
23
69
64
48
36
38
67
34
46
57
59
46
46
54
62
57
43
26
44
57
33
48
34
33
35
55
49
33
24
54
54
62
37
47
53
51
33
44
44
51
51
47
45
43
41
27
52
31
33
29
55
45
63
67
58
33
37
46
26
65
38
38
33
54
39
57
59
38
29
27
32
34
63
61
52
64
55
48
65
40
46
38
36
71
37
30
50
59
41
60
50
52
46
41
31
63
49
52
34
59
43
34
45
47
41
57
76
38
60
63
43
56
46
56
43
40
51
67
54
55
53
63
27
31
