50
27
59
49
56
40
36
48
49
41
56
37
54
54
50
47
32
43
34
54
29
45
50
47
49
32
34
28
49
50
56
44
53
59
58
31
52
20
53
55
48
50
56
56
57
33
55
46
45
52
54
43
48
55
31
48
48
53
32
51
54
54
32
38
59
42
37
35
55
23
43
53
50
54
34
45
52
48
47
35
27
34
57
38
54
46
51
55
47
48
55
59
55
39
53
49
53
54
31
49
50
31
44
29
38
47
46
41
51
37
59
47
53
44
48
49
51
27
60
34
46
48
29
30
48
31
49
57
33
58
39
49
40
52
52
48
46
53
45
58
36
55
46
44
39
55
49
46
34
33
56
44
33
58
49
52
48
49
40
38
47
46
47
37
59
27
54
53
51
45
45
32
46
44
54
38
49
48
19
45
23
37
45
50
58
50
53
51
24
55
38
49
56
55
29
51
51
61
46
40
48
46
53
49
48
50
57
48
42
57
49
42
40
51
41
55
56
46
56
41
30
29
46
54
56
40
50
48
56
46
52
52
48
59
28
35
57
52
48
55
43
38
51
53
46
52
36
49
54
32
57
57
47
34
49
48
51
48
51
44
45
46
20
52
46
31
45
33
43
35
49
54
34
47
45
55
48
48
47
50
27
45
53
35
31
43
37
45
29
50
52
54
60
60
57
44
48
47
48
41
54
36
56
53
52
56
43
32
45
48
60
47
36
48
44
38
47
53
29
50
56
36
56
50
45
52
35
47
43
31
47
45
52
51
55
51
46
51
33
40
56
49
49
45
43
49
37
54
30
54
51
54
58
52
51
47
41
53
42
50
32
36
52
55
47
58
39
33
37
52
53
49
51
33
53
24
33
49
42
54
50
55
59
52
57
47
47
58
43
53
34
55
46
38
50
45
34
46
48
49
29
57
44
47
47
49
40
49
33
45
32
34
49
48
27
36
47
53
56
45
53
57
60
49
42
44
44
38
46
57
57
58
44
42
49
31
43
30
48
42
48
47
56
45
54
52
60
61
46
49
36
22
59
53
54
34
34
44
54
51
59
60
56
53
46
50
52
44
50
48
57
48
49
44
25
52
51
50
43
36
33
55
29
46
49
42
52
31
50
24
36
29
35
31
39
36
37
32
38
39
