37
36
37
29
38
29
46
37
44
23
34
39
57
39
25
53
38
20
46
24
27
40
40
17
43
15
28
38
31
29
31
55
30
38
17
30
33
32
51
27
36
35
34
59
33
38
35
28
14
40
39
29
11
30
35
40
49
33
11
38
22
41
38
42
46
44
30
28
19
34
38
41
6
24
34
24
46
34
14
26
33
25
26
39
27
27
8
46
38
13
49
31
21
41
31
54
39
38
19
33
30
27
12
28
23
39
45
32
36
24
37
17
30
42
55
43
41
29
28
28
32
47
41
36
42
34
19
40
37
39
38
42
41
46
9
11
36
27
19
21
18
21
40
47
17
38
41
27
53
26
11
36
48
28
21
4
24
18
27
33
25
31
20
25
19
34
47
52
43
24
41
22
44
40
24
23
31
38
33
21
27
27
29
29
43
42
39
17
37
36
36
19
31
32
24
40
42
25
51
38
27
18
32
44
56
18
40
37
17
31
56
26
38
42
47
15
23
12
49
31
16
34
20
48
28
34
51
37
43
23
34
34
22
24
35
37
38
27
44
32
42
30
44
41
26
33
51
36
20
34
50
48
47
30
42
25
25
40
46
14
49
34
28
35
42
28
46
17
52
42
41
33
37
46
31
46
26
20
47
27
34
27
26
40
19
30
27
28
57
12
31
45
24
35
30
31
45
27
48
29
34
41
26
31
38
40
35
25
46
30
29
11
33
25
33
34
19
32
35
31
36
21
22
30
37
14
22
54
42
43
18
35
32
32
55
25
25
27
30
36
14
21
47
26
21
31
45
32
26
42
25
33
20
32
54
40
46
31
39
16
30
41
35
32
25
46
17
55
29
30
39
38
33
32
14
31
25
16
32
20
22
39
27
22
24
20
21
40
33
28
41
40
47
34
37
33
21
27
24
33
20
59
41
46
43
40
31
35
30
15
45
37
51
19
41
29
16
25
48
50
16
19
35
33
17
40
59
34
28
38
33
37
35
30
4
14
38
28
43
47
40
31
42
37
24
29
15
35
39
30
31
32
19
15
24
25
23
32
41
33
22
39
30
27
28
53
20
23
37
41
32
49
44
36
36
7
25
55
28
40
23
13
44
41
42
53
36
36
26
46
34
39
39
39
25
38
46
29
33
39
