36
31
38
39
32
35
49
27
43
51
54
53
41
58
39
37
69
41
37
32
55
44
36
42
48
40
29
15
48
36
70
62
46
52
27
31
33
42
34
42
47
41
63
28
26
36
64
37
45
34
36
23
60
26
59
41
63
38
64
69
50
49
37
45
31
31
40
44
64
38
58
52
32
25
55
50
59
51
60
45
58
62
31
52
39
52
43
39
20
57
44
48
46
31
43
71
46
37
28
48
30
29
62
57
58
27
20
39
43
58
43
62
37
29
45
33
28
46
43
26
58
43
31
32
47
58
39
53
35
27
51
57
35
51
39
29
34
48
26
31
35
69
40
43
52
53
29
27
51
47
54
56
20
54
17
23
48
41
45
26
45
13
25
35
41
62
49
47
41
30
32
33
38
53
31
37
22
48
37
19
60
21
48
19
35
37
56
35
38
50
49
75
57
26
59
40
24
46
56
35
38
32
41
15
38
37
38
61
44
62
42
31
20
29
65
53
57
39
66
48
65
45
36
39
29
39
28
54
40
34
37
56
39
50
40
47
60
37
31
43
40
41
36
42
59
33
35
59
51
26
44
34
44
32
36
20
41
61
27
22
60
53
9
51
36
50
43
54
29
31
40
35
39
37
60
47
28
34
49
52
24
57
34
29
54
53
36
55
62
30
40
52
27
40
54
37
52
22
25
57
33
27
36
17
52
54
58
26
46
33
50
60
47
58
66
49
47
39
43
22
31
49
38
38
22
56
47
26
63
27
57
71
43
33
35
70
24
26
60
63
31
34
33
52
35
31
60
43
48
31
53
43
45
35
38
49
35
17
32
38
38
64
54
33
60
51
32
35
46
64
50
41
42
73
53
31
21
67
56
62
26
50
46
7
32
36
23
50
23
44
27
24
45
59
38
21
49
12
49
42
24
61
52
27
33
28
32
54
37
57
22
35
32
42
27
39
25
43
35
58
32
36
23
59
32
52
36
67
36
51
41
36
50
33
47
39
29
35
45
48
26
42
40
28
36
46
30
51
27
50
58
45
18
28
18
30
59
17
41
25
35
42
36
63
47
20
42
32
46
53
45
31
46
65
42
33
20
22
47
32
46
25
20
44
18
59
38
60
42
56
55
62
54
59
55
51
53
36
62
49
