27
33
50
52
45
38
35
39
52
50
47
54
49
55
51
49
30
47
54
44
35
30
24
47
49
38
53
49
34
41
43
52
61
50
51
32
53
55
26
54
42
53
50
48
19
60
17
53
55
47
60
19
50
43
50
53
56
40
49
47
41
56
32
55
22
16
42
38
49
55
41
44
45
53
61
21
49
44
32
56
48
49
56
47
54
54
42
56
48
23
52
25
39
53
34
33
57
57
48
52
28
47
35
22
23
41
57
63
45
41
46
55
12
44
58
49
45
49
50
18
59
44
49
50
47
55
20
50
48
36
42
50
50
38
54
34
49
60
62
46
50
46
46
47
18
37
42
55
60
59
51
50
34
47
58
54
48
50
50
28
44
33
40
45
51
50
45
50
47
51
21
52
26
50
53
56
31
26
58
51
52
55
43
26
44
53
46
32
49
48
52
31
51
35
45
48
47
54
61
38
49
52
52
46
56
50
34
45
50
44
54
36
39
51
49
51
42
57
52
49
49
34
17
50
52
52
26
57
47
48
45
49
48
49
47
45
55
40
48
45
58
39
52
51
48
52
47
55
47
43
54
52
59
57
42
41
43
45
31
54
44
51
50
52
52
54
30
25
26
35
31
48
54
49
49
35
24
49
47
55
44
45
53
52
45
55
51
49
45
48
27
57
57
44
44
47
43
43
55
36
52
49
57
48
44
52
52
47
49
53
26
26
51
53
36
51
40
41
44
54
55
53
48
46
23
56
41
51
44
47
54
50
37
53
49
46
59
19
50
53
45
52
58
47
51
47
50
50
52
58
46
60
51
52
36
47
50
57
44
49
49
36
37
47
48
49
48
48
28
53
51
52
52
49
52
60
36
58
45
47
50
32
51
55
49
59
51
45
49
48
55
54
52
49
48
38
48
54
40
49
44
44
53
52
48
11
36
45
57
56
48
43
54
56
54
49
33
38
50
20
52
51
52
51
57
29
56
28
52
43
46
47
59
34
59
24
56
39
44
49
49
53
55
39
51
32
49
33
45
45
43
52
44
60
45
46
55
50
37
41
44
49
43
56
55
55
18
54
48
51
44
45
25
17
50
27
35
59
49
48
59
47
62
42
32
50
49
39
52
49
46
48
58
37
52
56
50
57
59
46
