49
51
54
53
58
48
39
69
29
55
44
46
17
42
48
28
28
40
20
26
41
70
62
25
44
38
21
41
33
30
46
32
31
52
29
42
33
26
42
32
47
63
36
64
37
40
19
45
60
59
63
64
19
45
69
36
38
29
43
32
50
45
18
49
37
27
41
45
40
44
17
27
34
30
64
58
20
55
50
33
44
59
32
51
30
60
58
62
52
34
39
32
38
11
52
28
43
57
49
30
51
46
43
71
23
33
44
24
46
48
41
24
62
57
58
14
34
25
45
14
29
43
37
15
40
58
62
29
35
35
46
58
32
39
47
29
42
58
17
39
53
51
27
40
35
34
57
35
51
39
33
48
35
56
69
40
14
43
52
51
53
30
51
47
54
34
39
56
46
48
23
35
42
7
32
41
62
39
49
47
41
48
31
33
39
49
53
48
47
31
32
60
27
37
32
35
26
17
75
28
57
20
28
17
59
40
25
36
46
41
38
61
44
62
29
44
65
53
57
33
66
41
31
48
25
50
37
21
65
36
22
39
32
26
49
22
42
33
28
54
16
38
43
56
39
50
23
40
47
27
60
51
43
41
42
36
23
59
59
51
27
44
41
61
36
60
51
36
24
50
32
49
21
43
41
17
54
43
60
22
15
47
49
28
52
57
54
22
53
29
36
22
62
35
47
30
26
41
27
24
45
38
52
30
21
40
54
32
37
52
47
36
22
57
26
52
9
54
36
58
46
50
60
42
47
58
66
18
49
47
33
43
31
44
38
29
56
29
41
41
22
34
41
63
57
24
48
15
71
18
35
43
41
21
39
70
24
60
63
20
40
33
41
52
28
38
23
60
48
53
26
38
44
51
43
36
38
47
31
49
38
37
64
54
33
60
55
45
51
51
64
26
21
22
36
20
18
24
32
47
32
50
73
53
24
33
67
56
31
51
50
50
59
18
49
45
49
49
61
35
52
38
35
36
54
28
20
35
39
31
40
37
57
58
19
37
59
38
32
52
35
37
67
51
53
39
45
50
39
29
35
48
40
34
24
36
5
31
46
51
22
28
40
46
50
58
19
45
43
59
41
50
40
28
35
38
36
63
47
32
46
53
45
65
47
59
38
60
42
56
55
62
54
59
55
51
53
36
62
49
