50
52
31
26
34
30
39
33
30
43
34
31
35
32
31
29
24
42
52
34
34
34
29
35
33
50
43
45
31
27
37
47
33
34
54
49
32
33
55
37
35
35
22
51
37
33
25
34
33
32
32
34
37
38
29
42
35
41
37
30
32
32
36
34
29
36
36
49
28
47
35
34
28
29
54
32
38
33
27
36
32
30
33
34
44
37
32
47
35
22
30
39
29
49
33
53
39
49
27
33
30
25
40
43
52
31
37
61
37
32
32
36
33
18
41
24
34
50
26
33
51
34
33
35
33
24
37
33
53
44
27
31
33
33
55
26
54
33
38
29
32
34
53
36
30
50
31
34
34
41
38
27
31
48
43
31
37
60
34
33
28
29
40
37
29
53
32
55
41
29
36
40
32
36
47
30
31
60
50
43
27
35
32
50
41
39
53
30
56
36
40
26
49
33
47
36
56
33
33
32
55
37
42
33
38
36
31
29
55
35
23
45
31
29
33
34
30
29
53
34
34
30
33
29
29
40
34
61
23
49
31
32
39
31
44
34
56
48
35
33
34
49
23
25
36
42
33
56
27
37
26
54
54
32
42
34
25
39
42
25
40
24
23
56
34
39
37
37
36
26
48
37
52
44
29
39
35
39
30
53
32
38
39
29
29
23
42
31
25
32
28
57
33
33
35
28
30
33
57
48
35
39
52
30
34
37
40
40
47
42
29
34
36
35
32
41
23
30
57
63
41
40
45
36
32
38
41
31
30
38
37
42
35
41
46
37
46
32
35
55
35
44
29
58
37
31
49
26
35
35
45
38
39
30
30
37
49
50
36
43
59
36
26
36
40
35
44
38
22
39
32
33
33
35
49
50
27
47
35
55
38
33
29
34
25
36
43
27
32
50
39
31
28
23
28
34
28
30
36
43
29
30
31
37
32
48
30
31
33
42
36
45
50
34
35
34
39
54
36
30
31
41
37
49
35
39
35
24
60
36
44
40
34
33
28
27
30
62
32
27
30
46
35
39
28
30
34
37
34
34
36
46
34
50
32
46
27
31
37
46
38
38
33
47
31
35
55
60
40
29
38
36
27
23
59
29
25
34
46
51
47
58
54
48
50
44
45
51
50
45
50
47
51
52
50
53
56
58
51
52
