36
45
49
32
37
42
28
49
36
37
30
27
29
34
46
35
34
29
54
31
36
30
33
27
29
41
36
34
55
38
36
51
37
34
29
46
34
39
31
32
38
41
38
28
38
47
40
40
40
31
48
26
53
28
35
36
31
35
30
33
37
34
24
34
47
41
52
32
24
26
39
55
39
47
58
33
39
27
38
30
34
42
53
54
57
36
61
29
56
35
55
36
23
38
35
44
37
36
34
35
53
34
26
47
38
35
33
33
44
31
32
30
26
47
32
35
36
38
25
33
53
23
49
35
29
41
54
50
36
28
57
21
34
59
31
34
30
52
33
47
38
22
28
37
37
50
40
36
33
33
33
35
34
50
41
21
30
30
41
36
23
29
39
57
43
52
51
36
31
27
53
26
31
50
34
34
30
35
31
34
53
54
36
35
54
38
28
36
26
33
49
48
24
29
24
32
29
34
27
40
33
52
51
31
38
47
39
31
37
30
34
30
38
42
23
34
33
57
56
36
41
50
55
33
28
33
28
39
35
35
25
34
55
52
33
27
31
40
35
36
42
29
44
28
33
46
41
34
25
43
28
46
55
47
57
38
25
29
39
31
37
36
50
30
49
39
35
38
35
29
50
34
42
26
26
39
51
32
51
22
44
50
42
42
60
25
31
58
45
41
55
52
40
33
43
44
37
40
37
38
34
22
54
32
60
29
53
37
33
28
32
44
24
39
50
30
48
28
63
46
39
35
24
39
38
49
48
38
32
42
33
39
35
53
36
29
56
48
47
43
57
46
52
29
29
32
49
35
52
32
37
41
40
35
38
28
32
52
52
19
43
27
53
37
36
52
33
33
43
44
36
31
46
29
42
49
31
26
32
36
49
31
31
41
30
36
31
35
29
36
35
31
44
34
27
39
63
31
34
30
53
41
48
54
34
21
31
26
48
40
44
56
41
38
34
50
35
32
29
22
33
30
31
52
30
26
23
33
44
35
59
41
29
29
38
35
47
32
37
53
28
30
25
38
25
30
27
31
40
36
40
32
34
32
53
53
37
30
27
51
39
27
52
28
42
36
27
42
26
31
29
46
36
32
47
33
30
19
36
38
34
31
33
34
31
33
33
33
28
28
37
37
43
42
35
33
36
26
34
25
