64
36
40
38
32
66
51
59
37
62
59
51
42
28
36
65
36
68
30
27
29
48
34
68
35
61
34
44
29
31
36
56
50
30
33
27
29
43
41
36
56
54
34
52
46
38
65
53
36
37
34
29
48
59
34
39
60
37
31
49
59
31
32
57
30
38
41
38
28
54
38
55
40
40
27
40
31
49
32
52
26
28
66
58
35
63
46
36
31
54
35
30
33
33
37
38
34
24
34
54
43
53
41
53
50
55
49
32
24
26
39
55
48
50
52
39
55
47
33
39
27
38
30
69
34
42
36
49
45
29
35
36
23
38
35
37
78
36
34
35
34
26
27
38
34
35
33
33
61
44
63
57
31
32
30
26
40
53
43
32
35
44
75
36
38
25
44
33
23
49
35
46
40
42
29
41
59
36
50
28
64
21
34
31
34
30
33
38
22
62
56
28
51
45
49
37
49
56
37
42
40
54
36
33
33
58
33
35
49
34
57
41
52
57
57
48
60
42
21
30
30
51
41
57
49
55
40
36
42
23
29
39
43
49
42
50
36
31
56
46
27
26
31
34
34
30
56
48
35
31
34
36
49
36
53
35
54
51
57
38
28
38
54
36
43
41
26
36
46
33
24
29
56
47
59
45
24
32
52
29
28
34
27
40
33
31
38
55
25
52
35
39
43
31
49
54
50
44
54
26
29
35
62
37
30
34
30
47
38
41
23
40
34
33
36
51
34
63
41
33
28
33
46
39
28
62
39
68
35
43
35
35
25
21
81
34
48
58
62
33
27
27
31
40
35
36
42
29
28
52
33
41
52
34
25
43
57
28
54
38
25
29
39
31
37
36
53
57
64
52
30
39
35
56
56
42
57
47
40
57
43
38
35
58
29
50
42
34
42
19
26
26
39
32
47
55
42
62
22
25
47
31
45
42
54
54
41
47
40
33
48
37
37
38
34
37
22
32
47
29
37
33
28
50
34
53
32
56
24
54
55
39
48
30
61
60
28
51
35
24
46
47
39
38
38
56
32
42
33
58
39
35
65
50
44
52
36
29
53
43
29
46
51
37
30
51
55
47
49
54
38
70
31
54
55
48
59
59
58
52
53
48
70
42
43
48
43
61
51
45
60
53
63
47
32
47
39
41
43
45
