39
31
31
35
25
38
31
30
30
42
30
44
34
39
39
38
43
27
27
36
45
35
25
29
28
31
33
37
34
37
35
32
31
27
36
35
36
43
29
38
32
29
34
40
30
28
29
40
37
28
34
30
30
33
32
35
34
37
38
30
30
31
34
33
29
31
30
34
35
38
31
31
35
35
27
39
33
43
34
37
31
35
42
35
41
26
28
30
38
40
30
28
31
35
27
29
33
32
40
27
32
39
25
28
31
25
47
39
36
25
30
41
33
38
24
33
28
34
29
31
40
36
36
24
28
36
32
38
44
31
30
34
37
31
33
31
35
31
35
35
38
26
41
31
37
40
32
37
36
29
38
31
36
29
36
26
33
34
29
27
39
36
25
39
24
28
38
31
38
35
34
31
35
24
36
31
39
31
35
27
35
39
27
31
37
28
29
35
30
27
30
25
35
42
39
31
36
35
34
30
33
37
34
31
32
30
24
32
38
35
37
30
28
41
34
24
45
31
31
31
30
31
31
19
19
28
31
33
27
36
35
38
39
30
31
31
38
31
41
37
35
35
27
33
30
33
37
22
39
28
32
31
21
37
35
19
35
44
23
8
37
24
44
37
37
27
35
29
35
22
31
22
39
39
34
40
27
33
22
35
33
37
32
23
35
36
51
33
50
27
27
20
40
51
12
8
27
8
28
29
17
27
24
49
50
47
34
26
33
25
25
29
18
25
32
40
30
29
37
51
35
48
25
29
38
33
6
28
47
40
8
22
23
54
39
30
27
36
37
51
24
27
18
32
37
37
34
33
39
36
31
33
47
30
34
24
33
20
40
19
40
27
28
24
29
18
35
32
34
43
39
31
45
28
36
46
34
34
36
42
46
29
34
21
55
45
23
22
30
45
47
22
38
28
56
43
45
27
28
63
41
31
38
46
16
44
33
50
35
15
40
37
38
30
40
23
26
41
33
39
54
34
41
48
45
41
39
32
31
22
28
22
32
26
40
32
37
42
30
39
42
18
38
46
42
32
36
51
20
35
23
25
48
43
39
24
27
51
39
27
30
14
33
22
23
28
21
18
43
39
37
46
41
27
34
37
41
20
44
31
44
18
30
34
37
45
23
19
43
47
48
22
38
22
40
29
44
32
44
28
