27
33
45
38
35
30
35
30
24
38
34
41
32
26
42
19
17
19
41
32
22
16
49
41
44
21
32
47
23
25
34
33
28
35
22
23
12
18
20
36
50
38
34
18
37
42
50
34
50
28
33
40
21
26
31
26
26
32
31
35
47
38
34
36
42
34
17
26
39
31
30
25
26
35
31
35
24
48
27
26
26
36
40
41
23
37
19
50
44
36
37
28
36
45
32
48
54
38
11
36
43
33
38
20
29
28
47
34
24
39
32
33
44
37
43
18
44
25
17
27
35
49
42
32
37
37
30
5
45
24
37
28
47
25
54
33
41
14
23
30
41
46
37
51
41
26
31
18
38
22
19
26
19
48
41
37
50
33
44
42
23
48
33
30
24
28
37
39
48
52
36
41
33
33
32
28
25
41
20
38
29
25
22
39
27
37
42
55
52
21
41
45
48
47
31
35
35
28
30
36
25
20
44
22
29
24
30
21
36
18
37
28
44
34
26
35
26
43
52
21
33
22
19
32
16
42
37
56
38
27
36
24
55
17
45
12
46
14
36
44
39
39
40
36
35
50
37
19
22
32
50
48
47
30
42
25
25
40
46
14
49
34
28
35
42
28
46
17
52
42
41
33
37
46
31
46
26
20
47
27
34
27
26
40
19
30
27
28
57
12
31
45
24
35
30
31
45
27
48
29
34
41
26
31
38
40
35
25
46
30
29
11
33
25
33
34
19
32
35
31
36
21
22
30
37
14
22
54
42
43
18
35
32
32
55
25
25
27
30
36
14
21
47
26
21
31
45
32
26
42
25
33
20
32
54
40
46
31
39
16
30
41
35
32
25
46
17
55
29
30
39
38
33
32
14
31
25
16
32
20
22
39
27
22
24
20
21
40
33
28
41
40
47
34
37
33
21
27
24
33
20
59
41
46
43
40
31
35
30
15
45
37
51
19
41
29
16
25
48
50
16
19
35
33
17
40
59
34
28
38
33
37
35
30
4
14
38
28
43
47
40
31
42
37
24
29
15
35
39
30
31
32
19
15
24
25
23
32
41
33
22
39
30
27
28
53
20
23
37
41
32
49
44
36
36
7
25
55
28
40
23
13
44
41
42
53
36
36
26
46
34
39
39
39
25
38
46
29
33
39
