36
56
53
56
31
38
49
41
51
39
32
35
55
27
43
41
37
41
37
32
36
51
52
40
29
48
15
48
36
27
31
33
34
41
28
47
26
45
34
47
53
36
23
49
26
41
48
43
46
38
31
31
48
38
48
48
52
32
53
53
25
45
31
48
48
39
20
44
48
31
46
52
53
43
37
48
28
30
29
27
51
53
20
46
44
39
50
43
53
53
57
52
51
56
50
42
44
58
37
45
33
28
48
59
43
43
49
53
43
50
59
49
53
26
43
47
31
35
27
52
29
34
26
31
47
53
44
58
50
29
27
41
20
48
53
54
17
23
48
41
45
52
46
26
45
52
45
52
13
25
30
51
32
38
46
54
31
55
37
54
22
37
56
54
56
41
19
21
48
37
54
51
46
49
19
55
43
50
35
56
35
38
57
57
43
49
50
50
55
49
26
41
49
24
46
56
47
35
38
54
50
32
15
37
46
38
42
55
31
20
39
45
29
39
40
59
47
47
34
50
53
37
47
37
57
31
50
49
40
54
36
33
35
53
26
44
48
51
55
53
44
34
54
49
47
32
36
64
49
20
60
27
22
53
56
47
48
48
50
38
9
29
31
45
40
43
35
39
47
37
28
34
58
24
34
45
45
29
72
55
55
40
49
27
50
49
25
33
27
36
17
26
33
39
22
50
51
49
55
38
22
47
53
26
47
27
33
49
35
54
26
53
31
59
51
56
56
43
34
53
52
35
31
43
53
52
53
45
57
31
49
47
45
35
45
35
47
60
17
44
32
53
38
33
51
32
50
50
35
54
65
47
46
50
41
42
31
49
46
21
45
62
47
57
26
46
49
7
32
53
36
47
52
23
23
44
50
50
27
43
52
24
50
58
45
38
21
46
59
46
12
42
24
48
45
27
54
47
33
28
50
51
32
22
51
54
35
32
57
52
48
42
27
39
54
49
25
43
45
35
32
36
45
52
23
32
36
36
41
49
53
36
33
47
55
45
54
26
53
42
46
28
48
57
53
42
42
30
27
46
44
52
49
43
18
43
42
48
28
18
53
30
49
52
17
25
42
59
20
48
44
52
46
44
42
57
31
43
46
42
48
33
20
49
55
22
32
46
44
46
56
55
25
52
20
52
44
18
43
48
