27
40
49
48
50
50
36
37
45
60
48
32
47
34
29
45
47
48
32
34
28
31
20
47
33
51
31
32
49
32
50
38
47
40
35
23
48
35
52
44
27
49
34
38
39
54
52
42
31
31
29
38
27
50
34
29
58
55
50
30
31
49
33
39
40
36
49
39
53
46
34
50
33
44
44
33
54
38
51
50
53
50
48
60
38
49
52
37
47
53
27
32
19
47
46
46
23
49
52
37
52
50
24
50
45
38
47
29
40
30
52
29
28
47
35
45
42
46
51
43
36
49
32
44
44
54
47
55
34
57
20
39
53
31
33
35
34
48
27
35
31
49
52
37
57
29
59
48
36
32
52
53
57
36
38
29
57
55
36
35
31
52
33
50
47
37
30
41
47
50
52
45
51
32
36
39
51
57
54
33
46
37
33
53
24
45
60
33
53
43
34
50
49
59
38
49
55
50
46
46
34
29
33
32
50
34
54
27
36
38
31
30
53
54
47
50
36
48
49
22
34
51
34
44
51
49
56
47
25
47
36
51
45
33
52
29
31
51
51
51
24
43
36
29
51
48
43
50
35
45
56
31
39
55
36
48
53
37
52
32
38
39
50
33
50
39
32
63
35
36
42
32
47
41
28
31
35
42
44
32
41
38
32
48
39
39
31
38
53
34
33
45
36
54
45
57
33
38
53
27
48
47
46
49
50
48
37
54
61
61
51
35
31
30
49
58
52
43
46
36
34
45
45
32
40
30
41
42
44
59
46
46
52
54
33
32
55
50
55
56
25
51
47
52
29
47
48
29
39
28
36
50
48
31
49
33
57
50
34
34
35
37
45
51
47
24
46
49
53
38
48
48
49
46
39
43
41
54
52
50
55
35
47
53
42
52
33
55
50
29
38
31
51
30
50
38
28
48
49
51
48
36
45
34
37
30
37
32
36
53
59
35
47
34
23
31
60
27
47
30
43
34
28
39
33
50
36
53
55
51
45
35
30
29
35
30
52
57
34
54
55
58
55
55
45
31
38
38
50
34
32
47
50
55
29
41
31
38
29
33
36
48
29
31
49
49
40
50
56
49
51
34
27
32
39
33
30
29
28
28
36
29
33
31
41
35
41
37
27
34
34
27
28
33
43
29
33
29
36
39
