39
50
31
31
35
59
25
49
38
31
56
30
40
30
42
30
44
48
49
34
41
39
56
39
38
43
54
27
27
36
45
35
25
54
50
47
43
29
28
54
45
31
33
50
47
37
49
49
50
56
44
34
53
59
37
58
35
52
32
53
31
55
48
50
27
56
56
57
36
35
55
46
45
52
36
43
54
29
38
32
43
48
55
48
48
29
53
51
54
34
40
54
30
28
29
40
59
42
37
37
55
43
28
53
34
30
30
50
33
32
35
54
34
34
45
37
52
38
30
48
30
47
31
57
54
34
46
51
33
55
29
31
30
34
35
38
31
47
48
31
35
35
27
39
33
43
34
55
59
55
37
31
35
53
42
35
49
41
53
54
49
50
26
28
44
30
47
46
41
51
37
59
38
40
47
30
28
53
44
31
48
35
49
27
51
29
33
32
40
60
27
32
39
25
28
46
48
31
25
47
48
49
57
58
49
52
39
52
36
48
46
25
30
41
33
53
38
24
33
45
58
55
28
34
29
31
40
46
36
36
44
24
55
28
49
46
36
32
38
44
56
58
31
49
52
48
30
34
49
40
47
46
47
59
54
53
37
31
33
51
45
31
45
46
44
35
54
31
38
35
35
38
26
41
49
48
31
45
37
40
32
37
45
36
50
58
50
29
38
53
31
51
55
36
29
49
56
55
51
51
61
36
46
26
48
33
34
29
46
53
49
48
27
50
57
39
36
25
39
24
28
48
38
42
31
38
57
35
49
42
34
31
35
40
51
41
24
55
36
56
31
39
46
56
41
31
46
35
54
27
35
39
56
40
27
50
48
31
37
56
28
29
35
46
30
27
52
30
25
35
52
42
48
59
57
52
39
48
31
55
38
51
36
53
35
34
46
30
52
33
49
37
34
31
54
57
32
30
57
24
47
49
48
51
32
38
48
35
51
37
30
28
41
44
34
45
24
46
45
52
31
31
31
30
31
46
31
19
19
28
45
31
33
43
27
36
35
38
49
39
54
30
47
45
55
48
47
31
50
45
53
43
31
38
45
31
50
52
54
60
60
41
37
57
35
44
48
35
27
47
48
33
30
41
54
56
53
52
56
43
33
45
48
37
60
22
47
39
28
48
44
47
53
50
56
56
50
45
52
47
