36
32
37
42
28
36
30
27
29
34
35
34
29
31
36
30
33
27
29
41
36
34
38
36
37
34
29
34
39
31
32
38
41
38
28
38
40
40
40
31
26
28
35
36
31
35
30
33
37
34
24
34
41
32
24
26
39
39
47
33
39
27
38
30
34
42
36
29
35
36
23
38
35
37
36
34
35
34
26
38
35
33
33
44
31
32
30
26
32
35
36
38
25
33
23
49
35
29
41
36
28
21
34
31
34
30
33
38
22
28
37
37
40
36
33
33
33
35
34
41
21
30
30
41
36
23
29
39
43
36
31
27
26
31
34
34
30
35
31
34
36
35
38
28
36
26
33
24
29
24
32
29
34
27
40
33
31
38
39
31
37
30
34
30
38
23
34
33
36
41
33
28
33
28
39
35
35
25
34
33
27
31
40
35
36
42
29
28
33
41
34
25
43
28
38
25
29
39
31
37
36
30
39
35
38
35
29
50
34
42
26
26
39
32
22
25
31
45
41
40
33
37
37
38
34
22
32
29
37
33
28
32
24
39
30
28
35
24
39
38
38
32
42
33
39
35
36
29
43
29
32
31
21
37
35
19
35
44
23
8
37
24
44
37
37
27
35
29
35
22
31
22
39
39
34
40
27
33
22
35
33
37
32
23
35
36
51
33
50
27
27
20
40
51
12
8
27
8
28
29
17
27
24
49
50
47
34
26
33
25
25
29
18
25
32
40
30
29
37
51
35
48
25
29
38
33
6
28
47
40
8
22
23
54
39
30
27
36
37
51
24
27
18
32
37
37
34
33
39
36
31
33
47
30
34
24
33
20
40
19
40
27
28
24
29
18
35
32
34
43
39
31
45
28
36
46
34
34
36
42
46
29
34
21
55
45
23
22
30
45
47
22
38
28
56
43
45
27
28
63
41
31
38
46
16
44
33
50
35
15
40
37
38
30
40
23
26
41
33
39
54
34
41
48
45
41
39
32
31
22
28
22
32
26
40
32
37
42
30
39
42
18
38
46
42
32
36
51
20
35
23
25
48
43
39
24
27
51
39
27
30
14
33
22
23
28
21
18
43
39
37
46
41
27
34
37
41
20
44
31
44
18
30
34
37
45
23
19
43
47
48
22
38
22
40
29
44
32
44
28
