50
48
59
49
56
40
48
29
49
41
56
46
54
54
50
17
47
28
28
43
40
20
54
45
26
41
50
47
25
44
38
21
41
49
49
33
30
50
32
56
31
44
29
33
53
26
59
32
40
58
52
53
55
19
19
48
50
56
56
45
36
57
55
38
46
45
52
29
54
43
32
45
18
27
43
48
41
17
27
34
30
55
48
48
20
53
33
51
54
44
32
30
34
32
38
54
59
11
28
42
49
37
55
30
51
23
33
43
53
50
54
44
34
24
45
52
41
24
48
14
47
57
54
46
34
51
55
47
48
25
45
14
55
29
59
37
55
53
49
15
40
53
54
49
50
35
35
44
39
47
29
46
41
51
42
17
37
27
59
47
40
35
53
44
34
33
48
56
49
51
14
51
60
46
30
34
48
48
39
49
57
58
46
49
52
52
23
42
7
48
46
53
32
45
39
48
58
31
55
39
49
47
31
32
46
27
32
44
35
55
26
49
17
28
46
56
58
20
28
49
52
48
49
40
47
46
17
47
25
36
59
54
53
51
45
44
33
41
45
31
46
25
50
37
44
54
38
49
48
45
21
45
22
32
50
26
49
58
22
42
33
16
38
43
50
53
23
27
51
51
55
49
36
23
27
56
55
36
51
51
24
61
32
46
49
21
48
41
17
46
53
49
43
48
50
22
15
57
48
28
42
22
57
49
42
29
22
35
47
40
26
51
41
41
55
27
56
24
45
38
46
56
41
30
46
21
32
47
36
54
56
26
9
40
50
36
48
42
56
18
46
52
33
44
29
29
52
48
41
41
59
57
22
52
48
55
38
51
34
41
53
46
24
52
48
49
15
18
35
41
21
39
54
57
57
47
20
49
40
48
41
51
28
48
38
51
44
45
23
26
38
46
44
51
36
47
31
52
46
37
33
45
55
43
49
45
54
47
45
51
55
26
21
22
48
47
50
45
53
43
36
20
18
45
24
50
32
47
32
24
33
31
51
18
52
45
49
35
38
54
60
60
35
57
36
44
48
47
48
41
28
54
20
35
39
56
53
31
40
52
56
43
19
37
38
45
48
32
60
47
48
35
37
53
44
47
39
45
53
34
24
50
5
56
31
56
22
28
50
45
40
52
46
19
47
43
50
40
28
38
