37
36
37
29
50
59
38
29
46
37
44
23
34
49
56
39
40
57
48
49
39
41
25
56
53
54
38
54
50
47
20
46
43
54
45
24
27
40
50
47
49
49
40
17
50
43
56
15
44
53
28
38
31
59
29
31
58
52
55
30
38
17
30
53
33
32
55
48
50
56
51
27
36
56
57
55
35
34
59
33
38
35
28
14
46
45
52
40
39
54
43
29
48
55
11
30
48
48
53
35
51
40
49
54
33
11
54
59
38
42
37
55
22
43
53
50
54
34
45
41
52
48
38
42
46
44
30
28
47
57
19
34
54
38
46
51
55
47
41
6
24
48
34
55
59
24
55
46
53
49
53
54
49
50
34
14
44
47
46
26
33
41
25
51
37
26
39
59
47
53
44
27
27
48
8
49
51
60
46
38
46
48
13
49
31
21
48
41
31
49
54
39
38
57
19
58
33
30
27
12
28
49
23
52
52
39
48
46
53
45
58
55
45
46
44
55
49
32
36
24
37
46
17
30
56
42
58
55
49
43
52
48
49
41
40
29
47
46
28
28
32
47
59
47
54
53
51
45
41
36
42
34
19
45
40
37
46
44
39
38
54
38
42
49
48
45
45
50
41
46
58
9
50
11
53
51
36
27
19
55
49
56
21
55
51
51
61
46
48
18
21
40
46
47
53
17
49
38
48
50
57
48
41
42
27
57
49
42
40
53
51
41
26
55
11
36
56
46
48
56
28
21
41
4
24
18
27
46
33
25
54
31
56
40
20
25
19
34
50
48
47
52
43
56
24
41
46
52
22
52
48
44
40
24
23
31
59
57
52
38
48
33
55
21
27
38
51
53
27
29
29
46
43
52
42
39
49
54
57
17
37
36
57
36
19
31
32
24
47
40
42
25
49
51
48
51
38
48
27
51
18
44
45
46
52
32
46
45
43
44
56
49
54
18
40
47
45
55
48
47
50
37
45
53
43
45
50
17
52
54
60
60
31
57
56
26
38
44
48
42
47
47
48
15
41
23
54
12
49
56
31
16
53
34
20
48
28
52
56
43
34
51
37
43
45
23
48
60
34
34
22
24
35
37
38
47
27
48
44
32
44
47
53
50
42
56
56
30
44
41
26
50
45
52
47
33
51
36
20
34
