48
29
46
17
28
28
40
20
26
49
41
25
44
38
21
41
33
30
51
32
31
29
33
26
32
40
19
19
45
36
54
38
29
43
32
45
18
27
41
17
53
27
34
30
58
20
39
33
44
69
55
44
32
30
42
48
34
32
38
70
11
28
62
46
49
30
52
51
23
33
44
24
42
41
42
24
14
34
25
45
14
29
37
47
63
15
40
35
35
39
29
42
17
27
40
35
34
33
56
36
14
51
30
34
39
46
23
42
7
64
32
39
37
45
48
31
60
39
49
59
47
31
32
27
32
63
64
35
26
17
69
28
20
50
28
17
25
36
44
33
49
41
37
31
25
50
37
21
45
22
32
26
49
22
42
40
33
16
44
64
38
43
23
27
51
36
23
27
36
24
32
49
58
55
21
41
50
17
43
22
15
28
22
29
22
35
47
59
26
51
41
27
24
45
38
30
21
32
60
47
36
58
26
62
9
52
36
42
18
39
52
43
33
44
29
29
57
41
46
41
43
71
22
34
46
41
48
24
48
15
62
18
35
41
21
39
20
40
41
28
38
57
23
26
58
38
43
44
51
58
36
62
29
47
31
46
37
33
58
32
47
58
55
39
45
51
26
21
22
36
20
18
24
32
47
32
24
33
53
31
51
18
45
49
51
35
57
38
35
35
36
28
20
35
39
51
31
39
40
48
19
35
69
37
38
32
35
37
40
43
53
39
45
34
24
5
52
53
31
22
28
51
47
40
46
19
43
50
54
40
28
38
21
39
5
56
27
21
39
34
27
27
48
33
35
41
41
62
30
34
38
49
36
43
25
39
36
55
22
38
37
42
21
49
30
26
47
31
43
25
41
28
38
24
33
14
27
43
37
38
33
54
28
53
48
40
60
25
41
23
32
37
39
45
35
45
29
27
37
32
45
41
75
44
42
43
57
59
32
40
21
26
27
30
46
41
38
36
61
44
34
41
23
29
29
62
32
29
40
65
53
57
51
66
48
44
65
36
21
39
13
28
54
33
28
42
38
29
56
39
30
36
50
46
41
32
25
32
29
40
33
26
40
30
47
60
16
29
43
29
14
32
25
24
41
40
45
50
34
22
30
16
35
40
42
42
24
24
38
45
38
34
34
44
42
21
24
36
36
33
