50
52
23
17
61
39
30
13
52
50
17
38
47
54
31
49
55
48
51
39
20
53
29
34
31
49
12
19
47
54
40
44
47
49
53
38
53
32
25
49
43
31
31
52
61
39
50
51
53
26
55
54
53
30
45
34
12
18
25
50
48
60
53
31
36
38
27
35
55
13
47
38
14
60
37
50
43
34
52
50
53
31
56
15
40
37
49
47
22
32
56
55
42
38
22
55
38
48
36
45
53
36
61
39
8
49
31
37
44
48
18
56
39
46
41
36
48
29
49
56
31
31
54
54
42
21
34
56
48
52
39
32
51
21
47
53
57
17
48
32
30
57
48
52
44
47
41
30
57
63
25
45
41
46
55
44
38
11
22
58
49
31
45
40
37
49
50
59
29
18
44
49
50
51
43
28
47
37
55
50
27
35
48
25
42
50
35
54
49
19
16
46
60
62
46
50
46
42
46
24
30
44
46
47
55
51
60
15
28
34
59
51
33
38
31
47
39
58
54
48
51
31
50
28
45
44
44
45
51
50
50
36
45
50
47
39
41
51
52
35
36
50
53
56
58
45
34
51
52
55
38
43
21
44
33
53
46
49
48
52
51
45
41
48
41
48
23
48
26
54
17
42
61
38
35
49
52
31
30
52
23
46
25
56
38
41
50
49
20
45
28
42
35
50
44
41
34
54
39
28
31
25
20
36
32
29
51
49
35
30
51
43
57
34
23
40
52
49
49
27
30
50
24
52
32
52
57
47
48
45
34
42
31
49
36
48
29
22
40
49
31
47
39
28
31
23
28
45
23
42
30
55
26
42
12
40
48
45
58
21
40
40
27
38
41
33
52
32
39
21
51
48
48
24
44
52
28
47
55
28
47
31
43
54
37
52
40
36
14
59
48
57
33
30
42
41
41
43
45
42
54
36
44
26
51
45
50
28
52
52
29
54
48
54
49
49
23
32
32
49
20
36
47
55
47
44
45
19
21
53
52
45
36
55
17
51
32
11
32
49
45
57
12
57
44
44
39
43
22
32
27
34
47
43
16
43
9
55
36
52
49
57
48
37
44
37
16
31
52
21
24
52
47
20
23
39
33
49
53
51
27
29
53
51
44
54
55
53
48
46
56
41
51
44
47
54
50
53
49
46
