50
59
49
56
40
48
49
41
56
54
54
50
47
43
54
45
50
47
49
49
50
56
44
53
59
58
52
53
55
48
50
56
56
57
55
46
45
52
54
43
48
55
48
48
53
51
54
54
59
42
37
55
43
53
50
54
34
45
52
48
47
57
54
46
51
55
47
48
55
59
55
53
49
53
54
49
50
44
47
46
41
51
37
59
47
53
44
48
49
51
60
46
48
48
49
57
58
49
52
52
48
46
53
45
58
55
46
44
55
49
46
56
58
49
52
48
49
40
47
46
47
59
54
53
51
45
45
46
44
54
38
49
48
45
45
50
58
50
53
51
55
49
56
55
51
51
61
46
48
46
53
49
48
50
57
48
42
57
49
42
40
51
41
55
56
46
56
41
46
54
56
40
50
48
56
46
52
52
48
59
57
52
48
55
38
51
53
46
52
49
54
57
57
47
49
48
51
48
51
44
45
46
52
46
45
43
49
54
47
45
55
48
47
50
45
53
43
45
50
52
54
60
60
57
44
48
47
48
41
54
56
53
52
56
43
45
48
60
47
48
44
47
53
50
56
56
50
45
52
47
40
61
46
45
52
53
45
58
53
41
36
30
63
40
55
30
48
43
65
53
65
53
42
64
69
35
48
53
41
48
55
44
49
43
27
39
72
20
57
53
54
51
53
41
28
40
64
58
62
43
58
51
58
47
35
57
60
54
53
70
50
52
48
38
41
42
48
34
42
45
62
44
65
50
39
46
61
44
54
54
55
60
45
36
55
54
38
38
57
49
62
54
33
46
55
63
54
56
59
49
61
54
60
50
48
63
47
49
50
42
47
40
47
36
43
27
60
59
59
38
38
37
72
63
51
52
40
40
47
45
47
60
42
57
66
58
69
28
52
36
26
48
66
60
51
49
58
37
46
50
47
42
64
55
53
62
42
41
53
54
40
63
46
46
32
46
63
48
37
37
36
53
51
51
61
56
47
55
40
44
56
60
50
38
44
45
52
50
41
48
48
63
59
56
45
46
50
61
37
40
44
69
36
41
65
57
50
61
63
71
47
66
52
41
39
69
68
40
48
63
64
37
47
43
54
28
58
39
63
58
61
45
57
44
40
38
59
56
36
48
59
45
57
56
54
45
46
70
52
74
