23
17
54
46
61
72
30
13
67
45
17
38
42
31
48
39
20
61
53
29
55
36
34
31
12
19
47
40
53
43
58
38
32
25
31
44
31
39
26
30
45
59
34
12
18
25
48
31
36
57
38
27
52
52
35
13
49
47
38
56
14
37
34
52
50
31
15
37
22
32
22
55
35
38
48
36
36
65
39
57
66
8
31
37
48
18
39
46
41
36
37
29
31
31
68
21
34
32
51
47
21
47
46
17
48
32
30
44
30
25
38
11
22
31
40
37
29
47
18
51
43
51
28
37
27
47
35
25
35
19
16
46
56
42
24
30
43
44
46
44
42
51
15
28
47
34
33
38
31
39
51
31
30
28
45
44
50
52
36
39
41
68
35
36
45
34
63
38
21
60
33
41
32
48
41
23
48
26
17
42
38
41
74
35
31
30
23
25
57
38
41
58
49
40
40
52
20
28
42
35
41
49
43
34
28
60
31
25
55
20
47
36
32
51
29
35
30
59
47
43
34
23
40
27
30
58
24
53
32
34
42
50
39
47
50
31
36
29
22
40
31
39
28
31
23
28
23
42
30
48
26
42
12
21
51
40
40
60
27
77
38
41
33
32
39
21
48
24
44
59
67
28
38
28
31
37
40
56
36
14
55
48
48
33
55
57
30
57
55
41
40
42
54
36
65
26
45
72
28
29
23
44
32
32
48
20
36
47
19
21
36
62
17
32
11
32
12
39
43
22
52
32
27
34
16
9
37
37
41
64
16
31
54
21
24
20
55
23
39
33
27
29
27
20
53
28
27
51
29
28
37
46
40
48
66
41
41
45
27
25
16
26
41
45
64
26
42
46
49
37
58
27
49
28
34
32
35
28
34
37
19
36
49
46
41
55
13
35
37
64
33
53
36
29
10
63
42
62
26
23
33
27
22
38
15
57
30
49
36
36
28
31
31
56
28
10
42
40
39
30
39
65
27
51
44
21
44
43
40
32
26
41
41
54
23
59
41
25
26
16
40
48
49
39
48
45
41
28
42
35
25
32
25
39
27
20
23
40
45
35
24
38
21
25
46
38
17
29
35
27
36
33
28
33
31
45
17
35
42
38
26
29
32
41
33
47
23
32
39
15
48
28
33
46
42
12
14
45
35
27
