50
31
59
49
56
40
26
34
30
48
33
49
30
43
41
56
34
31
54
54
35
32
50
31
29
24
42
34
47
43
34
34
29
35
54
45
33
50
43
47
45
31
27
49
37
33
34
32
33
37
35
35
49
22
50
37
33
56
25
34
44
53
33
32
59
58
52
32
53
34
55
37
38
29
48
42
50
35
41
56
56
57
37
55
30
46
45
32
52
32
54
36
43
34
29
36
48
36
28
55
35
34
28
29
32
38
33
48
27
36
48
32
53
30
51
54
33
54
34
37
32
59
35
22
30
39
42
29
33
39
27
37
33
55
43
53
50
54
34
30
25
40
45
52
48
31
47
37
57
37
32
54
32
36
46
33
51
55
18
47
48
55
41
59
24
55
34
53
49
26
33
53
54
34
33
49
50
35
33
44
24
37
47
46
33
44
41
27
31
51
33
37
33
26
33
38
59
47
29
32
34
36
53
44
30
48
31
49
51
34
34
41
38
60
46
27
48
31
43
48
31
37
49
34
33
57
58
49
52
28
52
48
29
40
37
46
29
53
32
45
41
58
55
29
46
36
40
44
55
32
36
30
49
31
46
27
35
56
32
41
39
58
49
30
36
52
48
49
26
33
40
47
36
33
33
46
47
59
32
54
37
53
33
51
36
31
29
45
35
23
31
45
46
29
44
54
38
49
33
34
30
29
48
45
45
34
34
30
33
50
58
29
29
40
50
34
53
51
55
23
49
56
31
32
39
55
51
31
34
51
61
46
35
33
48
34
23
25
46
53
49
36
42
48
50
33
27
57
48
42
57
49
42
37
26
32
34
25
40
51
39
41
55
56
46
56
41
42
25
46
40
54
56
24
23
34
39
37
40
37
36
50
26
37
48
56
46
52
52
48
59
44
57
29
52
35
39
48
55
30
32
38
38
39
51
53
29
46
52
29
23
42
31
49
25
32
54
57
57
28
47
33
33
35
28
49
30
33
35
48
51
39
48
51
44
45
46
52
30
46
45
34
43
37
40
40
42
49
29
34
54
47
45
55
36
35
48
47
50
45
32
53
23
30
41
40
43
45
50
52
54
60
60
57
44
48
47
48
41
54
56
53
52
56
43
45
48
60
47
48
44
47
53
50
56
56
50
45
52
47
