36
31
38
64
40
39
32
38
66
51
35
27
43
41
59
37
62
59
41
51
37
32
36
40
29
65
36
68
48
15
48
36
68
27
31
33
34
61
41
28
26
34
36
23
44
26
56
41
38
50
31
31
38
52
32
25
45
31
39
20
44
43
56
48
31
37
54
52
46
28
30
29
27
65
20
39
53
48
59
43
60
37
45
33
37
28
43
31
26
43
49
59
57
31
30
35
54
55
27
29
34
26
31
29
27
27
20
54
17
23
41
45
26
49
32
52
45
13
25
30
32
38
31
37
22
37
19
21
48
19
66
35
58
63
56
35
38
50
49
46
26
24
56
35
38
32
15
37
54
38
42
31
33
20
38
54
39
45
29
43
53
39
40
34
37
53
50
37
31
40
55
36
33
35
26
44
34
32
36
20
49
27
22
53
9
29
31
40
55
35
39
48
50
37
28
34
24
52
34
55
29
55
40
27
69
25
33
27
49
45
36
17
26
33
78
39
22
49
27
38
22
34
47
26
27
61
63
33
35
26
57
40
31
34
35
31
43
31
53
45
43
35
35
17
44
32
38
75
33
44
32
35
46
41
42
46
31
21
62
26
40
46
7
42
59
32
36
23
50
23
64
44
62
27
24
56
51
45
45
38
49
21
12
42
24
27
49
33
28
32
22
35
56
32
42
42
27
39
54
25
43
35
32
36
23
32
58
36
36
41
36
33
47
45
26
42
49
28
30
27
18
57
28
52
18
57
30
17
57
48
60
42
25
42
51
20
42
31
46
42
33
20
57
22
32
46
25
20
49
44
18
55
50
48
47
30
42
40
25
25
40
46
14
49
42
34
28
49
35
42
42
28
46
17
52
42
41
33
37
46
50
56
46
31
46
56
48
26
20
47
27
34
49
27
26
40
19
30
27
28
57
36
12
53
31
45
24
35
30
31
54
45
27
48
29
34
41
26
51
31
38
40
35
57
25
46
30
29
11
33
25
33
38
34
19
32
35
31
36
21
54
22
30
37
14
43
22
41
54
42
43
36
18
35
32
32
46
55
25
25
27
56
30
36
14
21
47
26
21
31
45
32
26
42
47
25
33
20
32
54
40
46
31
39
16
30
41
35
32
25
46
17
55
29
30
39
38
33
32
14
