27
33
45
38
54
35
46
30
72
35
30
24
38
67
34
45
42
41
61
55
36
47
32
26
42
43
19
58
17
19
44
59
48
41
57
52
52
49
32
47
22
56
16
49
41
44
50
55
35
65
57
66
37
21
32
68
47
47
23
25
46
34
33
28
35
47
22
51
47
23
12
18
20
36
56
43
44
50
38
34
42
18
47
37
42
30
52
68
63
50
60
32
41
34
74
57
58
50
28
33
40
40
40
21
52
49
43
60
26
31
26
55
26
47
51
59
32
47
31
35
47
38
34
58
53
36
50
39
42
34
47
17
50
48
26
39
51
31
60
30
77
59
25
26
35
67
38
31
35
56
55
48
55
57
24
48
27
26
57
55
40
26
36
40
41
23
54
37
19
65
72
50
44
44
36
48
37
28
62
52
41
36
45
32
48
64
54
54
38
55
11
36
53
43
33
51
38
20
66
64
49
29
28
58
47
34
49
24
34
36
49
39
46
55
64
53
36
63
32
42
62
33
44
57
49
56
39
65
51
37
43
18
44
44
44
25
17
27
54
35
59
49
42
41
32
48
49
39
42
51
50
37
37
63
51
46
30
5
49
48
45
52
24
37
44
61
28
47
25
54
33
62
54
56
59
41
14
33
48
23
45
30
41
46
51
52
25
37
51
35
60
47
41
66
37
60
26
31
64
49
18
48
42
42
38
22
19
51
43
59
44
50
26
52
60
19
48
41
37
42
47
52
46
53
49
50
41
33
48
44
45
54
61
57
42
60
23
49
48
54
58
33
57
56
51
30
42
68
24
49
28
37
39
48
52
47
52
41
36
41
33
63
31
47
60
62
55
33
56
56
34
32
28
52
61
42
54
50
74
67
25
41
53
20
55
38
29
59
47
55
25
59
45
22
39
53
41
27
37
42
38
55
55
52
43
21
41
45
48
47
31
35
35
53
50
41
28
30
36
25
41
65
50
37
49
20
44
50
22
29
24
30
52
28
50
55
21
50
53
36
39
28
18
46
37
55
28
44
53
46
45
34
44
26
35
26
43
30
52
34
38
21
38
61
33
38
63
52
29
22
76
19
32
36
16
42
37
56
38
27
36
24
55
17
45
12
46
14
36
44
39
39
40
36
35
50
37
19
22
32
