56
53
56
27
49
41
51
55
51
52
48
33
47
45
47
53
49
45
48
43
46
38
35
48
30
48
35
48
53
53
30
48
48
24
46
52
53
43
48
51
53
46
44
50
53
53
57
52
51
56
38
34
41
50
32
26
42
42
44
58
19
17
48
59
43
19
49
53
43
50
59
41
49
53
47
32
22
52
47
16
53
49
44
58
50
41
41
48
53
44
48
52
46
45
52
52
21
32
51
47
23
25
34
46
54
33
55
54
28
56
54
56
41
37
35
54
22
51
46
49
23
12
55
43
18
50
57
57
43
49
20
50
55
41
49
46
47
54
50
36
50
38
34
46
18
37
55
59
47
42
47
50
53
47
50
34
57
50
50
28
49
54
53
33
40
44
48
51
55
53
54
21
26
49
47
64
49
60
56
31
26
26
47
48
32
31
48
35
50
38
45
43
47
47
38
58
45
34
45
36
72
55
42
49
50
49
50
34
17
26
39
31
51
55
53
30
47
25
49
26
54
53
59
51
56
56
43
53
52
53
52
35
31
35
53
45
57
49
47
45
47
60
44
53
51
24
50
50
54
65
47
50
49
48
46
45
47
57
27
49
26
26
53
47
52
50
50
43
52
36
50
58
46
59
40
46
48
45
54
47
41
50
51
51
54
23
37
57
19
52
48
50
54
49
45
45
52
49
53
55
54
44
53
46
48
57
53
42
36
37
28
36
42
45
46
44
52
49
43
43
42
48
53
49
52
59
48
32
48
44
52
46
44
54
57
43
48
49
38
11
36
55
44
46
56
55
52
43
52
43
48
37
53
56
48
41
33
49
54
52
56
58
38
45
20
52
47
59
54
50
48
55
47
52
59
51
45
29
60
50
28
40
42
47
34
24
51
52
43
49
52
52
46
39
32
56
52
39
49
54
50
61
33
49
50
44
52
40
37
56
56
60
43
44
48
52
48
53
43
18
44
40
46
54
49
59
43
57
40
56
42
47
50
51
44
58
44
48
49
52
25
50
48
17
58
47
48
27
53
35
53
49
42
51
32
37
51
50
49
51
44
53
43
51
53
46
54
49
55
46
45
46
47
44
46
52
50
52
59
48
48
41
49
67
50
50
55
53
46
58
53
52
50
52
49
47
55
51
54
48
