32
30
40
33
45
49
49
37
37
39
28
40
35
46
35
54
55
32
27
51
46
47
48
38
53
47
52
55
21
36
32
58
32
32
36
53
54
57
61
56
55
31
31
37
44
53
31
47
37
47
53
54
35
50
30
57
59
52
47
50
34
25
35
50
35
27
57
33
52
28
28
24
34
51
28
40
53
28
50
28
53
32
23
33
54
54
49
48
35
33
36
30
35
52
44
30
35
51
37
47
42
30
32
57
34
56
50
55
55
34
52
30
39
33
44
46
46
24
34
23
55
37
47
28
36
57
50
49
34
40
28
51
22
29
23
51
34
44
33
50
42
30
42
60
38
37
58
25
55
52
29
38
43
44
28
38
40
39
32
31
54
60
29
53
35
44
27
50
24
33
48
29
35
40
63
23
22
32
46
30
39
49
48
53
56
48
35
33
47
57
29
37
46
52
35
49
52
52
52
53
38
37
34
30
52
31
43
33
27
44
46
49
49
63
36
53
37
41
30
48
54
37
30
48
44
56
50
31
52
59
36
47
53
53
53
51
52
33
42
36
26
46
47
41
24
41
53
37
40
34
35
40
47
36
29
52
50
57
50
45
26
51
36
36
33
38
49
62
37
42
33
31
31
26
57
50
48
54
34
49
34
40
48
34
30
52
29
50
47
32
47
24
57
29
29
30
23
36
34
33
40
32
32
47
46
49
59
32
31
57
24
33
32
50
31
63
28
24
40
47
41
47
26
47
47
35
32
29
49
21
47
37
36
32
45
51
42
54
29
49
49
29
45
37
46
64
35
28
46
47
29
37
42
33
29
48
44
32
29
39
38
57
50
29
33
41
57
45
55
35
33
41
41
55
52
35
54
29
36
53
36
38
52
31
31
25
42
48
35
56
31
32
55
51
53
49
41
47
36
53
34
33
46
37
30
33
38
56
52
58
34
24
33
53
49
49
33
41
26
31
45
49
46
31
49
50
51
38
42
33
50
31
37
35
24
26
53
52
33
36
40
38
55
31
32
22
45
34
56
52
34
42
49
23
31
37
34
31
51
43
40
29
52
32
42
52
38
61
49
33
39
29
53
54
48
50
51
44
26
33
51
47
51
48
49
49
46
56
57
50
43
53
48
51
48
57
49
56
53
50
