23
17
49
61
30
51
13
17
54
38
31
53
48
58
39
20
39
53
29
69
34
31
12
55
19
40
53
38
32
25
31
44
31
39
26
30
45
34
12
18
25
31
36
38
27
35
13
38
42
14
37
34
52
31
15
37
22
48
70
32
22
38
62
46
48
36
36
52
39
8
31
37
42
48
18
39
46
41
36
42
29
47
63
36
64
37
45
31
60
31
59
21
34
32
51
21
47
17
48
32
30
44
30
25
38
63
64
11
69
22
31
40
37
29
50
18
51
43
28
37
49
27
37
45
35
25
35
40
44
19
16
46
42
24
30
44
46
51
15
28
64
34
33
58
55
50
38
31
59
39
51
51
31
60
28
45
44
50
36
58
62
39
52
41
35
36
45
39
34
52
38
21
33
41
48
41
23
48
26
43
57
46
43
17
42
38
35
71
31
30
23
46
25
38
41
49
48
62
57
20
28
42
35
41
34
58
28
31
43
58
62
25
20
29
36
46
32
29
35
58
30
43
32
47
58
34
23
40
27
30
24
32
34
42
31
36
29
39
22
40
31
39
28
31
23
28
53
51
23
42
30
57
26
35
42
12
51
21
40
40
39
27
38
41
48
33
32
35
39
21
48
24
69
44
28
28
31
37
40
36
14
48
33
30
41
42
36
26
45
28
29
23
32
40
32
20
36
47
19
21
43
36
52
17
32
11
53
32
51
47
12
39
54
43
22
32
27
56
34
16
9
37
48
37
16
31
21
24
35
20
23
39
33
27
29
27
41
62
20
28
27
29
28
49
37
46
40
47
48
41
41
45
41
33
53
27
25
16
26
41
48
60
45
37
26
42
75
46
37
57
27
28
34
59
32
40
35
46
28
37
19
41
13
35
37
41
33
29
10
26
23
33
27
22
38
15
38
30
61
44
36
36
62
28
29
31
65
53
31
28
10
42
40
39
30
27
21
43
40
32
26
41
41
23
25
26
16
40
48
45
41
28
35
25
32
25
39
27
20
57
66
23
40
45
35
24
38
21
48
65
25
46
36
39
28
54
38
17
29
35
27
56
36
39
33
28
50
33
31
40
45
17
35
42
38
26
29
32
41
33
47
23
32
39
15
48
28
47
60
43
33
46
42
12
14
45
35
27
41
42
