29
43
48
57
43
63
36
51
62
32
45
68
37
46
48
65
43
42
45
47
28
48
46
36
41
56
40
71
30
27
57
57
34
52
45
29
79
34
69
47
35
55
60
75
34
39
29
60
33
31
44
36
59
40
45
48
52
49
49
57
49
54
61
45
51
58
65
57
38
34
46
57
30
70
41
33
49
54
27
65
43
29
50
41
51
41
58
52
36
34
56
45
38
51
36
37
52
34
50
60
48
38
29
69
68
80
34
53
39
38
31
32
39
55
38
43
59
62
54
41
56
50
38
51
54
39
55
37
42
57
48
55
59
47
53
65
61
28
57
38
35
40
45
65
44
57
62
68
55
40
40
48
46
40
31
50
26
53
28
54
44
35
45
45
53
51
36
31
59
35
43
56
30
49
33
52
52
65
63
37
56
53
58
63
47
32
65
45
51
34
45
24
50
46
58
34
40
62
69
49
57
52
63
43
41
32
61
64
50
31
66
54
41
50
45
43
51
54
47
49
30
24
59
26
49
57
60
48
54
64
39
62
47
47
39
47
73
43
61
49
33
52
48
67
39
27
41
77
51
58
57
45
53
45
38
66
56
54
62
30
74
50
34
42
43
36
47
56
51
39
29
51
62
35
43
73
34
51
56
36
69
23
37
38
59
66
35
56
55
54
48
53
71
52
49
37
50
36
49
54
41
34
29
40
60
39
35
52
53
60
55
53
34
26
38
35
36
51
35
45
57
66
29
50
38
41
62
65
52
33
33
44
31
32
30
51
58
26
40
32
61
35
46
45
52
53
36
45
58
38
53
41
36
25
33
30
23
63
40
55
30
48
49
43
35
65
29
41
53
65
53
36
42
64
69
35
48
28
53
41
48
21
34
55
44
49
31
43
27
39
72
34
20
57
53
54
51
53
41
28
40
64
30
33
58
62
43
58
51
58
47
35
57
60
38
54
53
22
70
28
50
37
52
48
38
41
42
48
34
42
37
40
45
62
36
44
65
50
39
46
61
44
54
54
55
33
33
33
60
45
36
55
54
38
35
38
57
49
34
41
62
21
54
30
33
30
46
55
63
54
56
59
49
41
61
54
60
50
48
63
47
49
50
42
47
40
47
36
43
36
27
60
59
59
38
38
37
72
63
51
