50
27
33
45
38
35
52
30
39
52
50
35
30
47
24
38
54
34
49
55
51
41
32
49
26
42
19
17
47
19
41
32
22
16
49
54
41
44
21
32
47
23
44
25
34
33
28
35
22
23
12
47
18
20
36
49
50
38
53
34
49
18
37
42
43
52
50
34
50
28
33
40
21
26
61
31
50
26
26
32
31
51
35
53
47
38
34
36
42
34
17
26
39
55
31
30
25
26
35
54
53
31
35
24
48
50
27
26
26
36
40
48
60
41
23
37
19
50
53
44
36
37
28
36
45
55
47
60
32
48
50
54
43
38
11
36
43
50
33
53
56
38
20
40
29
28
47
49
47
56
55
42
34
24
39
32
33
38
55
44
37
43
45
53
61
18
49
44
25
17
27
35
49
42
44
32
37
37
30
5
45
24
37
28
47
25
54
56
48
33
49
56
41
14
23
30
41
54
46
37
54
51
41
26
31
18
38
22
42
19
26
19
48
41
37
50
33
44
42
23
56
48
33
48
30
52
39
24
28
37
39
48
52
36
41
53
33
33
32
57
28
57
25
41
20
38
29
25
22
39
27
37
42
48
52
55
52
21
47
41
41
45
48
57
63
47
31
35
45
41
35
46
55
44
28
30
58
36
25
20
49
44
45
49
22
29
24
30
50
21
36
18
37
59
44
28
49
44
50
47
34
26
35
26
43
52
21
33
22
19
32
16
42
55
37
56
38
50
48
27
42
36
24
55
17
50
45
12
54
46
14
49
36
60
44
62
39
46
39
40
50
36
35
46
50
37
46
19
22
32
46
51
25
39
34
36
47
42
47
25
24
55
59
59
19
36
47
35
60
40
59
51
39
28
47
23
37
36
58
31
37
43
16
39
37
14
21
38
43
54
48
44
50
49
44
45
24
24
20
26
41
51
31
50
26
23
41
40
45
50
54
39
47
21
34
39
49
51
52
50
49
53
56
58
51
29
37
52
24
28
44
27
42
39
42
32
50
43
36
28
24
41
33
47
27
37
39
47
29
33
29
26
44
24
32
15
29
43
29
34
44
34
49
27
41
26
37
42
30
24
13
28
24
36
28
33
31
35
31
35
29
32
32
38
54
50
29
22
28
29
31
17
38
45
36
28
32
46
39
21
