56
53
27
33
45
38
56
49
35
41
30
51
35
30
24
55
38
51
34
41
52
48
47
45
47
53
49
48
32
26
43
46
48
42
48
48
53
53
19
48
17
19
48
41
46
32
52
53
43
48
22
51
53
46
16
44
50
53
49
41
44
21
53
57
52
51
32
47
23
25
56
50
42
44
34
58
48
33
59
43
49
28
53
35
22
43
50
23
59
12
18
49
20
36
50
38
34
53
18
37
47
52
42
47
53
50
34
50
44
28
58
50
33
41
48
40
53
21
48
26
52
46
31
45
52
26
52
26
51
46
54
32
31
35
55
54
47
38
34
56
36
42
54
56
41
37
54
51
34
46
17
49
26
55
43
50
57
39
31
57
30
43
25
49
50
26
35
31
35
55
41
24
48
49
27
46
26
26
47
54
36
40
41
50
23
46
55
37
59
19
47
50
47
50
53
44
47
57
36
37
50
28
36
49
45
32
48
54
53
54
44
48
38
11
36
51
55
43
33
38
53
20
54
49
47
64
49
60
29
28
56
47
47
48
48
50
38
34
45
43
24
39
32
33
44
47
58
45
45
37
72
43
55
18
49
44
25
50
17
27
35
49
49
50
51
42
55
32
53
37
37
47
30
5
45
49
24
54
37
28
53
47
59
51
56
56
43
53
25
52
53
54
52
53
33
41
14
23
45
57
30
49
47
41
46
37
51
41
45
26
31
47
60
44
18
53
38
22
51
19
26
19
48
41
37
50
50
33
44
42
50
23
54
65
48
33
47
30
24
28
50
37
49
39
46
45
47
57
49
48
53
47
52
50
50
52
43
36
52
50
41
58
46
33
33
59
46
32
28
48
45
25
41
54
47
50
20
51
38
29
51
54
25
22
39
27
57
52
48
54
37
42
55
49
45
52
21
41
45
45
52
48
47
31
49
35
35
28
53
55
54
30
36
53
25
20
44
22
29
24
46
30
48
21
36
18
57
53
37
28
44
34
26
42
42
46
35
44
26
43
52
52
21
49
43
43
33
22
42
19
48
32
16
42
37
53
56
49
38
27
36
52
59
24
55
17
48
45
44
12
52
46
46
44
57
14
43
48
49
55
44
36
46
56
44
39
55
52
39
40
36
52
43
35
50
48
37
19
22
32
