27
36
37
32
34
40
29
32
34
28
31
49
20
48
50
33
50
45
31
32
60
32
48
38
35
23
35
27
34
47
45
38
39
31
31
29
47
48
47
38
27
34
29
30
31
33
39
51
40
36
39
34
33
44
33
49
38
37
50
27
32
19
47
23
40
37
24
38
29
48
40
30
29
28
35
43
36
32
34
20
31
33
35
34
48
27
52
35
31
37
29
36
32
36
38
29
36
35
31
44
33
37
30
41
32
36
49
54
39
33
52
37
33
24
42
33
43
34
38
34
29
50
58
33
32
55
34
50
49
27
36
38
31
30
36
49
22
34
34
44
25
36
33
29
53
46
31
24
50
36
29
35
31
39
36
44
37
32
38
39
33
39
32
35
54
36
32
41
28
31
35
38
32
51
38
32
39
31
38
34
50
33
36
33
53
50
27
37
35
48
31
30
36
60
34
32
40
49
52
47
30
33
53
32
25
29
29
39
47
28
36
46
46
31
49
52
52
33
50
34
50
50
34
35
37
24
38
39
41
35
33
29
38
45
31
30
47
38
28
36
34
37
30
37
32
36
35
52
34
23
47
31
27
45
30
34
28
39
42
33
36
35
30
29
35
30
34
31
38
38
34
46
32
29
41
31
38
29
33
36
29
31
40
34
27
32
39
33
30
29
28
51
28
36
29
33
31
49
41
44
44
54
35
41
37
27
34
34
47
27
55
28
33
43
57
29
39
33
53
29
36
39
32
28
32
36
26
28
49
40
32
32
52
57
28
34
59
35
29
37
48
27
32
30
32
37
52
53
29
28
34
19
28
35
43
39
25
31
57
57
37
31
55
52
30
35
50
47
24
30
47
34
29
23
29
50
34
34
52
40
32
22
32
35
45
37
51
29
39
34
51
31
41
30
36
57
36
36
40
44
40
54
46
30
32
41
37
53
33
37
29
31
45
32
33
34
60
53
32
35
35
46
24
28
50
49
27
34
31
24
34
35
31
59
38
30
29
34
49
26
38
38
28
55
31
50
46
34
46
41
26
33
36
41
50
36
34
54
53
54
47
30
34
50
42
36
32
48
49
31
37
30
42
33
38
51
41
39
34
32
37
34
37
28
33
51
32
33
29
32
49
56
33
47
47
51
45
52
51
51
