64
40
38
66
51
59
62
59
51
65
36
68
48
68
61
44
56
50
43
56
54
52
46
65
53
48
59
60
37
31
49
59
57
30
54
55
27
49
32
52
66
58
63
46
54
33
38
54
43
53
53
50
55
49
55
48
50
52
55
69
49
45
78
27
34
61
63
57
40
53
43
44
75
44
46
40
42
59
50
64
62
56
51
45
49
49
56
42
54
58
49
57
52
57
57
48
60
42
51
57
49
55
40
42
49
42
50
56
46
56
48
49
36
53
54
51
57
38
54
43
41
36
46
56
47
59
45
52
28
55
25
52
35
43
49
54
50
44
54
26
29
35
62
47
41
40
51
34
63
46
39
62
68
43
35
21
81
48
58
62
27
52
52
57
54
53
57
64
52
56
56
42
57
47
40
57
43
58
42
19
47
55
42
62
47
42
54
54
47
48
37
47
50
34
53
56
54
55
48
61
60
51
46
47
56
58
65
50
44
52
53
46
51
37
30
51
55
47
49
54
38
70
31
54
55
48
59
59
58
52
53
48
70
42
43
48
43
61
51
45
60
53
63
47
32
47
39
41
43
45
67
46
57
34
35
65
40
52
45
44
38
45
57
64
39
63
37
70
51
57
44
35
38
40
63
59
60
49
40
58
44
55
33
58
33
35
55
66
65
34
38
16
45
44
64
46
48
40
51
57
50
59
62
31
51
44
54
53
47
55
35
46
51
47
53
51
42
46
32
43
66
34
30
52
56
36
46
55
53
40
49
66
71
49
30
53
56
55
61
52
61
46
41
38
28
45
58
38
46
57
57
22
73
42
60
49
61
52
46
30
52
55
44
55
45
53
41
53
51
44
46
49
40
62
40
44
49
66
37
57
56
56
67
40
47
66
54
44
54
54
32
58
53
60
54
42
58
61
53
36
41
33
53
58
62
63
58
58
54
51
34
49
44
46
56
50
44
32
45
57
36
55
58
56
55
60
44
60
58
22
34
32
52
52
54
64
35
21
53
51
51
48
49
54
52
52
42
52
67
56
32
36
78
28
45
66
41
64
56
41
47
62
58
37
43
51
52
53
48
47
58
25
69
54
44
46
55
62
62
74
54
68
53
65
25
46
41
48
56
52
54
59
27
44
52
62
49
47
47
60
