27
36
37
32
34
29
32
34
28
31
20
33
31
32
32
38
35
23
35
27
34
38
39
31
31
29
38
27
34
29
30
31
33
39
40
36
39
34
33
44
33
38
37
27
32
19
23
37
24
38
29
40
30
29
28
35
43
36
32
34
20
31
33
35
34
48
27
35
31
37
29
36
32
36
38
29
36
35
31
33
37
30
41
32
36
39
33
37
33
24
33
43
34
38
34
29
33
32
34
27
36
38
31
30
36
22
34
34
44
25
36
33
29
31
24
36
29
35
31
39
36
37
32
38
39
33
39
32
35
36
32
41
28
31
35
32
38
32
39
31
38
34
33
36
33
27
37
35
31
30
36
34
32
40
30
33
32
25
29
29
39
28
36
31
33
50
34
34
35
37
24
38
39
41
35
33
29
38
31
30
38
28
36
34
37
30
37
32
36
35
34
23
31
27
30
34
28
39
33
36
35
30
29
35
30
34
31
38
38
34
32
29
41
31
38
29
33
36
29
31
40
34
27
32
39
33
30
29
28
28
36
29
33
31
41
35
41
37
27
34
34
27
28
33
43
29
33
29
36
39
21
39
5
27
21
39
34
27
27
33
41
30
34
38
36
43
25
39
36
55
22
38
37
42
21
49
30
26
31
43
25
28
38
24
33
14
27
43
37
38
54
28
40
25
41
23
32
39
45
35
45
29
27
37
32
45
41
44
42
43
32
21
26
27
30
36
34
41
23
29
29
32
40
51
44
21
13
33
28
42
38
29
30
36
46
41
32
25
32
29
33
26
40
30
16
29
29
14
32
25
24
40
45
50
34
22
30
16
35
40
42
24
24
38
45
38
34
34
44
42
21
24
36
36
33
55
17
20
16
26
41
34
29
25
29
34
43
45
28
24
41
34
31
24
35
40
13
31
23
29
39
28
41
38
28
37
29
9
48
30
36
43
40
38
30
28
26
21
42
44
44
17
48
25
46
35
32
24
42
41
44
14
22
38
39
38
41
39
29
25
49
38
17
33
29
45
34
33
39
37
34
35
40
25
30
20
38
20
40
29
18
32
32
52
25
42
27
47
34
28
33
20
29
39
20
21
23
40
16
39
34
25
29
36
47
28
42
38
20
19
28
39
52
35
38
42
33
33
18
6
