40
49
36
31
48
50
38
50
39
45
32
35
60
27
48
47
43
41
45
37
47
41
48
47
37
32
36
51
40
49
29
50
47
15
40
48
48
36
27
52
31
33
34
44
49
41
28
26
34
36
23
26
54
52
41
42
50
38
31
58
55
31
50
38
52
49
32
49
53
46
50
44
54
38
51
25
50
45
31
53
50
39
48
20
44
48
31
60
37
28
49
52
30
29
47
27
20
53
47
39
46
43
46
37
49
45
52
33
28
52
50
50
45
47
52
47
45
42
43
46
51
49
44
26
43
31
44
54
47
35
27
29
55
34
26
57
39
31
29
27
20
53
54
17
49
52
57
23
59
41
48
52
53
45
26
57
45
57
55
52
13
25
50
30
32
38
31
47
37
47
22
37
50
19
52
45
21
48
19
51
35
51
56
57
54
46
35
53
38
45
50
60
49
53
50
49
59
49
55
26
24
50
46
56
46
35
38
32
50
15
54
37
38
53
42
31
20
54
39
45
29
47
50
48
49
39
40
51
51
34
37
37
31
40
49
56
36
47
33
35
26
44
34
32
47
36
51
45
52
51
20
51
51
43
27
51
48
22
43
53
9
50
45
56
29
55
48
31
40
53
52
50
35
50
39
63
42
37
28
34
24
34
29
47
42
55
44
41
48
39
40
53
27
45
25
54
33
45
27
57
38
53
48
36
47
17
26
33
46
39
49
50
22
49
48
54
38
22
47
26
27
61
61
33
51
49
35
26
31
58
34
52
43
46
45
35
31
43
45
41
31
45
35
35
17
32
38
42
33
44
59
32
35
46
46
52
46
54
41
42
31
21
55
62
50
26
46
55
7
32
56
36
23
23
44
27
24
45
38
21
51
47
12
52
42
47
48
50
24
27
48
33
28
49
32
57
45
22
35
51
32
47
46
42
27
49
39
53
25
43
48
48
49
46
35
43
54
52
50
32
36
55
47
53
23
32
42
52
55
50
36
36
51
50
41
36
48
33
47
49
51
45
26
48
45
53
42
59
47
28
30
27
18
28
60
18
47
30
43
17
25
50
53
55
42
51
45
20
42
31
46
42
33
52
20
57
22
54
55
32
46
58
55
55
25
45
50
20
47
44
18
50
55
48
49
49
50
56
49
51
