32
30
40
33
37
39
60
28
40
52
35
35
32
27
55
38
50
51
21
36
32
52
51
48
32
32
51
36
31
31
37
31
50
48
37
35
45
30
34
25
35
45
35
39
47
27
33
28
28
24
57
34
42
28
40
28
28
32
47
23
33
35
33
36
30
35
44
30
35
33
67
37
30
32
34
34
30
39
59
62
47
55
33
24
42
34
23
37
64
28
36
34
40
28
22
29
60
23
43
34
42
33
30
53
38
37
25
29
38
28
38
39
32
31
29
35
32
32
27
24
33
29
53
35
40
52
23
39
22
32
30
35
33
29
37
35
38
48
37
34
30
54
31
33
27
36
37
65
30
37
30
31
36
33
36
26
41
24
41
37
40
34
35
40
36
36
45
29
26
36
47
56
36
33
54
51
38
58
33
31
31
26
34
58
34
40
34
41
30
40
29
32
24
46
29
29
54
30
23
36
63
34
33
40
32
32
32
31
24
64
33
32
51
31
28
24
40
41
26
35
32
29
61
45
21
37
65
40
36
32
29
40
38
43
29
37
35
28
29
37
42
33
29
32
29
39
38
29
33
59
35
33
41
41
35
29
36
36
51
38
56
39
31
41
31
25
35
31
48
32
53
36
34
33
37
30
68
50
33
34
47
24
33
33
40
41
63
26
31
31
51
38
53
33
31
48
63
37
35
24
50
26
33
50
36
40
38
31
32
34
22
34
34
42
63
48
23
31
37
75
34
31
40
29
32
42
38
33
39
29
26
37
33
37
36
65
38
30
37
28
28
33
35
29
59
34
41
58
30
36
36
63
35
52
57
30
42
70
35
30
27
41
38
27
30
27
31
27
43
30
55
26
56
35
57
39
32
34
28
27
29
28
34
37
38
34
31
26
34
39
65
27
34
31
50
38
30
38
39
27
37
34
36
34
44
26
59
26
54
52
35
22
61
23
37
34
31
38
60
31
56
58
28
32
37
28
23
26
36
72
49
37
33
35
36
44
32
29
41
35
41
64
32
58
33
22
34
31
26
51
29
41
31
36
40
32
41
39
34
35
36
39
37
57
30
41
30
36
42
35
33
31
51
32
42
40
31
57
33
34
37
31
54
30
35
35
45
22
29
29
32
38
31
39
30
36
39
26
34
32
