32
49
30
40
51
54
33
37
53
58
39
39
28
69
55
40
35
44
35
42
48
32
27
38
70
21
36
62
46
52
42
32
42
47
63
36
32
64
37
32
36
31
45
31
60
37
31
59
37
35
63
30
34
64
69
25
50
49
37
45
35
40
35
27
33
28
44
64
28
24
58
34
28
55
50
59
40
28
51
28
32
60
58
62
52
23
39
52
33
43
57
35
46
33
36
43
30
71
35
46
44
30
35
37
30
32
48
34
62
57
34
58
43
58
30
39
62
29
46
33
58
32
24
34
23
37
47
58
39
28
36
34
40
28
22
29
23
53
34
51
57
35
51
39
48
33
30
38
37
35
69
40
25
43
52
29
38
28
53
38
51
39
47
32
31
29
54
35
27
24
56
48
33
35
41
29
35
40
62
23
49
47
22
41
33
53
48
32
60
30
37
35
33
29
75
37
35
57
38
59
37
40
46
34
30
31
41
38
61
44
33
62
29
65
53
27
57
66
48
65
36
37
30
36
37
39
30
28
31
36
54
56
33
39
36
26
41
50
24
41
40
47
37
40
60
34
43
41
35
40
42
36
29
26
36
36
33
38
59
33
59
31
51
31
26
44
41
34
34
61
40
34
30
29
60
51
32
24
29
36
29
30
50
43
23
36
34
54
33
60
47
40
32
49
32
32
31
24
33
32
52
31
57
28
24
54
53
36
62
30
40
41
26
35
52
32
29
21
37
40
36
54
37
52
32
22
29
57
29
37
52
54
58
46
50
35
28
60
47
58
29
66
49
37
47
43
42
33
29
31
32
38
56
63
57
71
43
29
39
70
24
38
60
29
63
33
33
35
52
33
60
48
53
43
38
41
49
38
41
64
54
35
60
51
29
36
64
36
50
38
73
31
53
67
56
50
31
50
25
59
49
49
61
35
31
52
32
36
34
33
54
37
30
33
37
34
57
24
33
33
58
41
59
26
31
52
31
67
38
33
31
51
50
39
29
35
48
40
37
36
35
24
46
26
51
33
36
50
58
40
38
31
45
59
41
32
22
34
35
36
63
34
42
47
32
23
46
31
53
37
34
31
40
29
32
45
65
42
38
33
47
39
59
29
38
60
26
33
42
56
55
62
54
59
55
51
53
36
62
49
