56
53
56
49
36
41
51
32
55
37
42
51
52
48
47
45
47
28
53
36
49
48
43
46
30
27
48
48
48
53
53
48
29
34
48
35
46
34
52
53
43
48
51
29
53
46
44
31
50
53
53
57
36
30
52
51
33
56
27
50
42
44
58
48
59
43
49
29
41
53
36
43
50
59
49
34
53
47
52
47
53
44
58
50
38
41
48
53
48
52
46
45
52
36
52
37
34
51
46
54
55
54
56
54
56
41
37
54
51
29
46
34
49
39
31
55
43
50
57
57
43
49
50
55
41
49
46
32
47
54
50
46
55
59
38
47
47
41
38
28
50
53
38
47
57
50
49
54
40
53
44
48
40
51
40
55
53
31
26
54
49
47
64
49
60
56
28
47
48
35
48
36
50
31
38
45
43
47
35
30
58
45
33
37
45
72
55
49
50
49
50
34
51
55
53
47
49
54
53
59
24
51
56
34
41
56
32
43
24
53
52
53
52
53
45
57
49
47
45
47
60
44
53
51
50
50
54
26
65
47
50
49
39
46
45
47
57
49
53
47
52
50
50
39
47
43
52
33
50
58
46
39
59
46
48
45
27
54
47
50
51
51
54
57
52
48
54
38
49
45
30
45
52
34
49
53
55
54
53
42
46
36
29
48
35
36
57
53
42
23
42
38
46
44
52
35
49
43
37
36
34
35
34
43
42
48
26
53
49
38
52
59
48
44
52
46
44
57
43
48
49
55
44
46
35
56
55
52
33
52
33
44
43
48
31
32
30
37
53
26
56
48
41
49
54
52
32
35
56
58
36
45
38
52
47
59
54
50
48
25
55
47
52
33
59
23
51
49
45
60
35
29
50
40
42
51
52
43
41
49
52
36
52
46
56
28
52
39
49
54
50
61
49
50
52
40
56
56
21
60
43
44
48
52
48
53
44
40
46
54
49
59
43
34
31
57
40
34
56
30
42
47
50
51
58
44
48
49
52
50
48
58
47
48
53
53
33
51
51
50
49
38
22
28
37
51
44
53
43
37
40
36
51
53
46
54
49
55
46
45
46
47
44
46
52
50
52
59
33
33
33
48
35
48
34
41
49
67
50
50
55
53
46
58
53
41
21
52
50
52
49
47
55
51
30
54
48
30
41
36
