56
48
29
46
17
53
28
28
40
56
20
49
41
51
26
41
55
25
44
38
51
52
21
48
41
47
45
47
33
53
49
30
32
48
43
31
46
48
29
48
48
33
53
26
53
32
40
48
19
19
45
36
38
48
46
29
43
52
32
53
45
43
18
27
41
48
51
17
53
46
27
34
44
30
20
33
44
50
32
53
30
53
57
52
34
32
51
38
56
11
28
49
50
42
44
58
48
30
51
59
23
43
33
49
44
24
53
41
43
24
50
14
59
49
53
34
25
45
14
47
29
52
37
47
15
53
40
44
35
58
35
39
29
42
17
27
50
41
48
53
48
52
40
46
45
52
35
34
52
33
56
14
51
30
34
51
39
46
54
46
55
23
42
54
7
56
54
32
39
56
41
48
37
31
54
39
51
49
47
46
49
31
32
55
43
50
27
32
35
26
17
28
20
28
17
57
57
43
25
49
50
55
36
44
33
41
31
41
49
46
25
50
37
21
47
54
22
32
50
26
46
49
22
55
42
33
59
16
38
43
23
27
47
51
47
50
53
47
36
23
57
50
27
36
24
32
49
49
54
21
41
53
17
43
44
22
15
48
28
22
51
29
55
22
35
47
53
54
26
41
49
47
64
49
27
60
56
24
45
38
47
48
30
48
50
38
45
43
47
21
58
45
45
32
47
36
26
72
9
36
42
55
49
18
33
44
50
29
29
41
41
49
22
34
41
50
51
55
24
53
48
15
18
35
47
41
21
49
39
54
20
40
53
59
51
41
56
28
56
38
23
26
43
38
44
51
36
47
31
37
33
55
45
51
53
52
53
26
21
52
53
22
36
45
20
18
24
57
32
49
47
45
47
60
44
53
51
50
50
54
65
47
47
50
49
46
32
24
33
31
51
18
45
47
57
45
49
53
47
52
49
50
50
43
52
50
35
58
46
59
46
38
48
45
35
36
28
54
20
35
47
39
31
50
40
19
37
38
51
32
35
51
54
57
37
52
48
54
53
39
49
45
45
45
34
52
49
53
24
5
31
55
22
54
28
53
46
40
48
46
19
43
50
57
53
42
40
28
38
42
46
44
52
49
43
43
42
48
53
49
52
59
48
44
52
46
44
57
43
48
49
55
44
46
56
55
52
52
43
48
