49
51
27
36
54
37
32
34
29
53
32
34
58
39
28
31
20
69
33
55
44
42
48
70
31
62
46
32
52
42
42
47
32
38
35
63
36
23
64
35
27
37
34
45
60
59
38
63
64
69
50
49
37
39
31
31
45
29
40
44
64
58
55
38
50
27
59
34
51
60
58
29
62
52
30
31
33
39
52
39
40
36
39
34
33
43
57
44
46
43
33
71
38
46
48
62
57
37
27
32
19
23
58
43
37
24
38
58
62
29
29
40
30
46
58
29
32
28
47
58
39
53
51
57
35
51
39
35
43
48
35
36
32
69
34
20
31
33
35
34
48
27
35
31
37
40
43
29
52
36
53
32
36
38
51
29
36
47
35
54
31
33
37
30
41
56
48
35
41
32
36
39
33
37
33
24
33
62
49
43
47
41
33
34
53
48
60
37
38
34
75
29
57
33
59
40
32
46
41
34
27
38
36
61
44
38
62
29
31
65
53
57
30
36
22
34
34
44
25
36
33
66
48
29
65
36
31
24
36
39
29
28
35
54
31
56
39
39
50
36
40
47
60
37
32
43
38
41
39
42
59
59
33
39
32
51
35
44
41
61
36
32
41
28
31
35
32
38
60
32
51
39
36
31
38
34
50
33
36
43
33
54
27
60
47
37
35
31
30
49
36
34
52
32
57
40
54
30
33
32
25
53
29
36
62
30
29
39
28
52
36
40
31
54
33
50
34
34
37
35
37
52
22
24
57
38
39
41
35
33
29
38
31
30
52
38
28
36
34
54
58
46
50
37
30
60
47
58
37
32
36
35
34
66
49
23
47
31
43
27
30
34
31
38
56
28
39
63
57
33
71
36
35
43
30
70
24
29
60
63
35
33
52
60
48
53
43
38
49
38
30
34
64
54
60
31
51
64
38
38
50
34
73
53
67
32
29
56
41
50
31
50
59
38
49
29
49
61
33
52
36
54
29
37
31
57
40
34
58
59
52
27
32
67
51
50
39
39
33
29
35
48
40
30
29
36
46
51
50
28
58
45
28
36
29
33
59
31
41
41
35
35
36
41
63
47
37
32
46
53
27
45
34
65
34
47
59
27
38
60
42
56
55
28
33
43
62
54
59
29
33
29
36
55
39
51
53
36
62
49
