36
60
52
55
32
50
37
51
52
51
48
51
42
50
28
48
36
45
30
27
45
29
39
47
34
35
34
29
31
57
42
36
47
33
67
59
30
62
33
47
55
27
42
64
29
60
43
42
41
36
34
38
53
36
37
32
32
53
34
29
34
39
52
39
31
48
32
54
38
65
36
45
41
38
28
47
56
38
40
40
54
40
51
58
31
26
58
41
28
40
46
54
35
63
36
64
51
31
35
61
45
30
65
33
37
34
24
34
40
41
32
40
24
26
38
43
39
39
47
33
59
39
51
56
39
41
48
53
68
27
38
30
50
47
40
34
42
36
63
29
35
36
51
23
53
48
63
38
35
50
37
36
50
34
35
34
63
48
34
75
37
65
26
38
35
33
33
33
35
59
44
31
32
30
26
58
32
35
63
36
52
57
38
25
33
23
70
49
43
55
56
57
37
65
35
29
50
38
41
39
44
36
28
59
54
52
21
61
34
60
56
31
34
30
33
38
22
28
58
72
37
37
49
40
64
36
32
33
58
51
41
33
33
35
40
34
41
21
30
57
42
51
30
40
41
57
36
23
29
37
39
43
54
36
31
45
60
27
50
51
26
31
34
46
34
30
35
31
34
62
36
54
58
51
35
38
47
28
36
26
33
51
24
43
39
43
29
24
32
29
46
34
27
40
64
33
31
42
38
64
62
63
30
50
39
31
49
53
40
37
48
30
34
42
30
38
52
23
34
48
33
36
48
41
48
33
68
28
33
28
39
41
56
60
40
35
26
35
36
50
47
25
34
33
56
51
27
32
31
56
40
35
50
36
42
29
48
46
28
33
72
55
42
49
54
35
41
34
47
57
53
25
43
67
28
50
38
25
29
44
39
45
31
53
54
26
37
42
59
52
31
50
36
30
39
35
47
41
49
38
50
35
29
50
65
56
37
51
56
58
34
42
26
36
26
40
53
39
32
44
56
19
43
32
22
25
31
78
66
37
57
45
39
52
41
60
40
40
61
33
45
48
37
52
37
39
55
31
38
34
44
44
57
22
32
29
41
41
42
52
37
33
53
63
28
60
32
24
39
38
48
50
55
55
27
61
48
30
28
57
57
35
24
64
39
35
50
56
57
38
38
32
42
33
39
35
36
29
43
29
