36
56
31
53
38
56
39
49
32
41
51
55
51
52
35
48
27
43
47
45
47
41
53
49
48
37
43
46
48
48
41
37
48
53
53
48
48
46
52
53
43
48
51
53
46
32
44
50
53
53
57
52
51
36
56
50
42
44
40
58
48
59
43
49
53
43
50
59
49
29
53
47
52
47
15
53
48
36
27
44
58
50
41
31
48
53
48
52
33
34
46
45
52
52
41
51
28
46
26
34
54
55
54
56
36
54
56
41
37
54
51
46
49
55
43
50
57
57
43
49
23
50
55
41
26
49
46
47
41
54
38
50
46
31
31
55
59
47
47
38
50
53
47
57
52
32
50
49
25
54
53
44
48
45
51
55
53
31
39
54
49
47
20
64
49
60
56
47
48
48
50
44
38
48
45
43
47
58
45
45
72
31
55
49
50
49
37
28
50
51
55
53
47
49
54
53
30
59
29
27
51
56
56
43
20
53
52
39
53
52
53
43
45
37
45
33
57
49
47
45
47
60
44
53
51
50
28
50
54
43
65
47
50
26
43
49
46
45
47
57
31
49
35
53
47
52
50
50
27
43
52
50
58
46
29
34
26
59
31
29
46
48
45
54
47
27
50
51
20
51
54
54
57
17
23
52
48
41
54
49
45
45
52
49
53
55
54
53
46
48
57
53
45
42
42
26
45
46
44
52
49
43
43
42
13
48
53
49
25
30
52
59
32
48
44
52
38
46
31
44
37
57
43
48
49
55
44
46
56
55
52
52
22
43
48
37
53
56
48
41
49
37
54
19
52
56
58
45
21
52
47
48
19
59
35
54
50
48
56
55
47
35
38
52
59
51
45
60
50
50
40
49
42
51
52
43
49
52
52
26
46
24
56
52
39
49
54
56
50
61
49
50
52
40
56
56
60
43
44
48
52
35
48
53
44
40
46
54
49
59
43
57
40
56
38
42
47
32
50
51
15
58
44
48
49
37
52
38
50
42
48
58
47
48
53
53
51
51
50
49
51
44
53
43
51
53
46
54
49
55
46
45
31
46
47
44
46
52
50
52
59
48
48
20
41
49
67
50
50
55
53
46
58
53
52
50
39
52
49
45
29
39
47
55
51
54
40
48
34
37
37
31
40
36
33
35
26
44
34
32
