27
33
45
64
38
35
30
35
40
30
38
24
38
66
51
34
41
59
62
32
59
26
42
19
17
19
41
32
51
65
22
36
16
49
41
68
44
21
48
32
68
47
61
44
23
25
56
50
34
43
56
54
52
46
65
53
33
48
59
28
60
35
22
23
12
37
31
49
59
18
57
20
30
36
50
54
38
34
55
18
27
49
37
42
32
50
34
52
66
58
63
46
50
28
33
40
21
54
26
33
31
38
26
26
54
43
32
53
53
50
55
31
49
55
35
47
48
38
34
36
42
34
50
52
55
17
26
39
31
69
30
25
26
35
49
31
45
78
35
27
24
48
34
27
26
26
36
61
40
63
41
57
40
23
37
53
43
19
50
44
44
75
36
37
44
28
46
40
36
42
59
45
32
48
50
54
38
11
36
64
43
62
56
33
38
51
45
20
29
49
49
28
56
47
42
54
58
49
57
52
34
57
57
24
48
39
32
60
33
44
42
51
57
37
49
55
40
43
18
42
44
49
42
25
17
27
35
49
50
42
32
56
46
56
37
37
48
30
49
5
36
53
45
24
54
37
28
51
47
25
57
54
38
54
43
33
41
36
41
14
46
23
56
30
47
59
41
46
37
45
52
28
55
51
41
25
52
35
43
26
49
54
31
50
44
18
38
22
19
26
19
54
26
29
35
62
48
47
41
37
50
33
41
40
51
44
34
42
23
63
46
39
48
33
30
62
24
68
28
37
43
35
39
48
21
81
48
52
58
36
41
62
33
27
33
52
52
57
32
54
28
25
41
20
38
53
57
64
29
52
56
25
56
22
39
42
27
37
57
47
42
55
52
40
21
41
45
57
48
47
43
31
35
35
58
42
19
47
28
30
55
36
25
42
20
44
22
62
29
24
30
21
36
47
18
37
42
54
28
54
47
48
44
34
26
37
47
50
35
34
26
53
56
54
55
48
61
60
51
46
43
52
21
33
22
47
19
32
56
58
16
42
37
65
50
56
44
52
38
53
27
36
24
55
46
17
45
51
12
37
46
14
30
36
51
44
55
47
49
54
38
39
70
31
54
39
55
48
40
59
59
58
52
53
36
35
50
37
48
70
42
19
43
22
32
48
43
61
51
45
60
53
63
47
32
47
39
41
43
45
