49
37
36
51
37
29
54
53
38
29
58
46
37
39
44
23
34
69
39
57
39
55
44
25
53
38
20
46
42
24
27
40
40
17
43
15
28
48
70
38
62
31
29
31
55
30
38
17
30
33
32
51
27
36
35
34
59
33
38
46
35
52
42
28
14
40
39
29
11
42
30
35
40
47
49
63
33
11
38
36
22
41
38
42
46
44
30
64
37
28
19
34
38
41
6
24
34
24
45
46
34
14
26
60
33
59
63
25
26
39
27
27
8
64
46
69
38
13
49
31
21
41
31
54
50
49
39
38
37
19
33
45
30
27
12
40
28
23
39
45
32
44
64
36
24
37
17
58
55
30
42
55
43
50
41
29
28
28
32
47
41
59
36
42
51
34
60
19
40
58
37
39
38
42
41
46
9
11
36
62
52
27
19
21
18
39
21
40
52
43
57
47
17
46
43
38
71
41
27
53
26
46
11
36
48
48
28
21
4
62
24
18
27
33
57
25
31
20
58
25
19
34
47
52
43
24
41
22
44
40
43
24
23
58
31
38
33
62
21
27
27
29
29
46
58
32
29
43
42
39
17
47
58
37
36
39
36
19
31
53
32
24
51
40
42
25
51
38
27
18
32
44
56
57
18
40
37
17
35
31
56
26
38
51
42
47
15
23
12
49
39
48
35
31
16
69
40
34
43
52
20
48
28
34
53
51
51
37
47
54
43
23
34
34
22
24
56
48
35
35
41
62
37
38
27
49
44
32
42
30
47
44
41
26
33
51
36
20
34
32
31
21
37
35
41
19
35
44
23
33
53
8
48
37
24
60
44
37
37
27
37
35
29
35
22
31
22
39
39
34
40
75
27
33
22
35
33
37
57
59
32
23
35
36
51
33
50
40
27
46
27
20
40
41
51
38
12
61
8
27
8
44
28
29
62
29
17
27
24
49
65
50
47
34
53
57
26
33
66
48
65
36
25
25
29
18
25
32
39
40
28
30
29
37
51
35
48
25
29
38
33
6
28
47
40
54
8
22
23
54
39
30
27
36
37
56
51
24
27
39
18
50
40
32
47
37
37
60
34
43
33
39
41
36
31
33
47
30
34
24
33
20
40
19
40
42
27
28
24
29
18
35
32
34
43
39
31
45
28
36
