50
59
49
56
40
48
49
41
56
54
54
50
47
43
54
45
50
47
49
49
50
56
44
53
59
58
52
53
55
48
50
56
56
57
55
46
45
52
54
43
48
55
48
48
53
51
54
54
59
42
37
55
43
53
50
54
34
45
52
48
47
57
54
46
51
55
47
48
55
59
55
53
49
53
54
49
50
44
47
46
41
51
37
59
47
53
44
48
49
51
60
46
48
48
49
57
58
49
52
52
48
46
53
45
58
55
46
44
55
49
46
56
58
49
52
48
49
40
47
46
47
59
54
53
51
45
45
46
44
54
38
49
48
45
45
50
58
50
53
51
55
49
56
55
51
51
61
46
48
46
53
49
48
50
57
48
42
57
49
42
40
51
41
55
56
46
56
41
46
54
56
40
50
48
56
46
52
52
48
59
57
52
48
55
38
51
53
46
52
49
54
57
57
47
49
48
51
48
51
44
45
46
52
46
45
43
49
54
47
45
55
48
47
50
45
53
43
45
50
52
54
60
60
57
44
48
47
48
41
54
56
53
52
56
43
45
48
60
47
48
44
47
53
50
56
56
50
45
52
47
31
44
46
43
41
40
65
46
56
49
51
44
49
55
49
53
57
62
51
34
59
59
46
52
58
60
59
63
71
29
50
23
69
64
48
36
38
67
46
57
59
46
46
54
62
57
43
44
57
48
55
49
54
54
62
47
53
51
44
51
51
47
45
43
41
52
29
55
45
63
67
58
37
46
65
38
38
54
39
57
59
27
63
61
52
64
55
48
65
40
46
38
71
37
50
59
41
60
50
52
46
41
63
49
52
59
43
45
47
57
76
60
63
43
56
46
56
43
40
51
67
54
55
53
63
52
49
48
40
68
41
64
54
35
49
55
55
52
29
60
42
53
53
54
66
45
44
54
55
41
35
59
56
35
55
47
52
53
42
47
41
51
59
41
23
49
52
60
62
55
62
52
43
51
51
45
49
50
45
44
60
43
34
42
51
48
44
58
50
52
25
64
48
34
33
52
46
45
54
48
42
52
65
40
46
51
59
29
47
60
63
36
63
55
54
53
48
43
41
33
48
58
45
49
58
37
74
64
54
46
47
67
40
49
42
41
60
49
39
43
35
50
50
48
46
49
44
61
47
49
