27
33
45
38
35
30
35
30
24
38
34
41
32
26
42
19
17
19
41
32
22
16
49
41
44
21
32
47
23
25
34
33
28
35
22
23
12
18
20
36
50
38
34
18
37
42
50
34
50
28
33
40
21
26
31
26
26
32
31
35
47
38
34
36
42
34
17
26
39
31
30
25
26
35
31
35
24
48
27
26
26
36
40
41
23
37
19
50
44
36
37
28
36
45
32
48
54
38
11
36
43
33
38
20
29
28
47
34
24
39
32
33
44
37
43
18
44
25
17
27
35
49
42
32
37
37
30
5
45
24
37
28
47
25
54
33
41
14
23
30
41
46
37
51
41
26
31
18
38
22
19
26
19
48
41
37
50
33
44
42
23
48
33
30
24
28
37
39
48
52
36
41
33
33
32
28
25
41
20
38
29
25
22
39
27
37
42
55
52
21
41
45
48
47
31
35
35
28
30
36
25
20
44
22
29
24
30
21
36
18
37
28
44
34
26
35
26
43
52
21
33
22
19
32
16
42
37
56
38
27
36
24
55
17
45
12
46
14
36
44
39
39
40
36
35
50
37
19
22
32
27
20
28
27
29
28
37
46
40
48
41
41
45
27
25
16
26
41
45
26
42
46
37
27
28
34
32
35
28
37
19
41
13
35
37
33
29
10
26
23
33
27
22
38
15
30
36
36
28
31
31
28
10
42
40
39
30
27
21
43
40
32
26
41
41
23
25
26
16
40
48
45
41
28
35
25
32
25
39
27
20
23
40
45
35
24
38
21
25
46
38
17
29
35
27
36
33
28
33
31
45
17
35
42
38
26
29
32
41
33
47
23
32
39
15
48
28
33
46
42
12
14
45
35
27
19
6
24
50
25
35
39
40
25
49
39
22
27
27
23
34
37
28
25
27
38
16
32
28
46
36
30
46
47
27
15
31
24
27
37
34
40
24
43
21
45
44
36
33
30
39
32
25
45
36
26
54
36
32
29
50
24
30
54
33
47
34
20
33
33
27
24
30
33
25
43
33
9
15
29
42
23
37
31
26
29
33
54
44
32
34
34
34
28
13
34
53
37
50
31
47
52
31
29
52
41
40
25
25
39
50
34
23
24
23
28
39
23
10
21
17
32
20
48
47
52
31
22
30
31
