54
48
29
46
46
17
28
72
28
67
45
42
61
55
36
47
43
40
58
20
44
59
48
57
52
26
52
49
47
56
50
55
41
25
35
65
57
44
66
37
38
68
47
46
47
51
47
56
43
21
44
42
47
30
52
68
41
33
63
60
30
32
41
74
57
58
40
32
40
52
49
31
43
60
55
47
29
33
51
59
26
47
32
58
40
19
53
50
39
47
50
19
48
51
60
77
59
45
67
38
36
38
56
55
48
55
57
57
55
40
54
65
72
44
48
62
52
41
64
54
55
53
51
66
29
64
49
58
43
49
34
32
45
36
49
46
55
64
18
27
41
53
36
63
42
62
57
17
49
56
39
65
51
27
44
44
54
59
41
48
49
39
42
34
51
30
50
63
51
46
49
48
52
44
61
20
62
54
33
44
56
32
59
30
33
48
45
51
52
25
35
60
47
66
34
37
60
32
64
49
48
42
42
51
43
59
44
50
52
38
60
42
47
52
46
53
49
41
48
45
54
61
57
60
49
54
58
57
11
28
56
51
42
49
30
68
49
47
51
52
41
23
33
63
31
47
60
62
44
55
56
24
56
41
24
14
34
34
52
61
42
54
50
25
45
74
67
53
55
59
47
14
55
59
45
53
29
41
38
37
55
43
15
53
50
40
35
41
35
41
65
50
39
29
37
49
50
52
28
42
50
55
50
17
27
53
39
28
46
40
55
53
35
46
45
44
30
34
33
34
38
38
61
38
63
52
29
76
56
36
14
56
51
65
51
64
48
43
61
66
50
37
30
53
60
55
56
50
61
36
34
39
57
35
46
58
56
62
56
49
48
23
46
40
60
59
42
62
24
56
40
7
47
57
49
50
60
59
47
65
58
47
29
49
38
49
63
35
39
32
45
39
51
54
58
54
61
64
62
61
64
35
70
67
45
48
27
72
31
39
52
46
68
49
47
31
32
49
46
27
48
45
32
35
35
26
51
62
53
17
28
50
20
68
35
50
42
28
57
59
62
48
59
49
17
55
43
35
59
54
37
25
36
44
64
49
33
38
33
41
64
52
38
35
57
51
56
31
54
55
43
48
62
25
50
51
37
40
52
40
52
60
40
21
60
39
22
32
61
33
48
26
50
55
49
49
22
42
33
16
