40
23
49
48
17
61
30
13
17
50
50
45
60
48
38
47
31
45
47
48
48
39
20
53
47
29
34
31
51
49
12
50
19
47
40
48
40
53
38
32
25
31
52
44
49
54
52
31
42
50
58
55
39
50
49
26
49
53
30
46
45
50
34
44
54
38
12
18
25
31
51
50
53
36
50
38
27
48
35
60
13
49
52
47
38
14
53
47
46
37
34
52
46
31
15
49
52
52
37
50
50
45
22
47
32
52
47
45
22
38
48
36
42
46
36
51
49
44
44
54
39
8
47
31
37
55
48
57
39
18
39
46
53
41
36
29
31
31
49
21
34
52
32
51
57
21
47
17
59
48
48
52
32
53
30
57
44
57
30
55
52
25
38
50
11
22
47
47
50
52
45
51
51
57
31
40
54
37
46
29
53
45
60
53
50
49
18
59
51
49
55
50
43
28
37
46
46
27
35
25
50
35
54
53
54
47
19
16
46
42
24
50
30
44
48
49
51
46
51
49
56
51
47
47
15
28
34
51
45
52
51
33
38
51
51
43
31
39
51
51
48
43
31
28
50
45
56
55
45
44
48
50
53
52
50
50
36
63
39
41
35
42
47
42
36
44
41
48
45
39
34
53
45
54
45
57
38
53
38
21
33
41
48
48
41
23
47
48
46
49
50
26
48
54
61
61
17
42
51
38
35
49
31
30
23
58
25
38
52
43
46
45
41
49
45
20
41
28
42
42
44
59
46
46
35
41
52
34
28
54
31
25
55
50
20
36
55
56
32
51
47
29
52
47
35
48
50
48
49
30
57
43
34
45
51
23
47
46
40
27
30
24
49
53
32
34
48
42
31
36
29
22
40
48
31
39
28
49
31
23
46
28
43
54
52
23
50
55
42
30
47
26
53
42
52
42
12
21
40
40
55
50
51
50
27
48
38
41
49
33
51
32
39
48
45
53
21
59
47
48
60
47
43
50
24
53
44
28
55
28
51
31
45
37
52
40
57
54
55
36
58
14
48
33
55
55
45
50
47
30
50
41
55
42
36
26
48
49
49
45
28
50
56
49
29
51
23
32
32
20
36
47
19
21
36
17
32
11
32
12
39
43
22
32
27
34
16
9
37
37
16
31
21
24
20
23
39
33
27
29
