50
36
31
52
39
38
39
52
32
50
35
27
43
41
37
41
37
32
36
40
29
15
47
54
48
36
49
27
31
55
33
34
51
41
28
26
34
36
23
26
41
38
31
31
38
52
32
49
47
25
45
54
31
39
20
44
44
47
49
53
49
48
31
37
28
30
29
27
20
39
43
43
37
45
33
28
43
26
43
31
35
27
29
52
34
26
31
29
61
27
50
20
54
17
23
51
41
45
26
45
13
25
53
30
32
55
38
54
53
31
37
22
50
37
48
60
19
53
21
48
19
35
56
35
38
50
49
26
24
56
35
38
32
15
37
38
42
31
20
55
39
45
29
39
40
34
47
37
37
31
40
60
36
33
35
26
44
34
32
50
43
36
20
27
22
53
9
29
31
40
35
39
37
50
53
56
28
34
40
24
49
34
47
29
55
40
56
27
25
33
27
36
17
55
42
38
26
33
39
22
55
49
38
22
45
47
26
53
61
27
33
35
26
31
34
49
35
31
43
31
45
35
35
17
32
38
33
32
35
46
41
42
44
56
31
21
62
26
48
46
49
7
56
32
54
36
54
23
23
42
56
44
27
24
45
38
21
12
42
48
24
27
33
28
32
22
35
32
42
52
27
39
39
25
43
53
35
32
36
23
57
57
32
36
36
48
41
36
33
47
52
45
26
42
28
47
41
30
27
57
63
45
18
28
41
18
46
55
30
17
44
25
42
20
42
31
58
46
49
42
33
20
22
32
45
46
25
49
20
50
59
44
18
50
44
49
48
47
30
50
42
25
25
40
46
14
49
47
34
55
50
28
35
42
48
28
46
17
52
42
41
33
42
37
46
31
46
26
50
20
47
27
34
54
27
26
40
19
49
30
27
28
57
60
62
12
31
45
24
35
30
31
45
27
48
29
34
41
26
31
46
50
46
46
47
38
40
55
35
25
46
30
29
60
11
33
59
25
33
34
19
32
35
31
36
21
22
30
37
14
22
54
51
47
58
42
43
18
54
35
48
50
32
44
45
51
32
55
25
25
27
30
36
14
50
21
45
47
26
21
31
50
45
32
26
42
25
33
47
51
20
32
54
40
46
31
39
52
16
30
41
35
32
25
50
46
17
55
53
56
29
30
39
58
38
51
33
32
14
52
