32
30
40
33
50
59
37
39
28
40
35
35
32
27
49
56
40
38
21
36
32
48
49
32
32
36
31
31
37
31
37
41
35
30
34
25
35
56
35
27
33
28
28
54
24
34
28
40
54
28
50
28
32
23
47
33
35
43
33
54
36
30
35
44
30
35
37
30
32
45
34
50
34
30
47
39
33
24
49
49
34
23
37
28
36
50
34
40
28
22
29
23
34
56
44
33
30
53
59
38
58
37
52
25
53
29
38
28
38
39
55
48
50
56
32
31
29
35
27
24
33
29
35
56
57
40
23
22
32
30
35
33
55
29
37
35
46
38
37
34
45
30
31
52
54
43
48
33
27
36
37
30
37
30
31
36
55
33
36
26
41
24
41
37
40
48
48
34
35
40
36
29
26
36
36
53
51
33
38
33
54
54
31
31
26
34
34
59
40
34
42
30
29
32
37
24
29
55
29
30
23
36
43
34
33
40
32
32
32
31
24
33
32
31
53
28
24
40
41
26
35
32
29
21
37
50
54
36
32
29
29
37
35
34
28
29
37
42
33
29
45
52
32
29
39
48
38
29
47
33
57
35
33
41
54
41
35
29
36
36
38
46
31
31
25
35
51
31
32
36
34
33
37
30
55
33
34
24
47
33
48
33
41
26
31
55
59
31
55
38
53
33
31
49
37
35
53
24
26
33
54
36
40
49
38
31
32
22
34
34
42
50
44
47
23
31
46
37
34
41
31
40
29
32
42
51
38
33
37
39
29
26
33
59
47
37
53
36
38
30
37
28
28
29
34
41
30
36
36
35
30
42
44
35
30
27
41
48
38
49
27
30
27
51
31
27
30
60
26
35
39
32
34
46
48
28
27
48
49
57
58
49
29
28
34
52
38
34
31
52
26
34
48
46
39
27
34
53
31
30
38
27
45
58
37
55
46
34
44
36
34
26
26
35
55
22
23
37
34
31
49
46
38
31
28
32
37
28
23
26
36
37
33
35
36
44
56
32
29
58
41
35
41
33
22
49
34
31
26
52
29
31
36
32
41
39
34
35
36
39
48
37
30
49
41
30
40
47
46
36
47
35
33
59
31
54
32
42
31
33
53
34
51
31
30
35
35
22
29
29
32
38
31
39
30
36
39
26
34
32
