56
53
56
49
41
51
32
55
51
52
48
47
30
45
47
53
40
49
48
43
46
33
37
48
39
48
48
53
53
48
48
46
28
40
52
53
43
35
48
51
53
46
44
50
35
32
53
53
27
57
52
51
56
38
50
42
44
58
48
21
59
43
36
49
32
53
43
50
59
49
53
47
52
47
53
44
58
50
41
48
53
32
32
36
48
52
31
46
45
52
52
51
46
31
54
55
54
56
54
56
41
37
54
51
46
49
55
43
37
50
31
37
35
57
57
43
49
50
55
30
41
49
46
47
34
54
50
46
55
59
47
47
50
25
53
47
35
57
50
49
35
54
53
44
48
51
27
55
53
54
49
33
47
64
49
60
56
28
47
28
48
24
48
50
38
45
43
34
47
28
40
58
45
45
72
55
49
50
28
49
50
51
55
53
28
47
49
54
32
53
59
51
56
23
33
56
35
43
53
33
52
53
52
53
45
57
49
47
45
47
60
36
30
44
53
51
50
50
54
65
35
47
50
49
46
44
45
30
47
57
35
49
53
47
37
52
50
50
43
52
50
58
46
30
32
59
46
48
45
34
54
47
50
51
51
54
57
52
48
54
49
34
45
45
30
52
49
53
39
55
54
53
33
46
48
57
24
53
34
42
42
46
44
52
49
43
43
42
48
53
49
23
37
52
59
48
44
52
46
44
57
43
48
49
55
44
46
56
28
55
52
52
43
48
36
37
53
56
48
34
41
49
54
52
40
56
58
45
52
47
59
54
50
48
55
47
28
52
59
22
29
23
51
45
34
60
50
33
40
42
51
52
43
30
49
52
38
52
37
46
25
56
52
39
49
54
50
61
49
29
50
52
40
38
56
56
28
38
60
43
44
48
52
48
53
39
44
40
46
32
54
49
59
31
43
29
57
40
56
42
47
50
51
58
44
48
35
49
27
24
33
52
29
50
48
58
35
47
48
40
53
53
51
51
50
49
23
51
44
22
53
32
43
51
53
46
54
30
49
35
55
46
45
46
47
33
44
29
37
46
52
50
52
59
48
48
35
38
41
49
67
50
50
55
37
53
46
58
53
52
34
30
50
52
49
31
33
47
55
51
54
48
27
36
37
30
37
30
31
36
33
36
26
41
24
41
37
40
34
35
