37
36
37
29
38
29
46
37
44
23
34
39
57
39
25
53
38
20
46
24
27
40
40
17
43
15
28
38
31
29
31
55
30
38
17
30
33
32
51
27
36
35
34
59
33
38
35
28
14
40
39
29
11
30
35
40
49
33
11
38
22
41
38
42
46
44
30
28
19
34
38
41
6
24
34
24
46
34
14
26
33
25
26
39
27
27
8
46
38
13
49
31
21
41
31
54
39
38
19
33
30
27
12
28
23
39
45
32
36
24
37
17
30
42
55
43
41
29
28
28
32
47
41
36
42
34
19
40
37
39
38
42
41
46
9
11
36
27
19
21
18
21
40
47
17
38
41
27
53
26
11
36
48
28
21
4
24
18
27
33
25
31
20
25
19
34
47
52
43
24
41
22
44
40
24
23
31
38
33
21
27
27
29
29
43
42
39
17
37
36
36
19
31
32
24
40
42
25
51
38
27
18
32
44
56
18
40
37
17
31
56
26
38
42
47
15
23
12
49
31
16
34
20
48
28
34
51
37
43
23
34
34
22
24
35
37
38
27
44
32
42
30
44
41
26
33
51
36
20
34
21
39
5
27
21
39
34
27
27
33
41
30
34
38
36
43
25
39
36
55
22
38
37
42
21
49
30
26
31
43
25
28
38
24
33
14
27
43
37
38
54
28
40
25
41
23
32
39
45
35
45
29
27
37
32
45
41
44
42
43
32
21
26
27
30
36
34
41
23
29
29
32
40
51
44
21
13
33
28
42
38
29
30
36
46
41
32
25
32
29
33
26
40
30
16
29
29
14
32
25
24
40
45
50
34
22
30
16
35
40
42
24
24
38
45
38
34
34
44
42
21
24
36
36
33
55
17
20
16
26
41
34
29
25
29
34
43
45
28
24
41
34
31
24
35
40
13
31
23
29
39
28
41
38
28
37
29
9
48
30
36
43
40
38
30
28
26
21
42
44
44
17
48
25
46
35
32
24
42
41
44
14
22
38
39
38
41
39
29
25
49
38
17
33
29
45
34
33
39
37
34
35
40
25
30
20
38
20
40
29
18
32
32
52
25
42
27
47
34
28
33
20
29
39
20
21
23
40
16
39
34
25
29
36
47
28
42
38
20
19
28
39
52
35
38
42
33
33
18
6
