60
27
52
36
37
32
34
29
55
50
32
51
52
34
51
48
28
31
20
33
51
50
31
32
48
32
45
38
35
45
39
47
57
42
47
23
33
35
27
67
59
34
62
47
38
55
39
42
31
64
31
60
43
42
53
29
32
32
38
53
52
39
48
54
65
36
45
47
27
34
56
29
30
54
31
33
39
51
40
36
58
39
58
41
34
33
44
33
38
40
46
54
63
37
27
64
32
51
61
45
19
65
40
23
40
37
38
24
43
38
29
59
51
56
40
39
30
29
41
48
53
68
28
50
35
43
36
32
34
20
31
47
33
35
34
40
48
63
51
27
53
35
48
31
37
29
36
32
63
50
36
38
29
50
36
35
34
63
48
31
33
75
37
37
65
30
41
33
35
32
59
58
63
36
39
52
33
57
37
70
43
55
33
56
57
24
37
33
43
65
34
38
50
38
34
29
33
32
39
44
34
27
59
54
52
36
61
38
31
60
30
56
58
36
22
34
72
49
64
32
58
34
44
51
25
41
36
40
33
29
31
24
57
42
51
40
57
36
29
37
54
35
31
45
39
60
50
51
46
36
37
62
32
54
38
58
39
51
33
39
47
51
32
43
35
39
36
32
41
28
43
31
46
64
42
35
64
62
32
38
32
39
63
31
30
50
49
38
34
33
36
33
27
37
53
35
40
31
48
30
36
42
34
52
48
32
48
48
40
68
30
33
32
25
41
29
29
56
39
60
28
40
36
26
31
33
50
36
34
50
34
47
35
37
56
51
32
56
24
50
48
46
38
39
41
35
72
55
42
49
54
33
35
47
29
57
38
31
53
30
38
28
67
50
36
34
37
44
45
30
53
54
26
37
32
42
36
35
34
59
52
23
31
50
47
31
41
49
27
30
34
28
50
65
39
33
36
35
30
29
56
37
35
30
34
31
38
38
34
32
29
51
56
41
31
58
38
29
33
36
36
40
53
44
29
31
40
56
19
43
32
34
27
78
32
39
33
30
29
28
28
36
66
29
37
33
57
39
31
41
52
60
40
61
35
41
37
27
45
34
48
52
39
34
27
55
28
33
43
29
33
29
36
31
39
44
44
57
41
41
42
52
53
63
60
38
48
50
55
55
27
61
48
57
57
64
35
50
56
57
