50
27
52
39
36
52
50
47
54
49
55
51
49
47
54
44
47
37
49
53
49
43
52
32
34
29
61
50
51
53
55
32
54
34
28
31
53
50
48
60
53
20
55
47
33
60
50
43
50
53
56
31
40
49
47
56
55
42
38
55
45
32
53
32
61
38
49
44
35
56
48
49
56
54
54
42
56
23
35
27
34
48
52
38
39
39
53
57
57
48
52
47
41
57
31
63
45
41
46
55
31
44
29
58
38
27
34
49
45
49
50
59
44
29
30
49
50
47
31
55
50
48
42
50
33
39
54
49
40
60
36
62
46
50
46
46
39
34
47
33
44
55
60
33
59
51
38
37
47
27
58
54
32
48
50
44
45
51
50
45
50
47
51
52
50
53
56
58
51
19
52
23
55
43
44
53
46
49
48
52
51
45
48
37
54
24
61
38
49
52
52
46
56
50
45
50
44
54
39
51
29
40
49
30
51
57
52
29
28
49
49
35
50
52
43
36
52
32
57
47
48
45
49
48
34
49
47
45
55
20
31
40
48
33
45
58
52
51
48
52
47
55
47
35
34
43
54
52
59
57
48
42
41
43
45
54
44
51
50
52
52
54
48
54
49
49
27
49
35
47
55
31
44
37
29
45
36
32
53
52
36
45
55
51
49
45
57
57
38
29
36
44
44
47
35
43
31
43
55
36
33
52
49
57
48
37
44
52
52
47
49
53
51
53
30
41
51
32
36
39
44
54
55
53
48
46
56
41
51
44
47
54
50
53
33
49
46
59
50
53
45
37
52
58
47
51
33
24
47
50
52
33
58
46
60
43
51
52
36
34
47
50
38
57
34
29
49
33
49
47
32
48
34
49
48
48
27
53
36
51
52
52
38
31
49
52
60
58
47
50
30
51
36
55
22
49
59
51
45
49
55
52
49
48
48
54
40
34
49
44
44
34
44
53
52
48
25
45
57
56
36
48
33
29
54
31
56
54
24
49
36
50
52
29
35
51
52
31
51
57
39
56
52
36
43
46
59
37
59
56
32
39
44
38
39
49
49
53
55
51
49
45
45
43
52
60
45
46
55
50
41
44
49
56
55
55
54
48
51
45
50
59
48
59
47
62
50
49
39
52
49
46
48
58
52
56
50
57
59
46
