49
51
39
31
31
54
35
25
38
31
30
30
42
53
30
44
34
39
58
39
39
69
38
43
27
27
55
44
36
45
35
42
48
70
25
29
62
46
52
42
28
31
33
37
34
37
35
32
31
42
27
36
47
35
36
43
29
63
36
38
32
29
64
37
34
45
60
40
59
30
28
29
40
37
63
64
28
34
30
69
30
33
32
35
34
37
38
30
30
31
50
34
33
29
49
31
30
34
37
35
38
31
31
35
35
27
39
33
43
34
37
31
35
45
42
35
40
41
26
44
28
30
38
40
64
30
58
28
31
35
27
29
33
32
55
40
27
50
59
32
39
25
51
60
28
31
58
25
47
39
36
25
62
52
39
30
41
33
52
38
24
43
57
46
33
43
71
28
34
29
46
31
40
36
36
48
62
24
28
36
32
38
57
44
31
30
34
37
31
33
31
35
31
35
35
38
58
26
41
31
37
43
40
58
32
37
36
29
62
38
31
36
29
36
26
33
34
29
27
29
46
39
36
25
39
24
28
38
31
38
35
34
31
35
24
36
31
39
31
35
27
58
35
39
27
32
31
37
28
29
35
30
27
30
25
35
42
39
31
36
35
34
30
33
37
34
31
32
30
24
32
38
35
47
58
37
30
28
41
39
34
24
53
51
45
31
31
31
30
31
31
19
19
28
31
57
33
35
27
36
35
38
51
39
39
30
31
31
38
31
41
48
37
35
35
27
33
30
33
35
69
37
22
40
39
28
45
28
25
43
34
34
32
32
34
37
42
39
34
38
31
27
38
34
52
26
36
29
35
44
36
32
28
31
35
53
36
36
51
34
37
47
54
32
39
29
37
31
56
25
26
31
48
29
26
31
23
40
33
31
36
40
32
27
34
37
27
35
41
29
31
32
31
62
37
49
47
35
41
26
33
32
53
48
38
60
44
37
75
29
57
32
32
59
31
34
35
31
32
31
29
31
37
42
36
33
34
34
35
40
46
41
29
38
33
35
32
33
28
37
43
28
61
30
39
30
41
34
19
28
44
28
34
40
34
28
18
35
33
29
40
31
30
32
34
20
37
32
31
25
62
27
38
43
35
29
29
65
53
39
28
29
28
57
66
48
65
36
39
28
54
56
39
50
40
47
60
43
41
42
