56
53
56
49
41
51
55
51
52
48
47
45
47
53
49
48
43
46
48
48
48
53
53
48
48
46
52
53
43
48
51
53
46
44
50
53
53
57
52
51
56
50
42
44
58
48
59
43
49
53
43
50
59
49
53
47
52
47
53
44
58
50
41
48
53
48
52
46
45
52
52
51
46
54
55
54
56
54
56
41
37
54
51
46
49
55
43
50
57
57
43
49
50
55
41
49
46
47
54
50
46
55
59
47
47
50
53
47
57
50
49
54
53
44
48
51
55
53
54
49
47
64
49
60
56
47
48
48
50
38
45
43
47
58
45
45
72
55
49
50
49
50
51
55
53
47
49
54
53
59
51
56
56
43
53
52
53
52
53
45
57
49
47
45
47
60
44
53
51
50
50
54
65
47
50
49
46
45
47
57
49
53
47
52
50
50
43
52
50
58
46
59
46
48
45
54
47
50
51
51
54
57
52
48
54
49
45
45
52
49
53
55
54
53
46
48
57
53
42
42
46
44
52
49
43
43
42
48
53
49
52
59
48
44
52
46
44
57
43
48
49
55
44
46
56
55
52
52
43
48
67
46
57
34
35
65
40
52
45
44
38
45
57
64
39
63
37
70
51
57
44
35
38
40
63
59
60
49
40
58
44
55
33
58
33
35
55
66
65
34
38
16
45
44
64
46
48
40
51
57
50
59
62
31
51
44
54
53
47
55
35
46
51
47
53
51
42
46
32
43
66
34
30
52
56
36
46
55
53
40
49
66
71
49
30
53
56
55
61
52
61
46
41
38
28
45
58
38
46
57
57
22
73
42
60
49
61
52
46
30
52
55
44
55
45
53
41
53
51
44
46
49
40
62
40
44
49
66
37
57
56
56
67
40
47
66
54
44
54
54
32
58
53
60
54
42
58
61
53
36
41
33
53
58
62
63
58
58
54
51
34
49
44
46
56
50
44
32
45
57
36
55
58
56
55
60
44
60
58
22
34
32
52
52
54
64
35
21
53
51
51
48
49
54
52
52
42
52
67
56
32
36
78
28
45
66
41
64
56
41
47
62
58
37
43
51
52
53
48
47
58
25
69
54
44
46
55
62
62
74
54
68
53
65
25
46
41
48
56
52
54
59
27
44
52
62
49
47
47
60
