45
49
49
37
39
31
31
46
54
55
35
25
38
51
46
47
31
48
53
47
30
30
42
52
30
44
34
55
39
39
58
53
38
54
57
61
56
55
44
53
43
27
47
27
36
45
35
47
53
25
54
50
57
59
52
29
47
28
50
31
50
57
52
51
53
50
33
53
37
54
54
49
48
52
34
51
47
37
42
57
35
32
56
50
31
55
27
36
55
52
35
36
43
29
38
32
29
34
44
40
46
30
28
29
46
55
47
57
40
50
49
37
51
28
34
51
44
30
30
50
33
42
32
35
34
42
60
58
55
37
38
30
52
30
43
44
31
34
33
40
54
29
31
30
60
53
44
50
48
34
35
38
31
63
46
39
49
31
35
48
35
53
27
56
48
47
57
46
52
39
33
49
52
52
52
43
34
37
53
52
43
44
31
35
46
49
42
35
49
63
53
41
48
41
54
48
26
28
30
38
40
30
28
44
31
35
27
56
50
29
33
52
32
40
59
47
27
32
53
39
53
25
53
51
28
31
25
52
42
46
47
53
47
47
52
50
57
39
36
25
30
41
33
38
50
45
24
51
49
62
37
33
28
42
34
57
50
48
54
49
29
48
52
31
40
50
47
47
36
36
57
47
24
28
36
46
32
38
44
49
59
31
57
30
50
34
63
47
47
37
31
47
47
33
49
47
31
35
31
45
51
35
42
54
35
49
49
38
45
26
41
31
37
40
46
32
37
64
36
29
38
31
36
46
47
29
48
44
36
57
26
33
34
50
29
41
57
45
55
55
52
54
27
53
52
42
39
48
56
36
25
39
55
51
24
28
38
53
31
38
35
34
49
31
35
24
36
31
41
39
47
31
53
46
35
27
38
35
39
56
27
52
58
31
53
37
49
49
28
45
49
46
49
50
29
35
51
42
30
50
27
53
30
25
35
52
42
55
39
31
45
56
52
36
49
35
51
43
34
30
33
37
34
31
32
52
30
52
61
49
24
53
32
54
48
50
38
51
35
44
51
37
30
47
51
28
48
41
49
34
49
46
56
57
50
24
43
53
48
45
51
31
48
57
31
49
56
53
50
31
30
31
31
19
19
28
31
33
27
36
35
38
39
30
31
31
38
31
41
37
35
35
27
33
30
33
37
22
39
28
