29
37
43
36
37
29
48
38
29
46
37
44
23
57
43
63
51
62
34
39
57
45
39
68
46
25
53
48
65
43
38
45
20
46
24
47
48
46
41
56
40
71
57
57
34
27
40
52
40
45
17
43
79
69
47
15
55
28
38
31
29
60
75
31
55
30
39
60
33
38
17
30
44
33
59
32
51
40
27
45
36
48
52
49
35
34
59
33
38
35
28
14
49
57
49
40
39
29
54
61
45
51
58
11
30
65
35
57
38
34
46
40
49
33
57
70
41
11
38
49
54
65
22
41
43
38
50
42
46
41
51
58
44
52
30
28
19
56
45
51
34
52
50
60
48
38
38
41
6
69
24
68
80
53
38
39
34
55
43
59
24
62
54
46
34
56
50
51
14
54
39
55
26
37
33
25
42
26
57
48
55
59
47
53
65
61
39
57
35
27
27
8
45
46
65
38
44
13
57
49
62
31
68
55
21
48
46
40
50
53
54
41
31
44
45
54
45
39
38
19
33
30
53
51
59
43
56
49
27
12
28
52
52
65
23
39
45
63
56
53
58
32
63
36
47
32
65
24
37
17
30
45
51
42
55
45
50
46
58
40
62
69
49
43
57
41
29
52
63
43
61
28
64
28
32
50
31
47
66
41
54
41
50
45
43
36
42
51
34
19
40
37
54
47
39
49
38
30
59
49
42
57
60
41
48
54
46
9
64
62
11
36
47
47
27
19
73
43
61
49
52
48
21
18
67
41
77
51
58
57
45
21
53
40
47
17
38
45
41
66
27
53
56
26
11
36
48
28
54
62
21
74
4
50
24
43
18
47
56
27
33
51
39
51
62
43
25
31
73
34
20
51
56
25
69
19
34
47
52
37
43
24
41
22
59
44
66
56
40
55
24
54
23
31
48
38
33
53
71
21
27
27
52
49
29
29
50
49
54
43
41
42
39
29
40
17
37
60
36
39
52
36
19
53
60
55
31
53
36
51
32
24
40
35
45
57
66
29
42
25
51
38
50
27
18
32
44
38
56
41
18
62
40
65
37
17
52
31
56
51
58
26
38
42
47
15
23
12
49
31
16
34
20
48
28
34
51
37
43
23
34
34
22
24
35
37
38
27
44
32
42
30
44
41
26
33
51
36
20
34
