36
31
38
54
39
46
72
32
35
27
67
43
45
41
37
42
41
37
32
61
36
55
36
47
40
29
15
48
36
43
27
31
33
34
41
28
26
34
36
23
26
41
58
38
31
31
44
38
59
52
32
25
48
45
31
39
20
44
48
31
57
37
28
30
29
27
20
39
43
37
45
33
28
43
26
43
31
35
27
29
34
26
31
52
52
29
27
20
49
54
17
23
41
45
26
47
45
56
13
25
30
32
38
31
50
37
22
37
19
55
35
21
48
19
35
56
35
65
38
50
57
49
66
26
24
56
35
38
32
15
37
38
42
31
20
39
45
29
37
39
40
34
37
68
37
31
40
47
36
33
35
26
44
34
46
32
36
20
27
22
53
9
29
47
31
51
40
35
39
37
28
34
24
34
47
29
55
56
40
43
27
25
33
27
36
44
17
42
26
47
30
52
33
39
22
49
38
22
47
26
27
33
35
26
68
31
34
63
35
60
31
43
31
32
45
41
35
35
17
32
74
38
33
57
32
35
58
46
41
42
31
40
21
62
26
46
7
32
36
23
40
23
44
27
24
45
38
21
12
52
42
24
49
27
43
33
28
60
55
32
22
35
32
42
47
27
51
39
59
25
43
35
32
47
58
53
36
23
50
32
39
47
50
48
51
60
36
77
36
41
36
33
59
67
47
38
45
56
26
42
55
28
48
30
27
55
18
28
18
30
17
57
25
42
20
57
42
31
46
42
33
20
22
32
46
55
25
20
44
18
40
50
54
48
47
30
65
42
25
25
40
46
72
44
14
49
34
48
28
35
62
42
28
46
52
17
52
42
41
41
33
37
46
31
64
54
46
55
53
26
20
47
27
51
34
66
64
49
58
49
27
34
36
26
40
19
30
27
28
57
49
12
31
46
45
24
55
35
30
31
64
45
27
48
29
34
53
41
26
31
38
40
35
25
46
36
30
63
29
11
33
25
33
34
19
32
35
31
36
21
22
30
37
42
14
22
54
42
43
18
35
62
32
32
55
25
57
25
49
27
30
36
14
21
47
56
26
21
31
45
32
26
42
25
39
33
20
65
51
32
54
40
46
31
39
16
44
30
44
41
54
59
35
32
41
25
46
17
55
29
30
39
38
33
32
14
48
49
39
42
