31
45
26
34
30
33
30
43
34
49
31
35
49
32
31
29
24
42
37
34
46
34
34
29
54
35
33
43
55
45
31
27
37
33
34
32
33
37
35
51
35
22
37
33
46
25
47
48
34
33
32
32
53
34
37
38
47
29
42
52
55
58
35
53
41
37
30
32
32
36
34
29
54
57
36
61
36
28
35
56
34
28
55
29
32
38
33
44
53
27
36
32
30
33
34
37
32
47
35
47
22
30
39
29
33
53
39
27
33
30
25
40
31
37
54
37
32
32
36
33
18
50
41
24
57
34
26
33
59
52
47
34
50
33
50
57
52
35
33
24
37
33
44
51
27
53
31
33
33
26
33
38
29
32
34
36
30
31
34
34
41
38
50
53
27
31
43
54
31
37
34
33
28
29
54
40
49
37
48
29
32
41
52
51
29
36
40
32
47
36
30
31
27
35
32
41
39
30
36
26
33
36
33
33
42
32
37
33
36
31
29
35
23
31
29
57
33
34
56
30
29
34
50
55
34
55
30
33
29
29
52
40
34
44
46
23
31
32
46
39
31
34
35
33
34
55
47
23
57
50
25
36
42
33
27
49
37
26
51
51
32
34
25
44
39
50
42
42
42
25
40
60
24
23
58
34
39
55
37
37
36
26
37
44
29
35
52
39
30
32
38
39
43
44
29
29
23
42
31
40
54
25
32
28
60
33
53
44
50
33
35
28
30
33
35
48
39
30
34
37
40
63
46
40
42
29
34
36
39
49
48
35
53
32
23
30
56
41
40
36
48
32
38
41
31
47
30
57
38
37
42
35
46
37
46
32
35
52
35
29
49
37
31
26
35
52
35
38
39
30
52
30
37
36
52
43
36
26
53
36
40
35
52
38
22
39
43
44
32
46
49
33
33
49
35
27
35
38
33
29
63
34
25
53
36
43
27
32
39
31
28
23
41
28
34
28
30
48
36
54
43
48
29
30
44
31
37
32
30
31
56
33
50
36
45
52
34
35
59
34
39
36
30
31
47
41
37
35
39
35
24
36
44
40
53
34
33
53
28
27
30
32
27
30
53
46
35
51
39
28
30
52
34
37
34
42
34
46
36
47
34
32
27
31
37
38
38
33
31
35
40
29
38
36
27
23
29
25
34
46
