36
32
37
42
28
36
30
29
27
29
43
34
35
34
29
31
36
30
33
27
48
29
57
41
36
34
43
38
36
37
34
29
63
34
39
51
31
62
45
32
38
41
68
38
46
28
48
38
65
40
40
40
31
43
45
47
48
26
46
28
35
36
31
35
30
33
41
37
34
24
34
56
41
32
24
26
39
39
40
71
57
57
47
33
39
27
38
30
34
42
36
29
35
34
52
36
23
38
45
35
37
36
34
35
79
69
34
26
38
35
33
33
44
31
32
30
47
26
32
35
36
55
38
25
33
23
60
49
35
29
41
75
39
36
60
33
28
21
34
31
34
44
30
59
33
38
22
28
37
37
40
36
33
33
40
33
35
34
41
21
45
30
30
41
36
23
29
39
43
36
48
31
52
27
26
31
34
49
34
30
49
35
31
34
57
36
35
49
54
61
45
38
28
36
51
26
33
24
29
24
32
29
34
58
27
40
33
31
38
39
31
37
30
34
30
38
23
34
65
33
57
38
36
41
33
28
33
28
39
35
35
25
34
34
33
27
31
40
35
36
42
29
46
57
28
33
41
34
25
43
28
38
25
70
29
39
31
37
41
36
30
39
35
38
35
49
29
54
65
50
34
42
26
26
43
39
32
22
25
31
45
41
50
40
33
37
37
38
34
41
22
32
29
37
33
28
32
24
39
30
28
35
51
24
58
39
38
38
52
32
56
42
33
39
45
35
36
29
43
29
29
32
35
32
37
51
41
52
40
35
38
28
32
19
50
60
43
48
27
37
38
36
69
33
68
33
36
31
29
42
80
31
53
26
32
36
31
31
41
30
36
31
35
29
36
35
31
44
34
27
39
38
31
34
30
34
21
31
39
26
40
41
55
43
38
34
35
59
32
29
62
22
33
54
30
31
30
26
23
33
44
35
56
41
50
29
29
38
35
32
37
28
30
25
38
25
30
51
54
27
31
40
36
40
32
39
34
32
37
55
30
27
39
27
28
42
36
27
26
31
37
29
36
32
42
33
57
48
55
30
19
59
36
47
38
34
31
33
53
34
31
65
61
33
33
33
28
28
37
37
43
57
42
35
35
33
36
26
45
34
65
25
44
57
62
68
55
48
46
40
50
53
54
44
45
45
53
51
59
43
