40
49
39
48
50
50
31
31
35
25
38
45
31
60
30
30
42
30
44
34
39
48
39
38
43
27
27
36
45
47
45
35
25
29
47
28
31
33
48
37
47
34
37
35
32
31
27
36
35
36
43
29
38
32
51
29
34
40
30
28
29
40
37
28
34
30
49
30
33
32
35
34
37
50
38
47
30
40
48
30
31
52
34
33
29
31
30
34
35
38
31
44
31
49
54
52
35
35
27
39
33
43
34
42
50
37
31
35
42
58
35
55
41
26
28
30
38
40
30
28
31
35
50
27
29
49
49
33
32
53
40
46
27
32
39
25
50
28
31
25
47
44
39
54
36
25
30
41
33
38
24
33
28
34
38
29
31
40
36
36
24
28
51
50
36
53
50
32
38
48
44
31
30
34
37
60
49
31
33
31
35
52
31
47
53
35
35
38
26
41
31
37
40
32
47
37
36
46
29
38
31
46
49
36
52
29
52
36
26
33
34
50
29
27
39
36
25
50
39
24
28
38
31
38
35
45
47
52
34
47
45
42
31
35
46
51
49
24
36
31
39
31
35
27
35
44
39
27
31
37
44
28
29
54
47
55
57
39
35
53
30
27
30
25
35
42
39
31
49
36
35
52
34
30
33
37
34
31
32
30
24
32
38
35
37
57
30
28
41
59
48
34
52
24
45
31
31
31
30
53
31
31
19
19
28
57
31
57
55
33
27
36
52
35
38
39
30
50
31
31
38
47
47
31
41
37
35
50
35
27
33
30
33
37
22
39
28
45
28
52
25
45
34
34
32
32
34
37
51
42
51
39
34
38
31
57
27
38
34
54
26
46
36
29
35
53
44
36
45
32
28
31
60
53
35
50
36
36
34
37
49
32
39
59
29
37
31
25
26
31
29
49
26
31
23
40
33
31
55
50
36
40
32
27
34
37
27
29
31
32
31
37
35
26
32
38
44
29
32
46
46
32
50
31
34
35
54
31
32
31
29
31
37
42
36
33
34
34
35
29
53
33
35
32
33
28
37
43
28
30
39
30
41
34
19
28
28
34
54
40
47
34
50
28
18
35
33
29
40
31
30
48
32
49
34
20
37
32
51
31
25
27
38
43
35
29
39
28
29
28
51
49
56
47
47
51
45
52
51
51
