40
27
49
33
45
48
50
50
38
45
60
48
35
30
47
45
47
35
48
47
51
30
49
24
38
50
47
40
34
41
32
26
48
42
52
19
44
49
54
17
19
52
42
50
41
58
55
32
22
50
49
16
49
49
41
44
53
21
32
46
50
47
23
44
54
25
38
34
33
51
28
35
50
22
53
23
50
12
48
60
49
52
47
53
47
18
20
36
46
50
46
38
34
49
52
52
50
18
37
42
50
50
45
34
47
50
28
52
47
45
33
40
42
46
21
26
51
49
44
31
26
44
26
54
47
32
55
31
57
35
47
38
39
34
53
36
49
42
52
57
34
17
26
59
39
31
30
25
48
26
52
53
35
31
35
57
24
57
48
27
26
26
55
36
40
41
23
52
37
19
50
47
47
50
50
52
44
36
37
45
28
36
51
45
51
57
54
46
32
53
45
60
48
53
50
49
59
54
38
11
49
36
55
43
33
50
38
20
46
46
29
28
50
54
47
53
34
54
47
50
24
48
49
51
51
39
49
32
56
47
47
51
33
45
52
51
44
37
43
18
51
51
43
51
44
48
25
17
27
43
50
35
45
56
49
42
55
32
48
53
52
37
37
30
50
50
5
63
42
45
47
24
37
28
42
44
41
47
48
25
54
33
41
39
53
45
14
54
45
57
38
23
30
53
41
48
47
46
46
49
50
37
51
41
26
48
54
31
61
18
61
51
49
38
22
19
58
52
43
46
45
26
19
45
48
41
37
41
50
33
42
44
42
23
44
59
46
46
52
48
54
55
33
30
50
24
55
28
37
56
51
47
39
48
52
52
36
47
41
33
33
48
50
48
32
49
28
25
57
41
20
45
38
29
51
47
25
46
49
22
39
53
27
37
42
48
55
52
21
41
48
45
49
46
43
48
54
52
47
50
31
35
55
35
28
30
36
25
20
44
47
22
29
53
24
42
30
52
55
21
50
36
51
18
50
37
28
48
44
34
49
26
35
51
48
45
53
26
43
52
59
47
60
47
43
21
33
50
22
53
19
55
32
16
42
37
51
56
38
45
27
52
57
54
36
55
58
24
55
55
55
45
17
50
47
50
55
45
48
12
46
14
36
49
44
49
50
56
49
51
39
39
40
36
35
50
37
19
22
32
