50
27
33
45
38
35
30
35
59
30
24
38
34
41
32
26
42
49
19
17
19
56
41
32
22
16
40
49
41
48
44
21
32
47
23
25
34
33
28
49
35
22
23
12
18
20
41
36
56
54
50
38
54
34
50
18
47
37
42
50
43
54
34
50
28
33
40
21
26
31
26
26
32
31
35
45
47
38
34
50
47
36
42
34
17
26
49
39
31
30
25
26
49
35
31
35
24
48
27
26
50
26
56
36
40
41
44
23
37
19
50
44
36
37
28
53
36
45
32
48
54
38
59
11
36
58
43
33
52
38
20
29
53
28
55
47
34
24
39
32
33
44
37
43
18
44
48
25
50
17
27
56
35
56
57
49
42
32
37
37
30
5
45
24
55
37
46
28
47
25
45
54
33
52
41
14
23
30
54
43
48
41
46
37
51
41
26
55
48
31
48
53
18
38
22
19
26
19
48
51
41
37
50
33
44
42
54
54
23
48
33
30
24
28
37
39
48
52
59
36
42
41
33
33
32
28
25
41
37
20
38
29
55
25
22
39
27
43
37
42
55
52
21
41
45
48
47
31
35
35
53
28
30
36
25
20
44
50
22
54
34
29
45
24
30
21
36
18
37
52
28
44
48
34
26
35
26
43
52
21
33
22
19
32
16
42
37
47
56
38
27
57
36
24
55
17
45
54
12
46
46
14
51
36
55
44
39
39
40
36
47
35
48
50
37
19
22
32
46
51
25
55
39
34
59
36
47
42
25
24
55
59
59
53
19
36
47
35
40
39
28
49
23
37
36
31
37
43
16
53
54
39
49
37
50
14
21
38
44
43
44
49
24
24
20
26
47
41
46
31
26
23
41
40
54
39
41
21
34
39
49
49
29
37
24
28
51
44
27
42
39
42
32
50
43
36
28
24
41
33
47
27
37
37
39
59
47
29
33
29
47
26
53
44
48
44
24
49
32
15
51
29
43
29
34
60
46
44
34
49
27
48
41
48
26
37
42
30
24
13
28
24
36
28
33
31
35
31
35
29
49
57
58
32
49
32
38
54
50
29
22
28
52
29
31
17
52
38
45
36
48
46
28
53
32
46
39
21
45
58
55
46
44
55
49
46
56
58
49
52
48
49
40
47
46
47
59
54
53
51
