50
52
39
48
52
50
47
29
46
54
49
17
55
51
49
28
47
54
44
47
49
53
28
49
43
52
61
40
50
20
51
53
55
54
53
26
50
41
48
25
44
38
60
53
55
47
21
60
41
50
43
33
50
53
30
32
31
56
40
49
29
47
56
33
55
42
38
26
55
45
53
32
61
49
40
19
44
56
19
48
49
56
45
54
54
36
42
56
38
48
52
39
53
29
43
57
57
48
32
45
52
47
41
18
57
63
45
41
46
55
44
58
49
45
49
27
50
41
59
44
49
17
50
47
55
50
48
27
34
42
30
50
54
49
60
62
46
20
50
33
46
44
46
32
47
55
60
59
51
47
58
30
54
48
50
44
45
51
50
45
50
47
34
32
38
51
52
50
53
56
58
11
51
52
28
49
55
43
30
44
53
46
49
48
52
51
51
45
23
48
54
61
33
44
24
41
49
52
52
24
46
56
50
14
45
34
50
44
54
39
51
49
25
51
57
45
52
14
49
29
49
50
37
15
52
40
35
52
35
57
47
48
45
49
48
49
47
45
55
40
48
45
39
29
42
17
58
52
51
48
52
47
55
47
43
54
52
59
57
42
41
43
27
45
54
44
51
40
50
52
35
52
34
33
54
56
48
14
54
51
49
30
49
49
34
47
55
44
45
53
52
39
46
45
55
51
23
49
45
57
57
44
44
47
42
43
43
7
55
36
52
49
57
48
44
32
39
52
52
47
49
53
51
53
51
44
54
55
48
53
48
31
39
46
56
41
49
47
31
51
44
32
27
47
54
50
53
49
32
46
35
26
59
50
53
45
52
58
47
51
17
28
47
50
20
52
58
28
17
46
25
60
51
36
52
44
36
47
50
57
49
49
47
48
49
48
48
33
53
41
51
52
52
49
52
60
58
47
50
31
51
55
49
25
59
51
45
49
55
52
49
48
48
54
40
49
44
44
53
50
37
52
21
48
45
57
22
56
48
54
56
54
32
49
50
52
26
51
49
22
52
42
51
33
16
57
56
52
43
46
59
59
56
39
44
49
49
53
55
51
49
45
45
43
52
60
45
46
55
50
41
44
49
56
55
55
54
48
51
45
50
59
48
59
47
62
50
49
39
52
49
46
48
58
52
56
50
57
59
46
