27
33
45
38
35
30
35
30
60
52
24
38
34
55
41
50
32
51
26
42
19
17
52
51
19
41
32
22
16
49
48
41
44
21
32
51
47
50
23
25
34
33
28
35
22
23
12
18
20
48
36
50
38
45
34
18
45
37
42
50
34
39
47
50
28
57
42
33
40
21
26
47
33
31
26
26
67
32
59
31
35
47
38
34
36
42
62
34
17
47
26
55
39
31
30
25
26
35
42
31
35
24
48
27
26
26
64
60
36
43
40
41
42
53
23
37
19
50
44
36
37
28
32
32
53
52
36
39
45
32
48
54
38
11
36
43
33
38
20
29
28
47
48
54
65
36
45
34
24
39
47
56
32
54
33
44
37
43
18
44
25
51
17
27
35
49
42
58
32
37
37
30
5
45
24
37
28
47
25
54
58
41
40
33
41
14
23
30
41
46
37
51
41
26
31
46
54
18
38
22
19
26
19
48
41
63
37
64
50
33
44
42
23
48
51
61
45
33
65
30
24
28
37
39
40
40
38
43
48
52
36
41
33
33
32
28
59
25
41
20
38
29
25
22
39
27
37
42
55
52
21
41
51
56
45
48
47
39
31
35
35
41
28
30
48
36
53
25
20
68
44
22
29
24
30
21
36
18
37
28
44
50
34
26
35
26
43
47
52
21
33
40
63
22
19
51
32
16
42
37
53
56
48
63
38
27
36
24
50
50
55
17
34
45
12
46
14
36
44
39
39
40
36
35
50
63
48
37
75
19
22
32
46
37
51
25
39
34
36
47
42
25
24
59
65
59
19
33
36
47
35
35
40
39
28
23
37
36
31
37
43
59
58
16
39
37
63
14
21
38
43
52
44
49
24
24
20
26
41
31
57
26
23
41
40
54
39
21
34
39
49
49
29
37
24
28
44
27
42
39
70
42
43
32
55
50
43
36
28
24
41
33
47
27
37
39
47
29
33
29
26
44
24
32
56
57
15
29
43
29
34
44
34
37
49
27
41
65
26
37
50
42
30
24
13
38
28
24
36
28
33
31
35
31
35
29
32
32
38
54
50
29
39
22
28
44
59
29
54
31
17
38
45
36
28
32
46
39
21
52
61
60
56
58
72
49
64
32
58
51
41
40
57
42
51
40
57
37
54
45
