23
17
61
29
30
13
17
38
31
48
39
20
53
29
34
43
31
12
19
40
48
53
38
32
25
31
57
31
39
26
30
45
43
34
12
63
18
25
31
36
38
27
51
62
35
13
38
14
37
45
68
34
52
31
15
37
22
46
32
22
48
65
38
48
36
36
39
43
45
8
31
37
48
18
47
39
46
48
41
36
29
46
31
31
41
21
56
40
34
71
32
51
21
47
17
48
32
57
30
44
30
25
57
38
11
22
34
31
40
52
37
45
29
18
51
79
43
28
37
27
35
69
25
47
35
19
16
46
42
24
55
30
60
44
75
46
51
15
28
34
33
38
39
31
39
51
31
28
45
60
44
50
36
39
41
35
33
36
44
45
34
59
38
40
21
33
41
45
48
41
23
48
26
17
42
38
48
35
31
30
23
52
25
49
38
49
41
57
49
20
49
28
42
35
41
34
28
31
25
20
54
61
36
45
51
32
29
35
58
30
65
43
34
57
38
23
40
34
27
30
46
57
24
32
70
34
42
31
36
29
22
41
40
49
31
39
54
28
31
23
65
28
43
23
42
30
26
42
12
21
50
41
40
40
27
38
51
41
58
33
32
39
21
48
24
52
44
56
28
28
31
37
40
36
14
48
45
33
30
51
41
42
36
26
45
28
52
29
23
50
32
60
32
48
20
36
47
19
21
38
36
17
69
32
11
68
80
32
12
39
43
22
32
53
27
34
16
9
38
37
37
16
39
31
21
24
20
23
55
39
33
43
27
29
27
20
28
27
29
28
59
37
46
40
48
41
41
45
27
25
16
26
62
54
41
56
50
45
26
42
46
51
37
54
27
39
28
34
32
55
35
28
37
19
41
37
13
35
42
37
33
29
10
26
23
33
27
22
38
15
57
48
30
36
36
28
31
31
28
10
55
59
42
40
39
47
30
27
21
43
40
32
26
41
53
65
41
23
25
26
16
40
48
61
57
35
45
45
41
65
28
35
25
32
25
39
27
20
23
40
45
35
24
38
21
25
44
46
38
17
29
57
35
27
62
36
33
68
28
33
31
45
17
35
55
42
38
26
48
29
32
46
41
33
40
47
23
32
39
50
15
48
28
33
46
42
12
14
45
53
35
54
27
44
45
45
53
51
59
43
