27
54
36
46
72
37
67
45
42
61
32
55
36
47
43
58
44
59
34
29
48
57
52
52
49
32
47
56
50
55
34
35
65
57
66
37
68
47
46
47
51
47
56
43
44
42
47
28
30
52
31
68
63
60
20
32
41
33
74
57
58
40
40
52
49
43
31
60
55
32
32
47
51
59
47
58
38
53
50
39
35
47
50
48
51
23
60
77
59
67
35
38
56
55
48
55
57
57
55
40
54
65
27
72
44
48
62
52
41
34
64
54
38
55
53
51
39
66
64
49
58
31
49
34
31
36
29
49
46
55
64
53
36
63
42
38
27
62
57
49
56
39
65
34
51
44
44
54
59
41
48
49
39
29
30
31
42
51
33
50
63
39
51
40
36
39
46
49
34
48
52
44
61
62
54
33
56
59
33
48
45
51
44
52
25
35
33
60
47
66
38
37
37
60
27
64
49
48
42
42
51
32
43
59
44
50
52
19
60
42
23
47
37
52
24
46
53
49
41
48
45
54
61
57
60
49
54
58
57
38
56
51
29
42
40
68
30
49
29
47
28
52
41
63
31
35
43
47
60
36
32
34
62
55
56
20
56
34
31
52
61
42
54
50
33
74
67
53
55
59
47
35
55
34
59
45
53
41
38
55
43
53
48
50
41
41
27
65
35
50
37
31
49
37
29
50
52
28
50
55
36
32
50
53
39
36
28
46
55
53
38
29
46
36
35
31
45
44
30
34
38
38
33
61
37
30
41
38
32
63
52
29
36
76
36
56
51
39
33
65
64
48
37
33
43
61
24
66
50
33
37
53
60
43
55
34
56
50
61
36
38
34
57
35
58
56
62
56
49
29
48
46
33
40
60
32
59
62
24
34
56
40
47
27
57
49
50
60
59
47
65
58
47
29
49
38
49
36
63
35
38
31
39
45
51
54
58
30
54
61
64
36
62
61
64
35
22
70
34
34
67
45
27
72
44
25
52
46
68
49
46
48
45
35
51
62
53
50
68
35
36
50
42
33
57
59
62
48
59
29
49
31
55
43
24
35
59
54
36
37
64
29
49
33
38
64
52
38
35
57
51
56
54
55
35
43
48
62
31
39
51
40
52
40
52
60
40
60
39
36
61
33
48
37
50
32
38
55
49
39
