49
32
51
54
53
58
39
30
69
55
40
44
42
33
48
37
70
62
46
39
28
52
40
42
42
47
63
36
64
37
35
45
60
59
63
64
69
50
49
37
45
40
44
35
64
58
55
32
50
59
51
60
58
62
27
52
39
52
43
57
38
46
43
71
21
46
48
36
62
57
58
43
58
62
32
32
32
29
46
58
32
47
58
39
53
51
57
35
36
51
39
31
48
35
69
40
31
43
52
53
51
47
54
37
56
48
35
41
62
49
47
41
33
53
48
60
31
37
37
35
30
75
57
59
34
40
46
41
38
25
61
44
62
29
65
53
57
66
48
65
35
36
39
28
35
54
56
27
39
50
40
47
60
33
43
41
42
59
59
51
44
41
61
60
28
51
36
50
43
28
54
60
47
49
52
57
54
53
36
62
30
52
40
24
54
34
37
52
22
28
57
40
28
52
54
58
46
28
50
60
47
58
66
32
49
47
43
31
23
38
56
63
33
57
71
43
35
70
24
60
63
33
52
60
33
48
53
43
36
38
49
38
64
54
60
51
30
64
50
73
53
67
56
50
50
35
44
59
49
49
61
52
30
35
37
54
37
57
30
58
32
59
52
34
34
67
51
50
39
29
35
48
40
36
30
46
51
50
58
45
59
39
41
35
36
33
63
47
32
46
24
53
45
65
47
59
38
60
42
56
55
62
34
54
23
37
28
59
55
51
53
36
62
49
53
46
65
42
43
36
62
40
57
34
47
40
60
71
28
32
22
56
60
59
39
31
37
29
58
57
42
23
57
34
68
53
51
66
33
46
50
30
38
52
64
37
57
37
25
29
60
57
53
50
43
48
52
66
47
38
68
36
41
44
41
41
53
63
45
37
70
50
57
28
38
41
47
56
55
50
42
39
49
62
63
66
58
32
50
69
67
58
31
61
29
35
43
27
62
40
24
56
48
33
29
54
39
52
57
49
43
50
38
35
50
43
37
46
38
53
40
23
54
22
30
58
45
32
62
51
47
55
53
53
47
51
70
39
38
30
45
35
33
42
29
59
44
43
44
32
52
55
37
61
45
35
40
34
41
38
46
57
58
56
66
43
44
37
34
30
31
33
27
36
37
30
37
30
31
36
33
36
26
41
24
41
37
40
34
35
