50
59
36
49
56
40
48
31
49
41
56
54
54
50
47
43
54
45
38
50
47
49
39
49
50
32
56
44
53
35
59
27
58
52
53
55
48
50
56
56
57
43
41
55
46
45
37
52
54
43
48
55
48
48
53
51
54
54
41
59
42
37
37
32
55
43
36
53
50
54
34
45
52
48
40
47
57
29
54
46
15
51
55
47
48
55
59
48
55
53
49
53
36
54
49
50
44
47
46
41
51
37
27
31
59
47
53
44
48
33
34
49
51
41
60
28
46
48
48
49
57
26
34
58
36
49
52
52
48
46
23
26
41
53
45
58
38
31
55
46
44
55
49
46
31
56
38
58
49
52
52
32
25
48
49
40
47
46
45
47
31
39
59
54
53
51
20
45
45
44
46
44
48
54
38
31
49
48
37
45
45
50
58
28
50
30
53
51
55
49
56
29
27
55
51
51
61
46
20
48
39
46
53
49
43
48
50
37
57
48
45
42
57
49
42
40
33
51
28
41
55
56
43
26
46
56
41
46
54
56
40
43
50
48
56
31
46
52
52
48
59
35
27
57
52
48
55
38
29
34
51
53
46
26
52
49
31
54
57
57
47
29
49
48
51
48
51
44
45
27
46
52
20
46
54
17
45
43
23
49
41
54
47
45
55
48
47
50
45
45
53
43
45
26
50
52
54
45
60
13
60
57
25
44
48
47
30
32
48
41
54
56
53
52
56
43
45
38
48
60
31
37
47
48
44
22
47
37
53
50
56
56
19
50
45
52
47
43
47
21
45
52
51
55
51
48
46
51
40
56
49
49
45
43
19
49
54
54
35
51
54
58
56
52
35
51
47
38
53
42
50
50
49
26
52
55
24
47
58
56
52
53
49
51
53
49
42
35
54
50
55
59
38
52
57
47
47
58
53
32
15
55
46
50
37
38
45
46
48
49
57
44
42
31
47
47
20
49
40
49
39
45
49
45
48
47
53
29
56
39
45
53
57
60
49
42
44
44
40
34
46
57
57
58
37
44
37
42
49
43
48
42
48
47
56
31
45
54
52
40
36
60
61
46
49
59
53
54
33
44
54
51
59
60
56
53
46
50
35
52
26
44
50
44
34
32
48
57
48
49
52
51
50
43
55
46
49
42
52
50
