48
45
49
49
29
37
46
54
55
51
46
17
46
47
48
53
47
52
28
55
58
53
54
28
57
61
40
56
55
20
44
53
47
47
26
53
54
41
50
57
25
44
59
38
52
47
21
50
50
57
52
41
33
51
53
50
53
30
54
54
49
48
52
32
51
47
42
31
57
29
56
50
55
33
26
55
52
44
46
46
32
55
40
47
57
50
49
19
51
19
45
51
44
50
42
42
60
58
55
52
36
43
44
38
40
54
60
53
44
50
29
48
63
46
43
39
49
48
32
53
56
48
47
57
46
52
49
52
52
52
45
53
18
52
43
44
46
27
49
41
49
63
53
41
48
54
48
17
44
56
50
52
59
27
47
53
53
53
51
52
42
46
34
47
53
47
30
52
50
57
50
20
45
51
49
62
33
44
37
42
32
57
50
30
48
54
49
48
52
50
47
47
57
34
47
46
49
32
59
57
50
38
63
11
47
28
47
47
49
30
47
49
51
47
45
51
23
42
54
49
33
49
44
45
46
64
24
46
41
47
48
44
57
50
41
57
24
45
55
55
52
54
53
52
42
48
14
56
34
55
51
53
49
41
47
53
46
38
56
25
52
58
45
53
49
49
45
49
46
49
50
51
14
42
50
53
52
29
55
45
56
52
49
51
43
37
52
15
40
52
61
49
53
54
48
50
51
35
44
51
47
51
48
49
49
35
46
56
57
50
39
29
43
53
48
42
51
48
57
49
56
53
17
50
53
56
27
58
47
40
46
52
43
47
42
35
53
55
34
46
33
49
53
50
57
56
54
55
14
46
52
51
30
34
56
39
52
46
49
56
53
51
46
57
46
56
52
53
23
59
54
51
50
51
47
56
42
50
52
7
52
32
55
46
54
55
53
39
51
51
48
52
52
51
49
31
46
41
39
57
39
50
49
43
47
53
31
55
49
32
43
46
27
32
51
35
41
48
54
48
26
52
55
17
28
47
20
59
55
28
48
59
17
44
45
55
53
54
45
44
50
25
47
36
53
54
52
46
47
50
52
44
50
33
44
43
41
53
31
47
25
50
56
42
44
45
37
53
47
51
49
47
51
50
42
55
51
55
52
21
48
48
22
51
57
50
54
48
55
51
52
32
49
50
26
49
22
42
33
16
