50
23
17
61
30
13
17
38
59
31
49
56
40
48
39
20
53
29
34
48
49
31
12
19
40
41
56
54
53
54
50
38
32
25
31
31
39
47
43
26
30
54
45
34
45
12
18
25
31
50
36
47
38
27
49
49
35
13
38
14
37
34
52
31
15
37
22
32
22
50
38
48
36
36
56
44
39
8
31
37
48
53
18
39
46
41
36
29
59
31
31
58
21
34
32
51
21
47
17
48
52
53
32
30
44
55
30
48
50
25
38
11
22
56
31
56
57
55
46
40
37
29
45
18
51
43
28
52
54
37
27
35
43
48
25
35
19
16
46
42
55
24
48
30
48
53
44
46
51
15
28
34
33
51
54
38
54
31
39
51
31
28
45
59
44
50
36
42
39
37
41
35
36
45
34
55
38
43
53
21
33
41
48
50
41
23
48
26
17
42
38
35
31
30
23
25
38
41
49
20
28
42
35
41
34
28
31
25
20
54
36
32
29
35
34
30
45
52
43
48
34
23
40
27
47
30
57
24
54
32
34
42
31
46
36
51
29
22
40
31
39
55
28
31
23
28
23
47
42
30
26
42
12
21
40
40
48
27
38
41
33
32
39
21
48
24
44
55
28
28
59
31
37
40
36
55
53
14
48
49
53
33
30
41
42
36
26
45
54
49
28
29
23
32
32
20
50
44
47
36
46
47
19
21
36
17
32
11
32
12
39
43
41
22
32
27
34
51
16
37
9
37
37
16
31
21
24
20
23
39
33
27
29
27
59
20
28
27
29
47
28
53
37
46
44
40
48
49
48
41
51
60
41
45
27
25
16
26
41
46
45
48
26
42
46
37
48
27
49
28
34
57
32
35
28
37
19
58
41
49
13
52
35
37
33
52
29
48
10
26
23
33
46
27
22
38
53
15
45
30
36
36
28
31
31
28
58
10
42
55
40
39
30
27
21
46
43
40
32
26
41
41
23
44
55
25
26
16
40
48
49
46
45
41
28
35
25
56
32
25
58
49
39
27
20
23
40
45
52
35
24
38
48
21
25
46
38
17
29
49
35
27
40
36
33
47
28
46
33
31
45
17
35
47
42
38
59
26
29
32
41
54
53
33
47
51
23
32
39
15
48
28
33
46
42
12
14
45
35
27
