27
36
56
53
56
37
32
34
49
29
41
32
51
55
34
28
31
20
51
33
52
31
48
47
32
45
32
47
38
53
35
23
35
49
27
34
38
48
43
46
39
48
31
48
48
53
53
48
31
29
38
48
46
27
34
52
29
53
30
43
31
48
51
33
39
40
53
46
36
44
39
50
53
53
57
52
51
34
33
56
50
42
44
33
44
38
58
48
59
37
43
49
53
43
50
59
49
27
53
47
52
32
47
53
44
19
23
37
24
38
58
29
40
50
30
29
28
41
35
43
48
36
53
32
34
20
31
48
52
46
33
45
52
35
52
51
34
48
46
27
35
31
54
37
55
29
36
32
54
56
54
56
36
41
38
29
37
54
36
51
46
49
35
31
33
55
43
37
30
50
41
57
32
36
39
33
57
43
37
49
33
50
24
33
43
55
34
41
49
46
47
38
34
29
54
50
33
32
34
46
27
36
38
31
55
59
47
47
50
53
30
36
22
47
57
34
34
44
25
36
50
33
49
54
29
53
31
24
44
48
36
29
51
55
53
35
31
54
39
36
49
47
37
64
32
38
49
60
56
47
48
39
48
33
50
38
39
32
35
36
32
41
45
28
31
43
35
47
58
45
45
72
55
32
38
49
50
49
32
50
39
31
38
34
51
55
33
53
36
47
49
33
27
37
54
35
53
31
59
51
30
56
36
56
43
34
53
52
53
52
32
40
30
53
45
33
57
32
25
49
29
47
29
39
28
45
47
60
36
31
44
53
33
51
50
34
34
35
37
24
50
50
38
54
39
41
35
33
29
65
47
50
38
31
49
46
30
45
38
28
36
34
37
47
57
49
53
30
47
37
32
52
50
36
50
43
35
34
52
23
31
50
58
46
27
30
34
28
39
59
33
36
46
48
35
45
30
29
54
47
50
51
35
30
51
54
57
52
34
31
48
38
54
38
49
34
45
32
29
41
45
31
38
29
52
33
36
49
53
55
54
29
31
40
53
34
27
46
48
32
39
33
30
29
57
53
28
28
36
42
29
33
31
42
46
44
52
41
35
49
43
43
41
42
48
37
27
53
34
49
34
52
59
27
28
48
44
33
52
46
43
44
29
57
43
48
33
49
29
36
39
55
44
46
56
55
52
52
43
48
