48
40
49
48
50
29
50
45
46
60
17
28
28
48
47
45
47
48
47
51
40
49
50
47
40
48
20
52
26
41
44
49
54
52
42
50
58
55
25
50
49
49
53
46
50
44
54
38
51
50
44
53
50
48
60
49
52
47
53
47
46
46
49
52
52
38
50
50
45
47
52
47
45
42
46
51
49
44
21
44
41
54
47
55
57
39
33
53
49
52
57
30
32
59
48
52
53
57
57
55
52
50
47
47
50
52
45
31
51
51
57
54
29
46
53
45
33
60
26
53
50
49
59
32
49
55
50
40
46
19
46
50
54
19
53
54
45
47
50
36
48
49
51
51
49
38
29
56
47
47
43
51
45
52
51
51
51
43
51
32
48
45
43
50
45
56
18
55
27
48
41
53
52
50
17
50
63
42
47
42
44
27
41
48
34
39
53
30
45
20
54
45
57
38
53
33
48
47
46
49
50
44
32
30
48
34
54
61
61
51
49
58
52
43
46
45
32
45
41
42
44
38
11
28
49
59
46
46
52
54
55
50
55
30
56
51
47
52
51
47
48
50
23
48
49
57
33
45
51
47
46
44
49
53
48
24
48
41
49
46
24
43
14
34
54
25
45
52
50
14
55
47
53
42
52
55
29
37
15
50
51
50
48
49
51
48
45
53
59
40
47
35
35
39
60
29
47
42
43
50
53
55
51
45
52
57
54
55
17
58
27
55
55
45
40
35
50
47
50
55
48
34
49
49
50
56
33
49
51
56
38
14
48
51
53
51
42
48
30
54
49
34
58
39
42
40
42
55
57
59
49
56
54
53
46
47
47
23
51
42
7
60
47
44
48
54
53
51
48
32
39
47
42
60
43
42
48
43
31
55
47
54
39
61
51
41
45
56
49
49
47
46
56
44
56
31
54
49
49
48
51
53
60
32
27
44
56
58
32
35
48
49
56
47
53
43
26
57
47
44
49
61
50
58
43
17
28
51
57
20
47
45
52
28
46
17
25
49
57
36
54
54
48
44
48
53
33
50
46
45
51
41
31
25
43
52
50
56
43
37
49
58
21
43
47
22
51
52
45
38
32
45
47
50
48
54
50
53
26
49
22
42
45
51
33
50
57
50
16
47
47
55
44
44
49
51
51
45
45
56
