40
49
48
50
50
45
60
48
47
45
47
48
47
51
49
50
47
40
48
52
44
49
54
52
42
50
58
55
50
49
49
53
46
50
44
54
38
51
50
53
50
48
60
49
52
47
53
47
46
46
49
52
52
50
50
45
47
52
47
45
42
46
51
49
44
44
54
47
55
57
39
53
49
52
57
59
48
52
53
57
57
55
52
50
47
47
50
52
45
51
51
57
54
46
53
45
60
53
50
49
59
49
55
50
46
46
50
54
53
54
47
50
48
49
51
51
49
56
47
47
51
45
52
51
51
51
43
51
48
43
50
45
56
55
48
53
52
50
50
63
42
47
42
44
41
48
39
53
45
54
45
57
38
53
48
47
46
49
50
48
54
61
61
51
49
58
52
43
46
45
45
41
42
44
59
46
46
52
54
55
50
55
56
51
47
52
47
48
50
48
49
57
45
51
47
46
49
53
48
48
49
46
43
54
52
50
55
47
53
42
52
55
50
51
50
48
49
51
48
45
53
59
47
60
47
43
50
53
55
51
45
52
57
54
55
58
55
55
45
50
47
50
55
48
49
49
50
56
49
51
40
61
46
45
52
53
45
58
53
41
36
30
63
40
55
30
48
43
65
53
65
53
42
64
69
35
48
53
41
48
55
44
49
43
27
39
72
20
57
53
54
51
53
41
28
40
64
58
62
43
58
51
58
47
35
57
60
54
53
70
50
52
48
38
41
42
48
34
42
45
62
44
65
50
39
46
61
44
54
54
55
60
45
36
55
54
38
38
57
49
62
54
33
46
55
63
54
56
59
49
61
54
60
50
48
63
47
49
50
42
47
40
47
36
43
27
60
59
59
38
38
37
72
63
51
52
40
40
47
45
47
60
42
57
66
58
69
28
52
36
26
48
66
60
51
49
58
37
46
50
47
42
64
55
53
62
42
41
53
54
40
63
46
46
32
46
63
48
37
37
36
53
51
51
61
56
47
55
40
44
56
60
50
38
44
45
52
50
41
48
48
63
59
56
45
46
50
61
37
40
44
69
36
41
65
57
50
61
63
71
47
66
52
41
39
69
68
40
48
63
64
37
47
43
54
28
58
39
63
58
61
45
57
44
40
38
59
56
36
48
59
45
57
56
54
45
46
70
52
74
