50
27
33
59
45
49
38
56
40
48
49
41
35
56
30
35
54
54
50
30
47
43
24
54
45
38
34
50
41
47
49
49
32
50
56
26
42
19
17
19
41
32
44
53
59
58
22
52
16
53
49
41
44
21
55
48
32
50
56
56
47
57
23
25
55
34
46
45
52
33
54
43
48
55
48
28
35
22
48
53
51
23
54
54
12
59
18
20
36
50
38
42
34
37
18
37
42
55
50
43
34
50
53
50
28
33
54
34
45
52
40
21
26
31
48
47
57
54
26
26
32
31
35
46
47
38
51
34
55
47
48
36
55
42
34
59
55
17
26
53
49
53
39
54
49
50
31
30
44
25
47
26
46
35
31
35
24
48
27
26
41
26
51
36
37
59
47
40
53
44
41
48
49
23
37
19
50
44
51
36
37
60
46
48
48
49
28
36
57
58
45
49
32
52
48
52
54
38
48
46
11
53
45
36
43
33
38
58
20
29
28
47
55
46
44
34
24
39
32
55
33
44
37
49
43
18
46
56
58
49
52
44
48
49
40
25
47
17
46
27
47
59
54
35
53
51
45
49
42
45
46
44
32
37
54
37
38
49
48
45
45
30
5
50
58
45
24
37
28
50
53
51
47
55
49
25
54
33
41
56
14
23
30
41
55
46
37
51
51
41
26
51
61
46
48
46
31
53
18
49
48
50
57
38
22
48
42
19
57
26
49
19
48
42
40
51
41
55
56
41
37
50
33
46
44
56
41
42
46
23
54
56
48
40
50
48
56
33
30
46
52
24
52
48
28
37
39
59
57
48
52
36
52
48
41
55
38
33
51
33
32
28
25
41
53
46
20
38
29
52
25
49
22
39
27
54
37
57
57
42
47
55
49
52
48
21
41
45
48
51
48
47
51
31
44
45
46
35
52
35
46
45
28
43
49
54
47
45
30
36
25
20
55
44
22
48
29
24
47
30
50
21
36
45
53
18
43
37
28
45
44
34
50
26
52
54
35
60
26
43
52
60
21
57
33
44
22
19
32
16
42
37
48
56
38
47
27
48
41
54
36
24
56
53
55
52
56
43
17
45
12
46
45
48
14
36
44
39
60
47
48
44
39
47
40
36
35
53
50
56
50
56
37
19
22
32
50
45
52
47
