54
37
36
46
37
72
29
38
67
29
46
45
37
44
23
34
42
61
39
57
55
36
47
43
58
44
39
25
53
59
48
57
38
52
52
20
49
46
24
47
27
40
56
50
55
40
17
43
35
65
57
66
37
15
68
47
28
46
38
47
31
29
31
51
47
55
56
43
30
44
38
42
17
47
30
30
33
32
52
68
63
60
32
51
41
74
57
58
40
27
40
36
52
35
34
49
43
59
60
33
55
38
35
47
51
28
14
40
39
29
59
11
47
30
58
35
53
50
40
39
47
50
48
51
49
33
11
60
77
38
59
67
38
22
56
41
38
42
46
44
55
30
48
55
28
57
19
57
55
34
40
54
38
41
6
24
34
24
65
46
34
72
44
48
62
14
52
41
26
64
33
25
26
39
27
27
8
54
46
38
13
55
49
53
51
66
64
49
31
21
41
58
49
34
31
54
36
39
38
49
46
55
64
19
33
53
30
36
27
12
28
23
39
45
63
42
32
36
24
37
17
30
42
55
43
41
29
28
28
62
57
32
47
49
56
39
65
41
36
42
34
51
19
44
44
54
40
59
41
37
48
49
39
39
42
38
51
42
50
63
41
46
51
9
11
36
27
19
46
49
21
48
52
44
61
62
18
21
54
40
47
17
38
41
27
56
53
26
59
33
48
11
36
48
28
21
4
24
18
27
45
33
51
52
25
31
20
25
35
60
47
66
25
37
60
64
49
48
42
19
42
34
47
52
43
51
43
59
24
41
44
22
50
44
40
52
24
23
31
38
60
42
33
21
47
52
27
27
29
46
29
53
49
41
43
48
42
39
17
37
36
36
19
45
54
31
61
32
24
40
42
25
51
38
27
57
18
32
60
49
44
54
56
58
18
57
56
40
37
17
31
56
26
51
42
38
68
42
49
47
47
15
52
23
12
41
49
31
63
16
34
20
31
47
60
48
62
55
28
34
51
56
37
43
23
34
56
34
34
22
24
35
52
37
61
38
27
44
42
54
50
32
74
42
30
44
67
41
26
33
51
53
55
59
47
36
20
34
55
59
45
53
41
38
55
43
53
50
41
41
65
50
37
49
50
52
28
50
55
50
53
39
28
46
55
53
46
45
44
30
34
38
38
61
38
63
52
29
76
36
