23
17
49
51
54
53
58
61
39
69
55
44
42
48
30
70
62
46
52
42
42
47
13
63
17
36
64
37
45
38
60
59
63
64
31
69
48
39
50
20
53
29
34
49
37
45
40
31
44
12
64
58
55
19
50
59
51
60
58
62
40
52
53
38
32
39
52
25
43
57
46
43
31
31
39
71
46
48
62
26
57
58
43
58
62
29
46
30
58
32
45
47
58
39
53
51
57
35
51
39
48
35
69
34
40
43
12
18
52
25
53
51
47
54
56
48
35
41
31
62
36
49
38
47
27
41
35
33
53
48
60
37
75
57
59
40
46
41
13
38
61
38
44
62
29
65
53
57
66
48
65
36
14
39
28
54
37
56
39
50
40
34
47
60
43
41
42
59
52
59
31
51
44
15
41
61
60
37
22
51
36
50
43
54
60
47
49
52
57
54
53
32
22
36
62
30
52
40
38
54
48
37
52
36
36
22
39
57
52
54
58
46
50
8
60
47
58
66
49
47
43
31
31
37
38
48
18
56
63
57
71
43
39
70
24
46
60
63
33
41
52
60
48
36
29
53
43
38
49
38
31
31
64
54
60
51
64
50
73
21
53
67
34
56
50
32
50
59
49
49
61
52
54
51
21
47
37
57
58
17
48
59
32
52
67
51
50
39
29
30
44
30
35
25
48
40
38
36
46
11
51
22
31
50
40
58
37
45
59
41
29
35
18
51
43
36
63
47
32
46
53
45
28
37
27
65
35
47
59
38
60
42
56
25
35
55
62
54
59
55
51
53
36
19
62
16
46
42
24
49
53
46
30
65
44
42
43
62
40
57
47
60
46
71
32
51
56
15
60
59
39
28
31
34
37
58
57
33
42
57
38
68
53
51
66
46
31
50
52
64
57
37
60
39
51
57
53
50
43
48
52
66
31
47
68
36
41
44
28
41
41
53
63
45
45
37
70
50
57
44
41
47
56
55
50
42
49
62
63
66
50
58
50
69
36
67
58
61
43
62
39
40
56
48
54
39
41
52
35
57
49
43
50
38
36
45
34
50
43
37
46
38
53
54
30
38
58
45
62
51
47
55
53
53
47
51
70
39
38
45
42
59
44
43
44
32
52
55
61
45
40
34
41
46
57
58
56
66
43
44
