36
50
52
39
52
31
50
47
38
54
49
55
51
49
47
54
44
47
49
53
49
43
52
61
50
51
39
53
55
32
54
53
50
35
48
60
27
53
43
41
37
55
47
60
50
43
41
50
53
37
56
40
49
47
56
55
42
38
32
55
45
53
61
36
49
44
56
48
40
49
56
54
54
42
56
48
29
15
52
48
36
27
39
53
57
31
57
48
33
52
47
41
34
57
63
45
41
41
46
55
44
28
58
49
26
45
34
49
36
50
59
44
23
49
50
47
55
50
48
26
41
42
50
54
49
60
62
46
50
38
46
46
31
31
47
55
38
60
59
51
52
47
58
54
32
25
48
50
44
45
51
45
50
45
50
47
51
31
52
50
39
53
56
58
51
20
52
44
55
48
43
44
31
53
46
49
48
52
51
45
37
28
48
30
54
61
49
52
52
29
46
56
50
45
50
44
54
39
51
49
51
57
52
49
49
50
52
52
57
47
48
45
49
27
48
20
39
49
47
45
55
40
48
43
45
58
52
37
51
45
48
33
28
52
47
55
47
43
43
26
54
52
59
57
42
41
43
45
54
44
51
50
43
52
52
54
48
54
49
49
31
49
47
55
44
35
45
53
52
45
55
27
29
34
51
49
45
57
57
44
26
31
44
29
47
27
43
43
20
55
36
52
49
57
54
48
44
52
52
47
49
53
17
23
41
51
45
53
51
44
54
55
53
48
46
26
45
56
13
25
41
30
51
44
32
47
54
50
53
49
46
59
50
53
45
52
58
47
38
51
31
47
50
37
52
58
46
60
51
52
36
22
47
50
57
49
49
47
48
49
48
37
48
53
51
19
21
52
48
52
19
35
56
49
52
35
60
58
47
50
51
38
55
49
59
50
51
45
49
55
49
26
52
49
24
48
48
54
40
49
44
44
53
52
48
56
45
57
56
35
48
54
56
54
38
32
49
15
37
38
42
50
31
52
51
52
51
57
56
52
20
39
43
46
59
59
56
39
45
29
44
49
49
53
55
51
49
45
45
43
52
60
45
46
39
55
50
41
44
49
56
55
55
54
48
51
45
50
59
40
34
48
59
47
37
62
50
37
49
31
39
52
49
46
48
58
40
52
56
50
57
36
59
33
35
46
26
44
34
32
