31
26
34
30
33
30
43
34
31
35
32
31
29
24
42
34
34
34
29
35
33
43
45
31
27
37
33
34
32
33
37
35
35
22
37
33
25
34
33
32
32
34
37
38
29
42
35
41
37
30
32
32
36
34
29
36
36
28
35
34
28
29
32
38
33
27
36
32
30
33
34
37
32
35
22
30
39
29
33
39
27
33
30
25
40
31
37
37
32
32
36
33
18
41
24
34
26
33
34
33
35
33
24
37
33
44
27
31
33
33
26
33
38
29
32
34
36
30
31
34
34
41
38
27
31
43
31
37
34
33
28
29
40
37
29
32
41
29
36
40
32
36
30
31
27
35
32
41
39
30
36
26
33
36
33
33
32
37
33
36
31
29
35
23
31
29
33
34
30
29
34
34
30
33
29
29
40
34
23
31
32
39
31
34
35
33
34
23
25
36
42
33
27
37
26
32
34
25
39
42
25
40
24
23
34
39
37
37
36
26
37
44
29
35
39
30
32
38
39
29
29
23
42
31
25
32
28
33
33
35
28
30
33
35
39
30
34
37
40
40
42
29
34
36
35
32
23
30
41
40
27
20
28
27
29
28
37
46
40
48
41
41
45
27
25
16
26
41
45
26
42
46
37
27
28
34
32
35
28
37
19
41
13
35
37
33
29
10
26
23
33
27
22
38
15
30
36
36
28
31
31
28
10
42
40
39
30
27
21
43
40
32
26
41
41
23
25
26
16
40
48
45
41
28
35
25
32
25
39
27
20
23
40
45
35
24
38
21
25
46
38
17
29
35
27
36
33
28
33
31
45
17
35
42
38
26
29
32
41
33
47
23
32
39
15
48
28
33
46
42
12
14
45
35
27
19
6
24
50
25
35
39
40
25
49
39
22
27
27
23
34
37
28
25
27
38
16
32
28
46
36
30
46
47
27
15
31
24
27
37
34
40
24
43
21
45
44
36
33
30
39
32
25
45
36
26
54
36
32
29
50
24
30
54
33
47
34
20
33
33
27
24
30
33
25
43
33
9
15
29
42
23
37
31
26
29
33
54
44
32
34
34
34
28
13
34
53
37
50
31
47
52
31
29
52
41
40
25
25
39
50
34
23
24
23
28
39
23
10
21
17
32
20
48
47
52
31
22
30
31
