39
31
60
52
55
31
50
51
52
51
48
51
50
35
48
45
45
39
47
57
42
47
33
67
59
62
25
47
38
31
30
30
55
42
64
60
43
42
53
32
32
42
53
30
52
39
48
54
65
44
36
45
47
56
54
51
34
58
58
41
40
46
54
63
39
39
64
38
51
61
43
45
65
40
27
27
40
36
38
45
35
43
25
29
59
51
28
56
39
41
48
53
68
31
50
47
33
40
37
63
34
51
53
48
63
50
50
37
34
63
48
75
37
35
32
31
65
33
35
59
58
63
52
57
70
27
43
55
56
36
57
37
65
50
38
35
39
36
44
59
54
52
61
60
56
43
29
58
72
49
64
38
32
58
51
41
40
57
42
32
51
40
29
57
37
54
34
45
60
50
51
46
62
40
30
54
58
51
47
51
43
39
43
28
46
64
42
64
29
62
63
30
50
40
49
53
37
40
28
48
42
52
48
34
48
48
68
41
56
60
40
26
36
50
47
56
51
30
32
56
30
33
32
50
48
46
72
35
34
55
37
42
49
38
54
30
35
47
57
53
67
50
44
45
53
30
31
54
26
42
59
52
31
50
34
47
41
49
50
65
33
56
37
51
56
29
58
36
40
53
44
31
30
56
19
34
43
32
35
38
31
78
66
37
57
39
52
60
40
31
61
35
45
48
35
52
39
27
39
55
33
43
31
44
44
57
41
41
34
37
42
52
53
63
31
60
38
48
50
55
55
27
35
42
61
48
57
57
35
64
41
35
50
56
57
67
26
28
46
30
57
34
38
35
65
40
40
52
30
45
44
38
45
57
64
39
63
37
28
70
51
57
31
44
35
35
38
40
27
29
63
59
60
49
40
33
58
44
55
33
58
33
35
55
66
65
34
32
38
16
45
40
44
64
27
32
46
48
40
51
39
57
25
50
28
59
62
31
31
51
25
47
44
39
54
36
53
47
55
35
46
25
51
30
41
47
53
33
51
42
46
32
43
38
66
34
30
24
33
52
56
36
28
46
34
29
55
31
53
40
49
66
71
49
30
53
40
36
56
55
61
52
61
46
41
38
28
45
58
38
46
57
57
36
22
73
24
42
60
28
49
61
52
46
30
52
55
44
55
45
53
41
53
51
44
46
49
40
62
40
