50
32
30
59
40
33
49
56
40
48
37
49
41
56
54
39
28
54
40
35
50
35
47
32
27
43
54
38
45
50
47
49
49
50
56
44
53
59
58
52
21
53
36
55
32
48
50
32
56
32
56
57
55
46
45
36
52
54
43
31
31
48
55
48
37
48
53
51
54
54
59
31
42
37
37
35
30
55
43
53
50
34
54
34
45
52
48
25
47
57
35
54
35
46
51
55
47
48
55
27
33
28
28
59
55
53
49
53
24
54
34
49
50
44
47
46
41
51
28
37
59
47
53
44
40
48
28
28
49
51
32
60
46
48
48
49
23
57
58
49
52
52
48
46
33
35
53
45
33
58
36
30
55
46
44
55
49
35
46
56
58
44
49
52
48
49
40
47
46
47
30
59
54
53
51
45
35
37
45
46
30
32
44
54
38
34
49
34
48
45
45
50
30
58
39
50
53
51
55
33
49
56
24
55
51
34
23
51
61
46
48
37
28
46
53
36
34
40
49
48
50
57
28
22
48
42
57
49
42
40
29
51
41
23
55
56
46
56
41
46
54
56
40
50
48
34
56
46
52
52
48
59
57
52
33
30
48
38
55
38
51
53
46
52
49
54
57
57
37
47
49
48
25
51
48
51
29
44
45
46
52
46
38
45
28
38
43
49
54
47
45
55
48
47
50
45
53
43
45
39
50
32
31
52
29
54
60
35
60
57
44
48
47
48
41
27
54
56
53
52
56
24
43
45
48
60
47
48
44
47
53
50
56
56
50
45
52
33
47
43
47
45
29
52
35
51
55
40
23
51
22
46
32
51
40
56
30
49
49
45
35
43
49
54
54
33
29
51
54
58
52
51
47
37
53
35
38
42
37
34
50
52
55
47
58
52
53
49
51
53
30
49
31
42
54
50
55
33
27
59
52
57
47
47
58
53
55
36
46
37
50
45
46
48
49
30
57
37
44
30
47
47
49
40
49
45
31
49
48
47
36
33
53
56
45
53
57
60
49
42
44
44
36
46
57
57
58
26
41
44
42
49
43
48
24
42
41
48
47
37
56
45
54
40
52
34
60
61
46
35
49
59
53
54
44
54
51
59
60
56
53
46
50
52
44
50
48
57
48
49
52
51
50
43
55
46
49
42
52
50
