27
36
37
32
34
29
32
34
28
31
20
33
31
32
32
38
35
23
35
27
34
38
39
31
31
29
38
27
34
29
30
31
33
39
40
36
39
34
33
44
33
38
37
27
32
19
23
37
24
38
29
40
30
29
28
35
43
36
32
34
20
31
33
35
34
48
27
35
31
37
29
36
32
36
38
29
36
35
31
33
37
30
41
32
36
39
33
37
33
24
33
43
34
38
34
29
33
32
34
27
36
38
31
30
36
22
34
34
44
25
36
33
29
31
24
36
29
35
31
39
36
37
32
38
39
33
39
32
35
36
32
41
28
31
35
32
38
32
39
31
38
34
33
36
33
27
37
35
31
30
36
34
32
40
30
33
32
25
29
29
39
28
36
31
33
50
34
34
35
37
24
38
39
41
35
33
29
38
31
30
38
28
36
34
37
30
37
32
36
35
34
23
31
27
30
34
28
39
33
36
35
30
29
35
30
34
31
38
38
34
32
29
41
31
38
29
33
36
29
31
40
34
27
32
39
33
30
29
28
28
36
29
33
31
41
35
41
37
27
34
34
27
28
33
43
29
33
29
36
39
29
32
35
32
37
41
40
35
38
28
32
19
43
27
37
36
33
33
36
31
29
42
31
26
32
36
31
31
41
30
36
31
35
29
36
35
31
44
34
27
39
31
34
30
34
21
31
26
40
41
38
34
35
32
29
22
33
30
31
30
26
23
33
44
35
41
29
29
38
35
32
37
28
30
25
38
25
30
27
31
40
36
40
32
34
32
37
30
27
39
27
28
42
36
27
26
31
29
36
32
33
30
19
36
38
34
31
33
34
31
33
33
33
28
28
37
37
43
42
35
33
36
26
34
25
27
36
39
34
21
30
30
29
33
41
33
37
36
33
30
29
30
40
28
29
33
33
30
39
36
37
30
30
33
29
34
36
18
28
36
33
23
32
39
34
27
28
41
38
38
31
27
29
36
41
33
32
25
39
29
36
30
40
27
25
37
30
39
31
29
33
33
40
36
31
37
41
35
32
38
30
40
34
27
25
33
32
49
34
43
31
39
34
38
35
39
35
28
33
38
34
32
34
34
38
32
33
41
32
38
29
34
36
31
27
33
29
29
31
32
41
28
27
34
31
28
29
37
23
27
