29
43
48
57
43
39
31
31
35
63
25
38
51
62
31
45
68
46
30
30
42
30
48
65
44
34
39
43
39
38
45
47
43
27
27
36
45
35
48
46
41
56
40
71
25
57
57
34
52
29
45
79
69
28
31
47
33
55
60
37
75
39
60
34
37
33
35
32
44
59
40
45
48
52
49
31
27
49
36
35
57
49
54
61
45
36
43
29
51
58
65
38
57
38
32
29
34
34
46
40
57
30
70
28
29
41
49
40
54
65
37
28
34
43
30
50
30
41
33
51
58
32
35
34
52
37
38
56
30
45
30
31
34
33
51
52
29
50
31
30
34
60
35
38
48
38
31
69
31
68
80
53
38
39
55
43
59
62
54
35
56
50
51
35
54
27
39
39
55
37
33
42
43
57
48
34
55
59
47
37
53
31
35
65
42
35
61
57
41
35
26
45
65
28
44
30
38
40
30
28
31
57
35
62
27
68
55
48
46
29
33
40
50
32
40
27
32
53
39
54
25
44
28
31
45
45
25
47
39
53
51
59
36
25
30
43
41
56
49
52
52
33
38
65
63
24
56
33
53
28
34
29
58
63
47
32
31
65
45
40
51
36
45
36
24
28
50
36
32
46
38
58
44
31
40
62
69
30
34
37
31
49
33
31
35
31
35
57
35
52
38
26
41
31
63
37
40
43
32
61
37
36
64
29
50
31
66
38
54
31
41
36
29
50
45
36
43
51
26
33
54
47
49
30
59
49
34
29
57
27
39
60
48
36
25
39
54
64
24
62
28
38
47
31
47
73
43
38
35
34
61
31
35
49
24
52
36
48
67
31
41
77
39
51
58
57
31
45
53
45
66
56
35
27
35
54
39
62
27
74
31
37
28
50
29
43
35
30
27
30
47
25
35
56
51
39
42
39
31
36
35
34
30
51
33
62
43
37
73
34
34
31
51
32
56
30
24
69
32
37
59
38
66
56
35
55
37
54
30
48
53
28
41
34
71
52
24
49
45
31
50
31
49
54
31
41
30
29
40
60
31
31
39
52
19
19
53
60
55
53
28
31
36
51
35
45
57
66
29
50
33
27
36
35
38
39
38
41
30
31
62
65
52
51
31
58
38
31
41
37
35
35
27
33
30
33
37
22
39
28
