27
36
37
32
54
34
29
46
32
34
28
31
20
33
31
32
72
32
38
67
35
23
35
27
34
38
45
39
31
31
29
38
27
34
29
30
31
33
39
40
36
39
42
34
61
33
44
55
33
38
36
37
27
32
47
19
23
37
24
38
29
40
30
43
29
28
58
35
43
36
44
32
34
59
20
31
33
35
48
57
34
48
27
35
31
37
29
36
32
52
36
38
29
52
36
49
35
31
33
37
47
30
41
32
56
36
39
33
50
37
33
24
33
43
55
34
35
38
34
29
65
33
57
32
34
66
27
36
38
31
30
36
22
34
37
68
34
44
25
36
47
33
29
31
24
36
29
35
46
31
47
39
36
37
32
38
51
39
33
39
32
35
36
32
47
41
28
31
56
43
44
42
47
35
32
38
30
32
39
31
52
38
34
33
36
68
33
63
60
27
37
35
31
30
36
34
32
32
41
40
74
30
33
57
32
58
40
40
25
29
52
49
29
39
43
28
36
31
33
50
60
34
34
35
55
47
37
24
51
38
39
59
41
35
33
29
47
38
31
58
30
53
50
38
39
28
36
34
37
30
37
47
50
32
36
48
35
34
23
31
27
51
30
34
28
60
77
39
33
59
36
35
30
29
35
67
30
34
38
31
38
56
38
55
48
55
34
32
29
41
31
38
29
33
57
36
29
31
57
40
34
55
27
32
39
33
30
29
28
28
36
29
33
31
41
35
41
37
27
34
34
40
27
28
54
33
43
29
33
29
36
39
32
28
32
36
65
72
26
28
40
32
32
28
44
34
35
29
37
27
32
30
48
62
32
52
37
29
28
34
41
19
28
64
35
43
39
54
25
31
37
31
30
35
55
53
24
30
34
29
23
29
34
34
40
32
22
32
35
37
51
66
29
39
64
49
58
34
31
41
30
36
36
36
49
40
34
44
36
40
30
32
41
37
33
37
49
29
31
32
46
55
33
64
34
32
53
35
36
63
35
46
24
28
27
34
31
24
34
35
31
38
30
29
34
26
38
38
28
31
34
41
26
42
62
33
57
36
41
36
49
34
30
56
39
34
42
36
32
31
37
30
42
33
65
38
41
51
44
39
34
44
32
37
34
37
28
54
59
33
32
41
33
48
49
29
39
32
33
42
