31
49
26
51
54
53
58
34
39
30
69
33
55
44
30
42
48
70
62
43
46
52
42
42
47
63
34
36
64
31
37
45
60
59
63
64
69
50
49
35
37
45
40
44
64
32
58
55
50
59
51
31
60
29
24
42
34
34
58
62
52
39
52
43
34
57
29
46
43
71
46
48
35
33
62
57
43
45
58
43
58
62
29
31
27
46
37
58
32
47
58
39
53
51
57
35
51
39
48
33
35
69
34
40
43
52
32
53
51
47
54
56
33
48
35
41
62
49
47
41
33
53
48
37
60
35
37
35
75
57
59
22
40
46
41
38
61
44
62
29
65
37
53
33
57
25
34
33
66
48
65
36
32
39
28
54
56
32
39
34
50
40
47
60
37
43
41
42
59
38
59
51
29
44
41
61
60
51
42
36
50
43
35
41
37
54
30
60
47
32
32
36
49
52
57
54
53
36
62
34
30
52
40
29
54
37
52
36
22
57
36
52
54
58
46
50
60
28
47
58
66
49
47
43
35
31
34
38
56
28
63
57
71
43
70
24
60
63
33
52
60
29
32
48
38
53
43
33
38
49
38
27
64
54
60
51
64
36
32
50
73
30
53
67
33
56
50
50
59
49
34
49
61
52
54
37
57
58
59
37
52
67
32
51
50
39
29
35
48
40
36
46
35
51
50
58
45
22
59
41
30
39
29
35
33
36
63
39
27
47
32
46
33
53
30
45
65
47
59
38
25
60
42
40
56
55
31
62
54
59
55
37
51
53
37
36
62
49
53
46
65
42
43
62
32
40
57
47
60
32
36
71
32
56
60
59
39
31
37
58
57
42
57
68
53
51
66
46
33
50
52
64
57
37
60
57
18
53
41
50
24
34
43
48
52
66
47
68
36
41
44
41
41
53
63
45
26
37
70
50
33
57
41
47
56
55
50
42
34
49
62
63
66
58
50
33
69
67
58
61
43
62
35
40
33
56
48
54
39
52
57
49
43
50
38
24
50
43
37
33
37
46
38
53
54
30
58
44
45
27
62
51
47
31
33
55
53
53
47
51
33
26
70
39
33
38
45
38
29
42
59
32
34
44
36
43
44
32
52
55
61
30
45
40
34
41
46
57
58
31
56
66
34
43
44
34
41
38
27
31
