48
29
54
46
17
46
28
28
40
20
26
41
72
67
45
42
61
25
44
55
36
47
38
21
41
43
33
58
30
44
32
31
29
33
26
32
40
19
19
45
36
38
59
29
43
32
45
18
48
27
41
17
27
34
30
20
57
33
52
44
32
52
30
34
49
32
38
11
28
49
30
47
51
23
33
44
56
50
24
55
41
24
14
34
35
25
65
45
14
29
57
37
15
40
35
35
39
29
42
17
27
40
35
34
33
66
56
14
51
30
34
37
39
46
23
42
7
32
39
48
31
39
68
47
49
47
46
31
32
27
47
32
51
35
47
26
56
17
43
44
42
28
20
28
17
25
36
44
33
41
31
25
50
37
21
22
32
26
49
22
42
33
16
47
38
30
43
23
27
52
51
68
36
23
27
36
24
32
49
63
21
41
17
43
60
32
22
15
28
22
29
22
35
47
26
41
74
41
27
24
45
38
30
21
32
57
47
58
36
26
9
36
40
42
18
33
44
29
40
29
41
41
22
34
41
24
48
15
52
18
35
41
21
39
20
40
49
41
28
38
23
43
26
38
44
51
36
60
47
55
31
37
47
33
55
51
45
51
26
21
22
36
59
20
47
18
58
24
32
47
32
24
53
50
39
33
47
31
51
18
45
49
50
48
35
51
60
38
35
36
28
20
35
77
59
39
31
40
19
37
38
32
67
35
37
38
53
39
45
34
24
56
5
55
31
22
48
28
40
46
55
57
19
43
50
40
28
57
38
21
39
5
27
21
39
34
27
27
33
41
30
34
38
55
36
43
25
39
36
55
22
38
40
54
37
42
21
49
30
65
26
31
72
43
25
28
44
48
38
24
33
14
27
62
43
37
38
52
54
41
28
40
25
41
23
32
39
45
35
45
64
29
27
37
32
45
41
44
42
43
54
55
53
32
51
21
26
27
66
30
36
34
41
23
29
29
32
40
51
44
21
64
49
13
33
58
28
49
34
36
42
38
29
49
30
36
46
46
41
55
32
25
32
29
33
64
26
40
30
16
53
29
29
14
36
32
63
25
24
40
42
62
45
50
34
22
30
16
35
40
57
42
24
24
49
38
45
38
34
34
56
44
42
21
24
36
39
36
33
65
51
44
44
54
59
41
48
49
39
42
