27
36
60
37
52
32
34
29
32
34
55
28
31
20
33
31
32
32
50
38
51
35
23
35
27
34
38
39
31
31
29
38
52
27
34
51
29
48
30
31
33
39
51
40
36
39
34
33
44
33
38
37
27
32
19
23
37
24
38
29
50
40
30
29
28
35
43
36
32
34
20
31
33
35
34
48
48
27
35
31
45
37
29
36
32
45
36
39
38
29
36
35
31
47
33
37
30
41
32
36
57
39
42
33
47
37
33
33
67
59
62
24
33
47
43
55
34
38
34
29
33
42
32
64
34
60
43
27
36
42
38
53
31
32
30
32
36
22
34
34
44
25
53
52
39
36
33
29
31
24
36
29
48
35
31
39
36
37
54
32
38
39
33
65
39
32
35
36
36
32
41
28
31
45
47
35
32
38
56
32
39
31
38
34
33
36
33
27
37
54
51
58
35
58
31
30
36
41
34
32
40
40
30
33
32
25
29
46
54
63
64
29
39
28
36
31
51
33
50
61
34
45
34
65
35
37
24
38
39
41
35
40
33
29
38
31
30
38
40
38
43
28
36
34
37
30
59
37
32
36
35
51
34
23
56
31
39
27
30
34
28
41
39
33
36
48
35
30
29
35
30
34
31
38
38
34
32
29
41
31
38
29
53
33
68
50
36
29
47
31
40
34
40
27
32
63
39
51
53
33
30
29
48
28
63
28
36
29
50
50
33
34
31
41
35
41
37
27
34
34
27
28
33
43
29
33
29
63
36
48
39
32
28
32
36
75
26
28
37
65
40
32
32
28
33
34
35
29
37
27
32
30
32
37
29
28
34
19
35
28
35
43
39
25
59
31
37
31
30
58
63
52
57
35
24
70
30
34
29
23
29
43
55
34
34
40
32
22
32
35
37
29
39
56
34
57
31
41
37
30
36
36
36
65
40
50
44
38
40
30
39
32
41
37
33
37
44
29
31
59
32
33
34
54
52
61
32
35
35
60
46
24
28
27
56
58
34
72
31
49
24
34
64
35
32
31
38
58
30
51
29
34
41
26
40
57
38
38
42
51
28
40
31
34
41
57
26
33
36
41
36
37
54
34
30
34
42
36
32
31
37
45
30
42
33
38
41
39
34
32
37
34
37
28
33
32
33
29
32
33
