37
36
37
56
53
56
49
29
38
29
46
37
44
23
34
39
57
39
25
41
53
38
51
20
55
46
51
24
52
27
40
48
40
17
43
47
45
15
47
28
53
49
38
31
48
29
43
31
55
46
30
48
48
48
38
53
17
53
30
48
48
46
33
32
52
51
53
27
36
35
34
59
43
48
33
51
38
53
35
46
28
44
14
50
53
40
39
29
53
57
52
51
11
30
56
35
50
42
40
49
33
11
44
58
48
38
22
59
43
41
49
38
42
53
43
46
50
44
30
59
28
49
53
47
19
34
38
41
52
6
47
24
53
34
44
58
50
24
41
48
53
48
52
46
45
52
52
51
46
34
46
14
54
55
54
56
26
33
25
26
39
27
54
27
8
56
41
46
37
38
54
13
51
49
31
46
49
55
43
50
21
41
57
31
57
54
39
38
19
43
33
49
30
50
27
55
41
12
28
23
49
39
45
46
32
36
47
54
50
24
46
37
17
55
30
59
47
47
42
55
50
53
43
47
57
41
50
29
49
28
54
28
32
47
41
36
42
53
34
19
44
40
48
37
39
51
55
38
42
53
54
49
41
47
64
46
9
49
11
60
56
36
27
47
48
19
48
50
21
38
45
43
47
58
18
21
40
47
17
38
41
27
53
26
11
36
45
48
28
45
21
4
24
18
72
27
55
49
33
25
50
49
50
51
55
53
31
20
25
19
34
47
52
47
43
49
54
53
59
51
56
24
41
56
22
43
53
52
44
40
24
23
31
53
38
52
53
33
45
57
49
47
45
21
27
47
27
60
44
53
51
50
50
54
29
65
29
47
43
50
42
39
17
37
49
36
46
45
36
47
57
49
19
53
47
31
52
50
50
43
52
32
50
58
24
46
40
59
42
25
46
48
45
51
38
27
54
47
50
51
51
18
32
44
54
57
56
52
18
40
48
54
37
49
17
45
31
56
26
45
52
49
38
53
42
55
47
54
15
23
53
46
48
12
57
53
49
31
16
34
20
48
28
34
42
51
37
43
42
46
44
52
49
43
43
42
23
48
53
49
34
52
59
48
34
22
44
52
24
35
37
38
27
46
44
32
44
57
42
43
30
48
49
55
44
41
26
33
44
46
56
51
55
36
20
52
52
34
43
48
