27
64
33
45
38
40
38
35
66
51
30
35
59
30
24
38
62
59
34
51
65
36
68
48
41
68
61
44
56
50
43
56
32
54
52
46
26
65
53
48
59
60
37
31
49
59
57
30
54
42
55
27
49
19
32
52
17
19
66
58
63
41
32
46
54
33
38
22
16
54
43
49
53
53
50
55
49
55
48
50
52
55
69
49
45
78
27
34
61
63
57
40
53
41
44
43
44
75
44
46
40
42
59
50
64
21
62
56
51
32
45
49
47
49
56
42
54
23
58
49
57
52
57
57
25
48
60
42
34
51
57
49
55
40
42
49
42
33
50
56
28
35
46
22
23
12
56
18
48
49
36
53
54
20
36
51
57
38
50
54
43
41
36
46
56
47
59
45
52
28
38
34
55
18
25
52
35
43
49
54
50
37
44
42
50
54
34
26
50
29
35
28
62
47
41
40
51
34
63
46
33
39
40
62
68
43
35
21
21
26
31
26
81
48
58
62
27
52
52
57
54
53
26
32
57
64
52
56
31
56
42
35
57
47
40
57
43
58
42
19
47
55
42
62
47
47
42
54
54
47
38
48
37
47
50
34
53
56
34
36
54
42
55
48
61
60
34
51
17
46
47
56
58
65
26
50
44
52
53
46
51
37
30
51
55
47
39
49
31
54
38
70
30
31
25
54
55
48
59
26
59
58
35
52
53
48
70
42
43
48
43
61
31
35
24
51
45
48
27
26
60
53
63
47
32
47
26
39
41
43
45
31
44
46
43
41
40
65
46
56
49
51
44
49
55
49
53
57
62
51
36
34
40
41
23
37
19
59
50
59
46
52
58
60
59
63
71
29
50
44
23
36
37
69
64
48
36
38
67
46
28
36
57
59
45
46
46
32
48
54
62
54
57
43
44
57
48
38
55
49
11
54
54
62
47
53
51
44
51
51
47
45
36
43
41
52
29
43
55
45
63
67
58
37
46
33
38
65
38
38
54
39
57
20
59
27
63
61
29
28
47
34
52
64
55
48
65
40
46
24
38
39
71
37
50
59
41
60
32
50
33
52
44
46
37
41
63
49
52
59
43
45
47
57
76
60
63
43
56
46
56
43
40
51
43
18
44
67
54
55
53
63
25
17
27
35
49
42
32
37
