45
48
29
46
49
17
28
28
40
20
26
49
41
25
44
38
21
37
46
41
33
30
32
31
29
33
26
54
32
40
19
55
19
45
36
38
51
29
43
32
45
46
18
27
47
41
17
27
34
30
20
33
44
48
32
53
30
47
34
32
38
52
11
28
55
49
30
58
53
51
23
33
54
44
24
41
24
14
57
34
61
25
45
14
29
37
15
40
35
35
39
29
56
55
42
44
17
27
40
35
34
33
56
14
51
30
34
39
53
46
23
42
7
32
39
47
48
31
47
39
49
53
47
31
54
32
50
27
32
35
26
17
28
57
20
59
28
17
25
36
44
33
52
41
31
47
50
25
50
37
21
22
32
26
50
49
57
22
42
33
16
52
38
43
51
23
27
51
53
36
23
27
36
24
32
49
21
41
50
53
17
43
22
54
15
28
54
22
29
49
22
35
47
48
26
41
27
52
24
45
38
30
21
32
47
36
26
51
9
36
47
42
18
42
33
44
29
29
41
57
56
41
50
22
34
41
24
48
55
55
52
15
18
44
35
41
21
39
20
46
40
41
46
55
47
28
57
38
50
49
23
51
26
38
44
51
36
47
31
37
33
55
45
51
51
44
26
21
22
36
20
18
24
32
47
32
24
33
31
51
18
45
49
35
38
35
50
42
42
36
28
20
35
39
31
40
60
58
19
37
38
55
32
35
37
52
53
43
39
45
34
24
5
31
22
28
44
40
46
19
43
40
50
40
28
38
21
54
39
5
27
21
60
53
39
34
27
27
33
41
30
34
38
36
43
25
39
44
36
50
48
55
22
38
37
42
21
49
30
26
31
43
25
28
63
38
24
46
39
49
48
33
14
27
53
56
43
37
38
54
28
40
25
41
48
23
47
32
39
45
35
57
46
45
52
29
27
37
32
45
41
49
44
42
43
32
21
26
52
27
30
52
36
34
41
23
52
53
29
52
43
44
29
46
49
49
32
40
51
44
21
13
63
33
28
53
42
38
29
30
36
41
46
48
41
32
25
54
32
29
48
33
44
56
26
40
30
16
50
29
52
29
14
59
32
47
25
24
40
45
50
34
22
30
16
35
40
42
53
53
53
24
51
52
42
24
38
45
46
38
34
34
47
44
42
21
24
36
36
33
