27
40
33
49
45
38
35
30
48
35
30
24
38
34
41
32
26
42
50
19
17
19
41
32
22
16
49
50
45
41
44
21
32
47
23
25
34
60
33
28
35
22
23
48
12
18
47
20
36
50
38
34
18
45
47
37
48
47
51
49
42
50
34
50
28
33
40
21
26
31
26
26
32
31
35
47
38
34
36
42
34
17
50
26
39
47
31
40
30
25
26
35
31
35
24
48
27
26
26
36
40
41
48
23
37
19
50
52
44
36
44
37
28
49
36
54
45
32
48
54
38
11
36
43
33
52
38
20
29
28
47
34
24
42
39
32
33
50
44
37
43
58
18
44
25
17
27
55
35
49
50
49
42
32
49
53
37
37
30
5
45
24
46
37
50
28
47
25
54
44
33
54
41
14
23
30
41
38
46
37
51
51
50
41
26
53
31
50
18
38
22
19
48
26
60
49
19
48
41
37
50
33
44
42
52
47
23
53
47
48
33
30
24
28
37
39
46
48
52
36
41
33
33
32
28
25
41
20
46
38
29
25
49
22
52
39
27
37
42
55
52
21
41
52
45
48
47
31
35
35
28
30
50
36
25
50
20
44
22
45
47
52
29
24
30
21
36
18
37
28
47
44
34
26
35
26
43
52
21
45
33
42
22
46
19
32
16
42
51
37
56
38
49
27
36
24
44
44
54
55
47
17
55
45
12
57
39
46
14
36
44
39
39
40
53
49
52
36
35
50
37
19
22
57
32
46
51
25
39
34
36
47
42
25
24
59
59
19
36
47
59
35
48
40
39
52
28
23
37
36
31
37
43
16
39
53
57
37
14
21
38
43
57
44
49
55
52
24
50
24
20
47
26
41
47
31
50
26
23
52
45
41
40
54
39
21
34
39
51
49
49
51
29
57
54
46
37
24
28
53
45
44
27
60
42
53
39
42
32
50
50
43
36
49
59
49
28
24
41
33
55
50
47
27
46
37
39
47
29
33
29
26
44
24
32
15
29
43
29
46
34
44
50
34
54
49
27
41
26
53
37
54
42
30
24
47
13
28
24
36
28
33
31
35
31
35
29
32
32
50
48
49
51
38
54
50
29
22
28
29
31
51
49
56
17
38
45
36
28
47
47
32
51
46
39
45
21
52
51
51
