45
49
49
37
46
54
55
39
51
31
46
47
31
48
35
53
47
52
55
25
58
53
38
54
31
57
61
56
30
55
44
53
47
47
53
54
50
30
42
57
30
59
52
47
44
50
50
34
57
52
51
53
39
39
50
53
54
54
49
48
52
51
47
38
42
57
56
50
55
43
55
52
27
44
46
46
27
55
47
57
50
49
36
51
51
45
44
50
42
42
35
25
60
58
55
52
43
44
40
54
60
29
53
44
50
48
63
46
39
49
48
28
53
56
48
47
57
46
52
49
31
52
52
33
52
37
53
52
43
44
46
49
49
63
53
34
41
48
54
37
48
44
56
50
52
59
47
35
32
53
53
53
51
31
52
42
46
47
53
47
27
52
50
36
57
50
35
45
36
51
43
29
38
49
62
37
42
32
57
50
48
54
49
48
52
50
47
47
57
47
46
49
29
59
57
50
34
63
47
47
47
40
30
47
49
47
45
51
42
54
49
49
45
28
29
46
64
46
47
48
44
57
50
41
57
45
55
55
52
54
53
52
42
48
56
40
55
51
53
49
37
41
47
28
53
34
46
30
38
56
30
33
32
52
58
53
49
49
45
35
49
34
46
49
50
37
51
42
50
53
52
38
55
45
56
30
52
49
30
51
31
43
52
52
61
34
33
49
53
54
29
31
48
50
51
44
51
30
47
51
48
49
49
46
56
57
50
43
53
34
48
35
38
31
51
48
57
49
56
53
50
53
56
58
47
46
52
43
31
47
42
53
55
46
49
35
35
53
27
39
50
57
54
55
33
46
43
34
52
56
52
46
49
37
56
53
31
51
35
46
42
57
56
35
52
53
59
54
51
50
51
41
47
56
50
26
52
52
55
28
46
30
54
38
55
53
51
51
40
52
52
51
49
46
41
39
57
50
30
43
53
55
49
28
43
46
51
31
41
48
54
35
48
52
55
27
29
47
59
33
55
32
48
59
44
40
45
55
53
54
45
44
27
32
39
50
25
47
53
28
54
31
25
52
46
47
47
50
39
36
25
52
30
50
44
43
41
53
47
56
42
33
44
38
24
45
53
47
51
33
49
28
47
51
34
50
42
55
51
55
52
48
48
29
51
57
31
50
54
48
55
40
36
51
52
49
36
50
24
28
