54
46
39
72
67
31
45
31
35
42
61
55
36
25
47
43
58
44
59
48
57
38
52
31
30
52
49
30
42
47
30
56
50
55
35
65
57
66
37
68
47
46
47
51
47
56
43
44
44
42
34
47
30
52
68
39
39
63
38
60
43
32
41
27
27
74
36
57
45
58
35
40
40
52
49
43
25
29
60
55
28
47
51
31
59
47
33
58
53
50
39
47
37
50
48
34
51
37
60
77
59
67
35
38
56
55
48
55
57
32
57
55
40
31
54
65
27
36
35
72
44
48
62
36
52
41
64
43
54
55
53
51
66
64
49
58
49
34
36
49
29
46
55
38
64
53
36
63
42
62
57
32
49
56
29
39
65
51
44
34
44
54
59
41
48
49
40
39
42
51
50
30
63
51
28
46
49
29
48
52
44
61
62
54
40
56
37
59
33
48
28
45
34
51
52
30
25
35
60
47
66
37
60
64
49
48
30
33
32
35
42
42
51
43
59
44
50
52
34
37
60
42
38
47
52
46
53
30
30
31
34
49
33
41
48
45
29
31
54
30
61
57
34
60
49
35
54
58
57
56
51
42
68
49
47
38
52
41
63
31
47
60
62
55
31
56
31
35
56
35
34
52
61
42
54
50
74
67
53
27
55
59
39
47
55
59
45
53
33
41
38
43
34
55
37
31
43
53
50
41
41
65
50
37
35
49
50
42
52
35
28
50
55
50
53
39
28
46
41
55
26
53
46
28
45
44
30
34
38
38
30
61
38
38
63
40
52
29
30
76
36
56
51
65
64
28
48
31
43
61
66
50
35
37
53
60
55
27
29
33
32
56
50
61
36
40
57
35
27
58
56
32
39
25
62
28
56
49
48
46
40
60
59
62
24
31
56
25
47
39
40
47
36
57
49
50
60
59
47
65
58
25
47
30
29
49
41
38
33
49
63
35
39
45
51
54
58
54
61
64
62
61
38
24
64
33
35
70
67
45
28
27
72
52
34
46
68
49
29
31
46
48
45
35
51
40
62
36
53
50
68
36
35
50
42
24
57
59
62
48
59
49
55
28
43
35
59
54
37
64
49
33
38
64
52
38
35
57
51
56
54
55
43
48
62
51
40
52
40
52
60
40
60
39
61
33
48
50
55
49
