40
39
49
31
48
50
50
45
31
35
25
38
60
48
47
45
47
31
48
30
30
47
42
30
51
44
34
49
39
50
39
47
38
43
40
27
48
52
44
27
49
36
45
54
35
25
29
28
52
31
33
42
50
58
55
37
50
34
49
49
53
46
37
35
50
44
32
31
54
38
51
50
27
36
35
36
53
50
48
60
43
29
38
49
32
29
52
34
47
40
30
53
28
47
46
46
49
52
29
40
52
50
37
50
28
34
45
47
52
47
45
30
30
33
32
35
34
42
46
37
51
49
44
38
30
30
44
31
54
34
33
47
55
57
39
29
31
30
53
49
34
52
57
59
48
52
35
53
38
31
31
35
35
27
57
57
55
52
39
33
50
47
43
34
37
47
31
50
35
42
52
45
51
35
41
51
26
57
54
28
46
30
38
53
40
45
30
60
28
31
53
50
49
59
49
35
55
27
50
29
46
33
46
50
32
54
40
27
32
39
25
28
31
25
47
39
36
53
25
30
54
47
50
48
49
41
33
38
51
24
51
33
28
49
56
34
29
31
47
47
51
40
36
45
52
51
36
24
51
28
51
36
32
38
43
51
48
44
43
50
45
31
56
30
34
55
37
48
53
31
52
50
33
50
31
63
42
47
35
42
44
31
35
41
48
35
39
53
38
45
26
54
45
57
41
38
53
31
48
37
40
32
37
36
29
38
31
36
47
46
49
50
29
48
36
54
61
61
26
33
34
29
27
39
51
36
49
25
58
39
52
24
43
28
38
31
38
46
45
35
34
45
31
41
35
24
36
31
39
31
42
44
35
27
35
39
59
27
46
31
37
46
52
54
28
29
35
55
50
55
56
30
51
27
30
47
25
52
47
48
35
42
39
50
31
36
48
49
57
45
35
51
34
47
46
49
53
30
33
37
34
48
31
48
32
30
24
49
46
32
38
43
54
52
35
37
30
50
28
41
34
55
47
53
42
52
55
50
51
50
24
48
49
51
45
48
31
31
31
45
53
59
30
31
47
60
47
31
19
19
43
50
53
55
51
28
45
31
52
33
27
36
57
35
54
55
38
58
55
39
30
31
55
31
38
31
41
37
35
35
27
33
45
30
50
47
33
50
55
37
22
39
28
48
49
49
50
56
49
51
