50
59
36
31
38
39
49
32
35
27
43
41
56
37
41
37
32
36
40
29
15
48
36
40
27
31
48
33
49
34
41
41
28
26
34
36
23
26
56
54
41
38
31
31
38
52
54
32
25
50
47
45
31
39
20
44
48
31
43
54
37
28
45
50
30
29
27
20
39
47
43
37
49
45
49
33
28
43
26
43
31
50
35
27
29
56
44
34
26
31
29
27
20
54
53
59
17
58
52
23
41
53
45
26
55
45
13
48
25
50
30
56
32
56
57
38
31
37
22
55
46
37
19
45
21
48
19
52
54
43
35
56
35
48
38
50
49
26
24
56
35
38
32
15
37
55
38
48
42
31
20
48
39
53
45
29
51
54
39
40
54
59
34
42
37
37
37
31
40
36
33
35
55
26
44
34
32
43
53
36
20
27
22
53
9
29
31
40
35
39
37
28
34
24
34
50
54
29
55
40
27
25
33
34
27
36
17
26
45
33
52
48
39
22
49
38
22
47
26
27
47
33
35
26
31
57
34
35
31
43
54
46
31
45
35
35
51
17
32
38
33
32
35
46
55
47
48
41
55
42
59
31
21
55
53
62
49
26
46
7
32
36
23
23
44
27
53
24
54
45
38
21
49
12
42
24
27
33
50
28
32
44
22
35
32
47
42
27
39
46
25
43
35
32
36
23
32
36
36
41
51
41
36
37
33
47
45
26
42
28
30
27
59
18
28
47
18
30
17
25
42
20
53
44
48
42
31
46
49
51
42
33
20
22
60
32
46
25
46
48
48
20
44
18
50
48
49
47
30
57
42
25
25
40
46
14
49
34
28
35
42
28
46
17
52
42
41
33
58
37
46
49
52
52
31
46
48
26
20
47
46
27
34
53
45
27
58
26
40
55
46
44
19
30
27
28
57
12
31
45
24
35
30
31
45
55
27
49
48
29
46
34
56
58
49
41
26
31
38
40
35
52
25
46
30
29
11
33
25
33
34
48
49
19
40
32
47
46
35
31
36
47
59
54
21
22
53
30
51
37
14
22
54
42
43
18
35
32
32
55
25
25
27
30
36
14
21
47
26
21
31
45
32
26
42
25
33
20
32
54
40
46
31
39
16
30
41
35
32
25
46
17
55
29
30
39
38
33
32
14
