43
51
42
53
38
45
48
59
32
43
26
55
44
36
55
48
45
50
55
42
45
58
47
63
50
48
56
64
54
48
53
55
55
43
41
53
52
53
41
56
48
51
53
39
53
47
50
62
64
59
24
19
31
25
31
19
35
23
21
36
21
33
32
43
28
34
38
16
30
47
26
37
26
17
37
29
30
39
47
20
34
37
17
30
28
35
31
31
33
36
29
36
30
22
36
22
36
24
29
44
61
44
53
54
47
49
48
57
30
60
49
45
38
55
56
38
58
46
63
56
52
49
58
47
43
66
52
58
50
47
42
38
56
62
51
55
41
58
41
61
52
50
40
45
50
41
39
54
55
52
31
34
38
45
35
31
34
32
32
44
27
24
51
51
25
31
41
35
41
31
42
38
30
34
31
33
28
40
30
31
32
28
39
38
22
63
39
38
34
35
32
43
36
34
24
33
38
48
30
35
40
56
41
59
58
45
47
51
42
51
48
63
42
49
64
52
50
54
36
60
34
53
43
50
50
49
39
60
53
47
59
57
51
49
49
54
52
48
62
57
52
44
41
28
59
57
51
54
39
50
39
34
35
25
50
37
37
41
31
32
44
35
37
37
29
34
20
26
27
30
30
39
35
30
37
29
32
44
26
12
30
20
35
28
40
20
31
43
45
39
37
29
39
35
37
41
41
32
29
39
45
51
44
48
47
54
51
38
56
60
58
59
47
59
44
52
63
42
56
47
37
47
49
50
48
54
49
43
46
44
47
49
38
47
48
52
62
45
45
51
47
56
54
55
41
62
50
62
60
46
40
44
38
38
31
38
28
37
34
30
28
24
35
14
47
21
32
34
32
39
39
37
29
31
37
35
32
45
54
26
34
15
44
27
22
26
27
35
38
29
43
42
26
45
50
47
41
35
18
34
47
46
53
43
52
42
50
47
50
58
41
65
41
68
45
53
43
55
58
45
36
56
52
52
47
30
56
27
65
47
53
51
36
41
58
45
52
46
58
48
60
45
47
50
49
55
41
50
55
51
44
34
28
51
28
7
42
33
29
42
29
23
31
31
55
47
19
11
34
24
25
30
23
24
42
39
35
40
34
30
39
40
30
34
35
33
33
31
37
28
31
36
37
34
45
35
47
11
30
31
