46
65
42
46
46
38
50
46
54
45
50
47
54
54
48
51
57
56
62
63
59
47
38
51
49
44
55
55
46
50
50
47
60
56
55
61
59
54
47
45
49
39
50
44
67
52
59
49
49
44
28
44
22
35
41
27
21
26
6
47
26
18
39
15
40
30
23
41
49
24
16
33
46
34
42
44
37
35
26
28
33
17
34
40
45
43
33
38
39
34
35
15
49
59
35
26
33
50
28
29
49
46
52
52
58
60
49
52
63
40
54
48
51
51
44
43
48
41
42
39
52
47
39
62
32
48
49
43
39
37
57
49
40
64
54
56
67
55
56
64
48
49
55
54
46
47
44
46
72
52
44
31
30
23
31
36
39
34
23
35
38
34
34
36
33
26
21
41
33
29
36
29
33
35
35
31
37
26
40
38
18
36
38
35
14
30
41
37
36
17
32
35
35
35
29
32
38
39
40
40
47
40
52
37
49
64
61
50
59
51
48
46
48
50
52
46
51
52
55
52
46
53
77
55
48
47
55
53
44
43
46
57
49
47
58
45
59
49
51
58
42
51
51
46
52
60
40
54
45
54
39
27
25
26
33
35
32
26
37
25
31
31
32
31
28
35
24
35
38
34
27
27
24
29
28
61
41
37
11
24
35
33
28
39
34
32
46
28
39
37
24
13
5
41
29
27
38
28
39
38
63
50
39
48
47
46
54
52
53
42
47
52
53
41
34
53
52
47
45
64
47
50
44
54
44
48
53
56
51
59
47
61
50
46
49
55
47
49
57
48
55
53
30
58
57
43
48
55
55
45
28
19
26
34
27
30
21
30
31
31
22
34
37
27
23
22
24
27
42
29
37
35
25
29
25
31
41
42
29
30
41
29
39
38
35
21
33
39
41
35
28
35
39
27
27
32
49
30
36
28
48
50
53
47
62
49
57
47
58
53
42
50
57
61
41
44
46
38
42
52
42
52
51
43
58
53
40
53
43
58
53
52
46
49
32
56
56
53
42
46
59
47
45
58
62
53
55
56
37
53
38
33
28
40
33
30
32
44
32
31
26
37
31
31
32
36
23
26
36
27
35
38
53
29
31
39
37
22
29
39
28
43
50
18
24
35
17
32
34
42
20
22
30
38
27
31
39
34
31
35
