49
55
51
50
61
43
48
49
45
60
60
55
49
48
49
50
50
42
43
50
54
44
50
52
52
65
37
52
47
50
52
25
45
55
58
51
42
42
49
43
48
58
58
46
26
52
49
56
52
49
33
31
47
39
33
18
34
44
35
33
55
33
17
28
40
34
40
30
30
30
38
33
30
34
32
18
23
33
23
34
62
37
33
59
51
26
34
24
37
43
31
25
35
35
33
42
53
43
50
42
45
71
42
52
48
43
46
51
52
48
69
40
49
53
46
51
51
55
36
30
42
55
43
53
57
50
46
48
56
51
60
39
44
43
75
53
59
44
49
47
56
19
43
59
46
65
65
46
61
42
33
29
41
32
36
41
36
28
30
23
25
25
38
41
33
30
27
30
38
33
27
39
35
59
31
38
39
36
32
26
34
47
38
34
35
34
37
38
32
31
20
36
39
40
32
55
35
33
26
31
43
49
50
46
54
47
55
59
54
49
57
30
50
41
40
42
50
55
48
37
45
37
41
61
51
42
39
74
49
46
59
48
45
53
66
47
29
51
60
48
48
48
49
52
68
46
57
46
57
60
30
42
34
18
32
24
45
28
38
14
26
36
50
30
27
38
40
40
34
27
38
44
28
22
29
34
28
30
29
43
14
31
36
27
34
40
35
38
37
24
31
27
36
29
27
34
20
12
44
26
62
51
53
44
62
51
60
38
52
56
52
40
54
51
63
52
47
55
61
53
56
47
53
53
38
51
52
57
58
49
70
60
41
39
67
41
49
51
35
51
44
52
57
53
41
49
51
41
56
49
39
26
35
35
27
26
30
51
34
27
31
29
33
33
43
33
29
40
36
34
35
35
17
29
35
44
30
27
35
32
35
36
44
31
29
39
37
48
41
30
38
29
43
14
42
34
34
27
29
28
52
62
59
62
57
41
45
54
45
51
65
51
44
48
61
37
65
46
71
55
52
49
45
55
47
62
41
50
43
53
34
32
50
55
47
46
49
62
16
35
38
55
47
50
46
61
57
55
51
65
31
29
35
50
48
15
33
32
30
25
59
39
38
25
38
28
50
33
37
45
35
10
28
35
35
43
46
30
34
49
39
19
42
31
30
42
32
15
31
16
45
31
18
26
25
36
30
23
25
20
