50
48
48
54
55
56
40
43
67
47
46
50
61
55
62
48
53
39
44
53
50
55
43
45
56
68
59
52
39
44
55
44
47
32
55
62
52
57
50
44
58
45
54
51
46
49
57
41
50
40
28
37
50
32
23
37
36
37
30
36
38
34
27
8
40
40
44
31
45
45
45
22
47
15
49
34
25
41
39
33
30
31
37
51
48
37
26
28
33
31
39
29
29
39
35
29
33
35
28
43
48
45
48
57
65
58
57
49
37
51
30
45
55
56
37
57
47
49
43
54
51
32
53
59
58
48
60
58
53
55
48
55
47
47
53
45
44
45
50
45
51
52
57
35
32
42
48
43
50
45
36
31
42
21
34
41
38
40
32
37
44
39
29
34
39
20
32
32
46
43
34
30
24
32
41
32
32
39
38
33
37
46
18
30
29
41
45
30
33
35
36
37
25
25
25
40
29
39
31
38
50
68
45
52
50
55
41
49
47
49
48
46
59
65
35
70
63
39
49
53
47
28
61
65
31
54
53
42
58
38
55
51
44
54
49
56
59
48
54
53
50
48
50
62
57
59
57
44
43
59
35
26
28
39
42
31
38
21
35
42
29
50
46
24
41
32
33
22
30
35
38
29
39
34
20
36
38
21
40
39
31
29
34
27
30
38
5
56
29
35
23
31
38
33
28
19
20
35
24
36
62
52
50
47
52
49
60
62
45
55
51
32
53
62
33
37
69
45
43
54
63
53
65
49
62
57
55
58
55
43
49
50
49
52
58
41
42
55
46
60
63
51
47
71
53
60
45
50
36
73
29
39
28
38
45
27
39
35
38
26
28
36
32
28
31
34
25
30
29
28
39
6
27
31
40
43
32
31
33
29
39
44
35
40
31
39
33
26
26
31
38
25
41
35
42
33
37
30
44
27
48
45
49
55
58
47
49
50
49
55
44
49
36
69
43
36
16
51
60
44
50
49
45
59
52
47
36
55
42
62
46
38
57
57
62
57
47
53
55
51
56
46
40
57
58
54
41
52
42
50
28
26
34
28
27
20
37
27
32
49
29
29
33
29
29
39
37
30
14
5
36
27
41
42
28
43
54
27
37
27
30
36
37
36
27
35
37
31
31
30
44
41
18
50
25
23
40
55
34
29
