46
65
52
49
50
57
48
55
56
54
62
56
46
39
60
52
35
65
67
49
38
53
47
55
55
59
53
58
50
59
42
57
35
48
49
51
43
55
65
45
55
58
34
56
53
52
49
55
57
50
30
30
41
14
29
18
40
48
35
32
39
22
34
23
34
28
29
26
38
28
30
35
28
35
37
30
35
48
28
34
33
41
35
33
31
19
34
35
50
38
28
34
28
33
37
30
27
40
41
17
68
46
59
44
54
58
55
43
39
56
59
52
41
40
50
44
58
46
43
47
42
55
51
56
55
65
54
39
41
58
61
54
57
60
43
73
49
43
47
40
38
36
55
49
43
48
51
41
56
53
39
30
46
32
39
33
39
23
31
21
36
32
17
27
25
50
39
43
41
31
19
40
34
31
36
36
18
34
26
36
37
35
37
40
35
29
41
24
59
42
34
31
41
34
25
28
29
30
45
36
53
54
50
57
46
51
54
48
54
34
56
53
51
35
51
46
62
47
50
51
52
44
54
36
50
38
53
52
41
57
43
47
45
45
56
46
52
58
48
57
55
47
53
54
63
54
55
37
51
52
29
23
23
38
34
29
26
27
38
31
31
20
24
37
20
36
30
31
30
37
22
14
41
34
32
50
43
31
32
27
33
32
42
13
12
49
33
32
34
23
28
55
32
23
29
39
41
34
48
30
59
55
51
54
43
58
54
44
38
47
49
35
62
53
53
55
49
36
67
52
46
47
46
50
52
48
48
53
68
47
71
49
53
44
48
57
54
49
41
57
50
49
52
40
68
50
45
55
57
44
32
35
32
42
28
27
31
45
33
53
28
35
48
35
47
26
34
30
37
46
30
34
39
41
39
28
39
42
44
40
30
37
50
30
24
16
29
43
28
34
38
28
35
12
36
30
30
31
45
28
58
50
43
42
39
54
40
44
48
50
55
70
47
45
62
45
55
46
66
57
49
56
40
58
53
47
54
38
53
41
48
34
48
48
54
48
57
52
54
46
60
55
48
57
49
49
50
54
53
51
25
39
29
27
40
41
30
33
21
31
36
29
28
38
29
29
34
26
34
22
41
47
38
40
30
33
34
43
32
40
14
35
42
30
31
34
30
42
43
19
36
57
34
16
29
39
28
28
20
39
