52
49
41
50
49
45
54
59
47
45
53
49
54
44
34
52
48
51
59
48
49
68
49
48
42
37
57
50
59
55
48
57
50
46
46
52
46
63
51
55
54
51
49
62
51
60
50
54
54
48
32
43
29
18
30
36
23
18
31
30
48
34
32
35
41
35
45
44
39
39
20
29
25
35
36
38
37
24
33
30
37
27
31
37
42
40
28
36
35
29
33
29
32
41
22
31
34
47
23
38
50
57
50
42
46
45
52
48
52
50
64
57
49
43
48
54
60
66
54
65
29
51
45
40
46
49
58
56
53
35
44
49
55
39
35
56
66
56
47
47
47
44
50
53
26
43
57
49
47
40
29
39
34
32
34
36
31
32
26
20
32
33
33
37
33
42
34
33
22
19
17
12
28
27
25
30
38
35
38
32
33
34
38
39
29
37
30
29
38
45
34
39
37
35
26
35
33
33
45
31
47
56
47
51
59
49
51
52
50
38
47
46
35
64
50
50
51
57
50
50
36
50
61
50
52
49
47
50
51
51
48
51
42
63
50
60
56
47
48
50
45
62
54
37
42
53
53
49
38
49
38
34
33
49
41
48
34
31
36
26
5
35
36
32
30
35
36
29
19
29
31
22
23
30
34
31
41
26
32
24
32
32
23
37
42
21
31
36
35
41
27
29
48
50
35
28
34
38
38
17
41
46
50
54
45
49
62
47
48
56
52
41
46
33
47
43
36
46
52
62
57
56
45
53
50
55
47
51
47
49
43
51
48
48
49
44
41
57
46
30
38
47
47
46
53
53
54
51
43
51
28
46
36
37
25
29
33
13
31
22
33
31
29
47
31
31
29
28
38
29
28
45
37
36
27
37
29
45
31
25
30
43
45
20
36
33
31
39
25
38
37
34
43
48
30
27
30
42
42
33
47
57
50
64
44
50
45
52
65
42
58
50
62
47
65
42
53
65
43
41
49
52
31
25
43
44
54
57
43
57
45
59
47
41
46
51
56
48
31
50
47
56
47
39
50
52
46
44
65
55
30
37
36
34
40
35
34
33
32
20
38
33
30
33
33
35
37
28
38
33
23
31
30
36
32
35
14
34
35
36
33
24
37
35
29
39
40
38
36
35
39
35
61
36
41
32
33
29
34
34
