53
52
45
32
52
60
52
53
38
49
45
54
47
45
67
65
59
62
53
47
48
59
47
65
40
71
59
66
78
49
51
54
52
40
50
49
48
51
53
63
47
50
66
54
46
44
54
54
50
49
35
40
36
30
36
36
30
34
34
27
27
41
30
31
35
28
34
39
28
28
31
33
32
45
31
36
25
34
34
37
31
32
32
28
35
29
37
34
35
28
33
21
22
34
46
31
36
20
28
37
48
66
51
44
56
47
54
63
56
49
54
50
47
54
43
52
56
49
41
58
49
67
52
51
45
42
64
46
44
55
49
45
50
51
41
50
60
63
48
46
48
46
57
57
45
66
52
55
42
44
39
40
30
28
31
33
27
34
27
39
34
56
24
42
15
36
36
33
25
29
36
31
22
31
25
35
50
37
46
48
35
37
40
28
29
28
40
39
30
26
39
43
27
34
32
31
36
46
28
24
48
36
57
58
71
47
52
48
54
47
47
54
59
40
69
51
39
51
47
48
59
48
42
43
52
60
51
45
47
53
56
50
52
41
52
57
44
44
54
58
55
52
60
37
47
43
38
53
24
47
36
32
36
54
37
37
36
49
33
38
17
29
42
27
33
33
35
34
32
34
38
34
30
33
33
46
31
33
22
28
37
31
31
35
29
24
43
30
37
25
36
28
34
39
41
21
22
25
20
39
45
25
43
39
56
57
36
42
58
38
48
42
57
69
41
47
49
40
56
44
45
68
54
50
51
52
48
53
57
43
57
50
45
44
54
45
45
51
41
48
55
50
62
41
48
50
58
59
67
22
42
39
48
36
35
37
29
29
28
37
48
40
55
37
28
17
23
42
34
46
35
15
42
32
36
36
31
21
20
29
29
30
27
22
25
33
39
23
34
39
29
40
55
36
22
17
25
35
28
42
48
54
65
35
58
55
47
49
57
48
40
50
43
50
41
49
49
42
46
66
53
73
50
46
62
49
52
32
62
55
45
53
54
44
53
37
59
46
52
55
47
72
49
49
60
47
45
36
48
49
28
30
20
28
36
50
30
50
30
24
35
24
36
33
38
28
33
32
25
31
36
38
33
26
45
32
30
37
39
48
36
26
23
20
30
30
27
21
33
29
37
31
34
36
29
22
43
34
29
29
