44
71
56
54
50
52
55
45
55
46
55
60
51
41
62
45
57
62
43
66
44
68
38
54
60
53
55
52
50
42
59
47
62
37
51
42
63
51
50
53
38
43
45
59
54
66
34
53
39
61
22
30
26
43
26
37
37
46
41
33
40
30
32
35
32
32
33
36
16
27
31
28
35
34
28
29
30
34
35
31
35
24
32
31
36
36
36
45
36
31
31
18
27
20
43
23
35
26
29
29
51
37
43
39
56
54
55
54
53
64
49
57
48
42
41
45
52
51
36
51
32
41
58
49
42
52
52
48
32
41
52
52
44
53
62
50
51
48
51
51
56
53
36
41
45
63
55
38
26
52
33
21
38
38
35
22
32
41
34
39
31
39
28
45
41
50
33
27
40
34
40
37
25
26
30
38
32
37
19
35
32
27
22
32
36
36
29
34
40
35
45
44
21
31
33
35
34
31
29
24
49
44
47
58
51
49
55
51
38
55
59
59
53
59
55
46
46
35
71
47
48
60
51
48
42
40
53
53
28
58
43
71
47
45
33
46
47
49
52
45
57
29
48
55
57
44
43
53
36
60
31
32
35
36
27
32
34
25
29
34
34
49
32
44
24
26
32
31
30
43
28
33
36
29
31
34
33
38
26
31
20
39
28
39
37
30
27
50
36
40
41
22
31
37
39
33
31
30
40
46
54
48
48
50
56
56
58
45
51
64
47
47
49
55
51
61
47
47
51
38
56
51
50
39
49
54
52
61
63
64
49
39
58
52
48
50
51
51
43
52
34
38
53
57
48
40
47
51
48
45
38
29
41
42
30
30
27
40
29
34
34
33
32
36
24
36
31
38
37
48
39
39
34
19
49
31
30
37
40
13
34
31
21
30
27
38
32
26
36
35
25
32
31
32
26
30
23
24
53
35
54
48
43
50
49
52
41
37
42
50
44
60
59
62
42
41
48
63
47
50
57
56
63
53
32
41
55
51
41
42
44
55
54
72
42
52
45
53
43
65
55
54
59
56
50
43
55
36
43
50
35
35
33
14
32
32
38
31
30
38
37
27
35
43
36
23
25
31
33
37
47
39
29
25
35
27
50
33
44
31
38
38
42
41
32
35
35
35
38
32
36
25
34
24
32
29
30
27
44
24
