56
53
50
47
49
52
50
54
37
52
43
49
54
56
43
39
47
47
54
37
72
35
46
16
50
34
49
70
81
43
56
43
51
58
61
53
48
48
42
47
52
60
46
65
55
45
50
47
48
50
37
33
37
38
23
39
26
34
43
25
31
23
30
24
38
33
30
41
30
32
49
29
25
32
37
31
37
36
36
25
37
46
33
34
32
31
36
24
31
36
32
26
40
35
37
28
32
29
40
33
50
39
31
51
47
38
59
62
78
30
48
45
64
57
44
52
48
49
55
52
32
40
38
58
74
51
49
52
50
47
44
47
29
52
40
40
60
50
51
41
57
43
59
41
49
48
42
58
60
38
34
41
35
15
36
33
42
28
38
32
15
44
35
30
35
43
33
35
30
19
37
29
40
26
38
24
49
30
12
39
31
41
29
31
32
36
36
51
45
25
38
31
24
36
35
45
35
48
36
24
49
53
48
54
55
56
38
57
44
50
47
53
48
54
64
43
38
28
52
48
35
42
48
40
50
45
57
64
49
54
42
29
45
47
47
52
63
29
49
55
58
57
47
42
53
55
51
46
56
49
47
50
42
34
38
39
36
29
17
19
32
27
28
31
31
28
36
36
34
18
36
41
35
24
31
26
29
42
28
36
29
33
38
24
27
31
54
41
34
23
24
38
25
30
35
28
41
23
32
50
50
52
58
56
43
77
56
41
51
62
41
52
47
49
42
42
60
55
51
44
34
44
47
47
51
69
68
57
57
43
30
54
38
43
36
49
37
44
54
45
41
53
53
44
50
56
47
46
50
59
28
41
22
39
22
33
35
39
29
25
24
30
18
30
32
35
33
31
27
33
35
38
37
36
34
39
34
35
29
28
32
29
30
31
19
22
47
16
45
39
35
36
42
19
39
59
34
34
30
42
49
52
64
53
51
37
57
57
44
52
41
51
38
54
47
46
54
48
51
37
43
49
62
58
62
52
38
39
58
41
59
47
45
46
49
55
58
50
48
35
54
48
62
39
64
47
44
49
52
23
34
29
33
35
37
23
27
34
10
9
34
47
34
57
39
40
11
32
36
27
38
42
36
45
47
25
30
36
56
29
32
43
16
30
28
28
31
46
42
20
41
43
15
27
44
33
48
30
36
32
