65
51
53
49
55
56
49
57
50
55
56
40
49
42
51
50
34
50
52
51
42
53
27
50
52
53
38
57
52
57
55
53
57
44
38
57
43
43
47
47
59
48
57
57
56
55
46
53
46
51
41
30
33
19
30
33
37
37
40
30
32
48
27
32
31
25
26
33
32
31
35
16
25
25
31
41
29
26
37
26
32
32
31
29
29
51
45
32
24
40
25
32
35
29
30
35
41
39
22
39
35
46
51
51
57
50
48
55
60
51
54
45
22
50
32
44
38
42
43
48
68
61
48
51
56
56
56
59
64
48
48
51
47
49
45
34
49
78
58
47
43
45
47
53
53
51
47
56
59
49
57
34
48
32
25
29
36
39
32
28
28
19
32
24
19
30
29
29
23
35
27
41
17
27
16
37
22
42
38
28
34
39
19
38
14
29
30
27
27
33
34
26
43
41
29
34
22
37
36
28
49
66
60
49
50
41
48
52
72
63
52
57
50
46
48
45
53
45
51
56
52
43
63
63
40
47
74
53
47
36
55
42
43
49
48
56
44
60
55
50
52
47
42
51
43
53
50
54
49
31
31
35
33
29
31
33
28
38
38
37
46
38
30
27
29
30
28
59
15
34
52
28
38
37
24
30
32
45
32
25
25
30
30
32
37
31
43
34
38
36
39
38
27
28
23
36
27
33
24
34
49
56
56
51
60
49
60
60
49
29
43
45
48
48
59
43
41
48
62
54
48
55
40
46
37
65
46
42
44
45
47
48
53
42
55
55
42
49
45
43
57
31
45
52
42
45
52
51
45
60
33
42
31
28
39
48
34
23
40
29
38
38
34
46
31
38
37
31
47
42
28
32
29
14
35
34
32
36
30
49
41
38
36
30
31
49
16
35
49
36
30
31
20
30
46
49
19
34
36
39
32
45
63
54
55
60
55
78
57
48
48
44
49
47
65
48
52
51
49
52
61
51
52
47
51
56
44
54
54
50
77
59
55
69
56
40
27
46
56
48
50
48
55
56
54
53
52
40
36
51
32
29
31
18
32
29
38
33
36
52
40
33
38
37
45
39
15
24
31
33
30
30
39
33
25
24
20
19
24
20
27
20
36
24
28
20
33
29
34
32
30
35
34
36
20
31
22
28
31
26
