53
59
53
53
44
58
50
66
53
70
59
60
42
49
64
42
54
51
42
59
53
49
46
42
57
51
42
54
57
58
53
38
57
54
38
53
50
49
51
44
67
47
55
48
25
41
68
71
34
54
29
32
33
41
39
36
31
5
40
30
34
32
38
33
42
27
32
32
37
33
18
45
35
38
43
23
43
26
32
25
24
24
33
44
39
43
24
30
21
32
31
48
28
32
38
31
21
38
22
28
28
72
50
51
40
51
46
52
30
59
41
57
48
41
54
44
35
57
55
46
51
54
55
46
52
44
59
53
60
52
53
66
64
39
67
47
54
64
55
46
59
53
58
74
46
44
47
47
53
57
34
33
38
36
27
27
33
33
26
40
25
33
42
30
50
35
28
12
44
29
39
39
39
35
31
41
25
37
32
30
32
39
52
37
33
28
20
28
24
41
34
36
35
44
46
31
20
38
32
37
46
58
42
55
44
29
65
30
48
39
62
52
45
53
57
50
44
55
56
52
57
48
49
46
42
47
39
38
49
44
56
53
53
48
40
56
48
53
57
49
47
50
61
50
60
55
50
47
38
30
33
37
38
33
34
16
25
37
31
55
37
42
24
27
30
37
24
14
35
36
24
21
26
34
31
54
29
32
47
35
30
44
35
38
33
35
32
35
32
45
33
36
28
33
26
32
38
25
40
20
58
47
51
50
52
50
65
55
61
57
56
48
59
52
44
45
57
57
40
46
45
70
43
73
42
53
47
47
54
53
49
49
47
48
53
47
48
47
50
59
56
61
51
51
47
52
47
39
45
44
41
22
24
32
42
36
16
41
38
44
30
33
14
43
36
30
32
27
28
27
33
31
22
39
38
30
35
15
33
43
28
34
11
36
41
51
34
43
24
31
32
27
36
27
42
36
37
32
27
48
53
50
52
52
39
50
51
62
55
48
54
45
55
58
42
54
52
53
40
43
56
50
56
46
52
50
40
47
55
44
53
57
52
55
51
50
48
40
48
54
37
44
61
62
56
57
69
53
63
46
57
32
39
34
39
41
28
49
34
13
48
47
40
32
29
41
36
25
42
30
13
30
37
37
43
33
31
32
20
24
34
37
28
34
34
29
36
26
26
28
18
25
24
36
36
31
38
45
34
32
