42
57
51
53
49
61
39
50
47
56
49
46
53
49
37
32
43
54
54
53
59
25
48
48
56
52
45
43
59
53
51
54
51
53
47
44
49
39
48
49
53
43
39
52
47
49
57
52
44
50
32
39
37
8
30
37
30
34
41
42
27
35
34
25
21
26
28
34
35
34
35
35
45
34
32
25
38
34
37
44
34
35
39
29
19
20
45
27
42
34
26
44
31
26
32
38
31
28
23
35
46
53
48
57
53
52
49
58
43
57
56
41
52
38
49
43
45
46
55
44
48
41
38
47
45
52
56
39
61
54
51
54
53
50
43
52
45
52
62
59
42
47
55
40
28
60
61
56
53
45
31
43
29
31
32
25
35
35
27
29
35
31
31
38
34
27
29
28
38
36
30
32
21
20
33
29
29
42
29
31
32
20
36
46
39
39
30
32
31
47
29
33
27
36
39
31
46
22
29
44
49
50
61
46
56
46
48
57
44
52
52
50
49
51
47
50
49
59
56
42
44
54
41
52
61
62
44
42
43
55
50
47
57
48
45
58
54
22
55
54
50
50
57
50
44
46
46
51
38
56
31
35
35
36
38
8
28
23
43
40
34
40
41
38
39
42
30
29
27
56
38
32
46
31
41
30
41
36
32
28
31
21
40
46
28
49
39
28
43
14
34
34
33
39
36
30
25
38
31
30
23
49
56
51
47
48
46
45
48
42
50
50
44
41
55
48
45
52
47
52
48
47
48
57
66
43
58
46
54
50
49
49
49
59
54
52
60
59
36
63
49
57
53
41
50
65
64
48
56
51
41
41
32
36
21
31
29
28
30
41
33
14
31
37
36
25
33
32
33
32
33
31
43
30
46
22
40
45
19
33
38
22
33
36
29
28
32
26
34
31
51
52
36
34
36
38
38
36
38
33
52
40
56
52
52
56
43
49
44
47
42
53
55
53
62
57
53
60
44
48
71
54
60
59
48
52
56
49
41
44
47
55
53
43
49
48
49
40
52
58
55
42
44
43
56
51
42
44
66
52
31
20
8
33
25
43
39
42
18
25
28
36
27
19
30
30
29
25
29
32
32
33
32
29
35
46
41
37
35
39
34
44
47
41
37
30
33
35
40
34
31
23
48
34
35
31
36
31
33
44
