54
42
47
53
50
46
43
51
51
53
38
52
46
50
55
48
58
45
47
36
40
45
39
41
51
59
56
47
48
57
42
56
48
50
41
56
48
50
43
53
55
68
49
58
47
54
59
57
64
46
38
13
36
18
42
40
36
17
49
39
22
39
14
24
31
17
29
16
41
37
42
30
32
38
32
29
28
46
24
37
27
34
20
32
36
34
47
30
37
44
34
45
33
38
37
29
32
32
29
30
52
50
48
55
42
54
52
61
50
51
49
55
48
48
53
69
47
63
61
45
46
62
51
46
50
37
72
48
47
43
51
57
60
57
46
43
55
51
47
49
50
57
41
39
49
58
44
81
51
49
31
28
26
55
37
43
31
30
27
22
37
24
38
35
35
11
33
38
19
24
41
41
26
34
28
24
40
31
31
38
27
33
18
33
26
31
38
32
27
41
21
43
36
33
46
34
46
43
24
35
54
55
42
42
51
45
52
63
29
45
45
50
45
66
59
50
46
43
54
51
49
58
53
52
47
46
49
53
51
53
44
50
60
49
53
59
50
46
69
53
52
60
25
53
42
49
53
47
51
38
33
36
24
23
38
38
42
34
15
43
34
40
22
45
29
31
30
35
29
27
32
30
36
38
30
33
34
36
40
29
28
31
37
40
47
37
20
33
23
33
33
27
36
25
38
27
47
29
36
17
63
57
40
53
55
55
65
52
49
54
50
52
55
54
50
55
48
49
46
69
45
59
39
58
45
54
50
52
58
57
52
48
43
46
37
46
52
52
63
51
59
51
48
40
47
59
58
50
41
49
26
27
38
34
38
35
34
31
31
22
41
35
51
32
35
34
34
34
32
41
31
29
33
25
47
63
44
42
36
42
41
35
43
38
13
30
32
36
33
36
42
46
15
39
35
38
39
34
24
32
54
33
50
58
56
52
52
63
58
49
43
56
51
44
42
59
52
28
51
50
69
54
57
42
48
36
50
51
55
52
55
33
48
48
41
50
58
55
51
49
44
53
48
37
44
51
49
54
55
61
33
22
36
28
40
21
24
39
26
37
28
28
35
35
26
31
62
33
35
39
42
39
35
34
29
45
43
41
31
31
30
25
34
29
33
31
35
50
41
36
24
35
29
5
30
39
33
49
28
27
