53
45
47
48
54
40
47
37
50
50
42
39
49
49
48
57
61
39
57
52
41
50
53
76
41
57
38
41
40
46
53
52
43
36
53
57
49
55
52
45
53
62
50
50
43
37
58
51
52
32
27
36
29
31
34
28
43
27
37
28
36
39
39
39
11
38
35
30
31
28
41
25
32
32
31
35
31
20
36
38
39
29
48
42
31
30
35
41
33
36
30
31
33
41
35
31
24
28
41
43
44
47
59
64
52
48
53
42
51
47
54
53
55
51
44
45
58
58
45
59
70
44
54
45
47
51
47
49
39
49
50
55
49
55
55
52
48
50
56
47
51
52
47
53
55
36
53
55
45
48
30
31
19
29
36
27
35
44
39
42
15
25
38
35
28
36
36
35
28
27
6
36
35
24
32
37
48
36
28
27
27
31
37
36
30
52
30
44
35
25
43
39
26
29
32
35
44
19
29
32
47
52
46
42
41
44
55
49
52
52
50
66
47
46
47
49
66
49
56
45
47
47
55
47
55
52
63
49
52
51
37
49
42
49
61
48
46
39
53
61
43
41
48
40
27
67
58
49
31
52
34
48
37
43
28
36
40
25
37
28
26
33
20
51
31
31
39
28
33
30
28
29
34
34
26
37
35
30
33
39
29
34
32
39
29
27
33
29
27
35
31
30
33
54
34
31
50
46
23
32
55
56
61
50
54
40
60
41
49
44
60
48
63
51
43
54
48
51
51
53
60
48
47
40
50
16
51
53
46
52
51
46
53
65
50
46
60
59
54
37
35
51
48
47
52
60
49
57
64
58
40
34
30
42
29
22
38
44
29
26
29
29
44
38
37
41
28
24
36
23
20
21
30
32
43
35
26
41
38
23
31
30
31
30
32
19
35
34
41
36
21
44
38
40
37
32
29
14
35
26
42
59
57
50
48
54
40
62
46
54
45
48
44
76
46
40
61
50
44
59
46
55
54
29
45
58
53
50
58
52
42
57
55
51
54
54
50
54
54
45
59
44
50
44
48
49
69
51
42
63
33
37
38
31
32
38
33
15
39
50
34
26
27
30
40
32
43
33
39
32
33
37
34
48
39
45
31
40
35
32
26
56
32
41
26
18
47
28
39
29
51
15
26
43
31
41
18
38
33
32
