49
55
29
47
45
55
46
47
44
59
60
52
39
52
50
50
58
52
51
44
50
48
57
61
33
52
55
53
60
49
47
49
50
59
54
51
34
51
48
55
42
69
49
53
47
52
42
41
38
45
30
31
32
32
32
38
33
28
37
47
27
36
28
29
62
41
38
35
39
38
24
28
33
41
20
40
17
29
33
40
38
33
38
31
40
35
33
35
22
25
14
24
32
22
47
29
25
25
21
22
38
48
47
51
48
51
60
56
50
35
68
53
44
52
57
44
59
53
57
53
42
48
56
53
41
55
45
53
50
63
49
51
48
57
49
53
51
52
68
55
37
39
48
46
47
49
57
52
40
55
10
38
25
28
22
20
37
24
17
30
30
39
21
32
16
32
28
37
31
34
29
34
27
36
36
32
27
30
25
24
31
33
35
36
14
33
35
30
42
43
42
24
32
41
9
41
31
43
26
34
32
54
52
63
53
58
47
48
46
33
50
48
44
57
59
52
50
41
35
35
50
44
51
45
44
61
51
55
40
45
52
43
52
51
43
55
50
40
52
47
48
40
26
55
50
64
55
50
52
54
30
31
12
49
38
26
29
35
18
14
32
33
38
30
43
31
47
38
14
40
51
30
38
49
35
35
39
34
32
38
39
14
51
21
31
33
13
30
30
23
24
30
5
15
30
31
9
35
33
32
23
54
52
64
56
57
57
50
45
49
59
54
46
42
50
55
64
67
59
56
39
53
49
51
42
49
40
57
60
43
60
51
44
34
50
31
38
53
49
55
49
67
56
46
52
66
60
43
38
46
29
34
34
28
29
38
40
36
35
28
43
27
12
34
25
27
35
34
25
37
29
24
27
36
32
26
31
27
26
29
48
37
44
31
41
32
40
59
42
26
29
31
32
12
24
40
51
37
35
43
53
45
40
41
50
62
43
43
62
49
46
55
56
57
50
37
53
56
50
55
47
59
56
53
66
50
45
72
43
40
57
47
49
51
54
53
55
58
66
56
51
50
57
54
50
78
41
55
40
58
25
30
27
30
46
17
40
33
30
43
36
35
19
34
20
24
36
25
29
36
33
41
32
45
16
25
38
31
36
50
25
26
39
32
31
22
37
15
35
39
36
13
29
21
38
43
53
38
38
40
