45
31
56
45
62
44
76
62
36
50
59
50
59
61
37
49
60
57
41
55
57
47
59
46
54
50
44
54
57
54
45
52
52
63
50
46
50
49
50
39
42
50
56
53
43
52
57
46
45
50
41
37
31
41
33
39
35
41
17
43
28
41
45
45
41
26
29
27
24
32
31
25
26
25
19
25
28
28
36
44
28
36
40
28
28
40
34
42
26
27
31
34
40
45
33
47
34
33
24
34
47
37
50
58
70
37
55
52
54
49
41
32
50
44
68
50
27
46
60
53
35
52
50
37
49
46
42
51
38
49
48
59
43
43
51
50
52
35
55
36
57
48
49
46
50
51
54
54
46
55
31
39
30
30
37
29
38
33
36
27
32
32
29
32
32
33
35
39
33
30
32
37
40
23
33
31
34
38
25
37
34
22
36
26
32
35
33
30
34
31
36
33
28
35
45
36
27
40
37
29
45
47
51
53
48
57
45
45
56
52
50
49
45
50
40
51
57
52
42
49
25
42
42
42
47
53
52
47
41
63
50
63
50
51
44
58
57
50
51
55
47
52
46
44
46
55
62
50
45
37
20
26
47
32
38
36
28
39
36
15
51
44
36
37
54
20
41
39
28
34
35
28
37
36
36
29
20
33
34
27
37
17
39
34
42
31
29
25
29
31
35
28
34
41
45
36
28
31
29
34
53
53
48
52
52
45
47
60
54
37
45
62
59
50
49
53
42
50
56
49
47
53
55
50
51
44
53
52
41
48
51
44
66
50
64
57
45
57
50
61
40
38
52
57
52
26
52
38
58
46
53
29
31
40
50
24
37
48
31
33
39
30
33
20
37
42
38
34
32
42
23
40
25
28
55
35
36
18
35
46
32
20
33
39
30
31
33
30
26
49
24
44
35
27
32
24
46
31
12
37
47
61
49
48
57
50
43
42
50
51
58
50
54
61
58
35
42
45
52
44
49
49
53
47
60
54
53
45
39
53
50
48
47
55
55
47
53
37
48
63
49
51
41
44
57
57
50
36
54
57
43
19
37
29
28
46
30
28
29
33
34
24
32
34
33
23
34
37
35
30
22
32
27
28
29
41
27
35
31
23
42
50
27
28
20
34
18
34
36
29
32
19
29
19
37
28
56
29
30
41
