36
52
45
52
50
55
63
33
63
49
43
50
54
52
43
50
52
46
50
51
46
49
58
49
40
53
43
61
67
53
45
46
46
52
53
49
41
47
64
49
49
46
58
52
64
47
52
50
50
60
31
48
38
30
34
19
37
25
46
34
31
48
39
38
34
27
29
41
35
33
30
29
40
37
29
30
27
39
31
38
34
34
42
41
28
23
37
35
30
38
21
30
29
23
52
33
31
25
28
31
70
49
50
54
67
57
45
63
49
54
73
50
45
46
44
53
43
50
50
61
45
44
52
44
52
34
47
74
50
55
51
50
60
60
48
47
53
60
60
50
50
49
25
43
50
37
44
49
51
44
44
34
20
45
24
39
46
28
34
33
45
35
33
38
47
33
39
20
41
34
28
32
25
35
38
31
31
30
16
31
28
20
30
30
36
14
29
28
31
36
28
32
33
40
32
34
39
37
33
44
51
60
47
56
58
53
50
58
49
48
37
53
48
42
47
40
55
47
49
45
53
47
46
55
49
55
56
51
54
31
47
48
51
57
40
42
59
48
50
51
68
58
72
52
54
50
50
47
41
51
32
47
41
33
40
38
30
28
39
33
45
36
29
40
40
27
34
43
34
32
40
26
41
31
35
40
35
31
24
23
36
26
30
33
34
24
36
26
40
28
22
21
19
45
30
28
41
19
28
39
56
59
48
62
52
53
48
68
52
53
50
34
53
53
52
45
39
60
52
50
47
55
48
50
60
48
44
40
46
44
65
38
44
44
65
59
55
48
42
55
45
51
49
61
35
60
56
49
37
44
35
39
28
28
27
45
41
48
34
37
27
27
40
39
27
33
12
34
30
35
40
24
20
36
30
28
31
41
17
32
35
33
26
31
31
29
27
29
39
45
39
33
30
54
62
29
39
23
29
31
46
43
49
40
50
44
52
49
50
57
45
58
35
48
47
48
41
47
57
56
52
43
66
42
48
43
57
44
58
43
62
58
63
55
49
54
54
48
53
54
56
61
54
51
38
48
46
43
44
42
32
37
31
40
28
35
31
35
25
33
33
46
54
20
29
22
27
35
20
35
32
34
28
31
21
44
32
27
39
38
24
21
16
50
40
33
34
49
34
36
33
33
44
34
29
42
28
37
17
41
