44
55
60
39
50
47
42
60
52
62
44
51
22
57
32
37
49
59
66
54
58
45
51
65
50
36
47
51
43
47
47
51
56
44
61
45
68
59
58
57
59
44
42
64
52
48
55
51
48
55
27
41
34
30
36
28
24
25
38
42
29
34
27
33
29
38
40
19
35
29
39
17
23
39
35
21
38
34
25
33
34
31
38
33
26
30
32
36
41
41
27
36
37
39
33
9
34
36
26
36
44
49
51
56
32
68
44
39
34
36
62
41
41
58
56
56
60
50
57
45
54
53
55
36
55
35
51
58
42
41
42
55
58
54
56
52
53
60
46
55
64
54
48
50
47
52
42
51
53
33
38
37
31
24
36
33
29
38
36
30
37
45
29
35
32
44
33
32
42
31
30
38
31
31
34
33
35
29
29
23
41
37
39
33
42
26
47
36
25
12
36
33
45
12
39
29
30
34
40
40
62
58
53
47
50
58
57
44
55
55
55
57
44
57
45
41
46
42
57
44
43
53
49
47
47
42
38
56
49
45
57
42
68
48
49
52
58
44
48
60
51
52
46
50
54
56
47
60
44
51
31
26
43
23
7
37
29
35
38
32
45
33
25
15
31
24
31
42
33
40
31
21
51
19
26
32
17
33
35
37
35
31
30
28
35
27
35
37
31
28
35
51
34
37
27
31
37
26
41
32
46
54
52
70
45
41
45
51
46
67
62
49
60
41
39
52
51
27
43
53
54
42
35
36
59
48
50
40
56
41
49
50
49
54
48
43
58
46
49
57
60
51
53
60
64
51
49
47
38
45
40
39
35
31
28
30
27
33
40
35
32
22
32
34
21
37
18
54
34
34
5
38
45
39
34
41
27
35
22
24
39
28
41
40
37
38
33
38
25
36
33
32
34
31
28
33
34
32
33
31
49
49
60
46
57
47
51
55
51
44
41
43
42
45
43
33
38
51
49
59
46
51
63
55
44
51
45
49
54
54
58
64
57
45
45
45
50
48
48
42
55
50
52
56
58
75
54
58
49
53
27
37
32
17
38
38
41
36
48
32
31
20
38
34
41
37
23
34
32
36
32
37
32
35
35
27
29
38
31
16
25
17
37
30
31
40
34
26
38
36
39
39
37
21
19
47
31
30
31
42
