46
61
50
59
61
46
43
57
45
50
39
61
63
44
59
53
45
36
39
52
44
53
46
57
48
44
53
60
46
56
53
56
44
48
55
54
53
49
59
30
49
57
36
57
53
64
51
54
56
47
28
27
43
37
35
33
29
31
34
26
25
21
32
38
29
35
40
35
41
29
41
24
40
29
31
32
28
36
36
41
34
34
16
51
30
21
25
34
31
31
31
31
40
28
38
39
38
48
29
40
50
39
53
42
43
37
54
47
50
57
55
55
48
35
39
37
54
52
49
27
60
47
55
47
47
63
50
46
70
49
35
47
47
62
78
58
56
48
53
56
48
59
60
49
53
57
45
45
63
47
28
38
30
34
42
30
18
34
39
31
39
44
39
26
35
33
35
36
30
38
33
27
33
31
52
19
33
40
51
36
40
38
34
29
32
37
33
19
36
29
45
27
41
19
48
36
43
25
38
35
50
54
51
54
69
45
53
41
56
49
47
36
37
37
62
45
46
56
48
57
58
50
47
45
43
49
39
49
42
56
53
51
44
46
63
44
43
52
54
49
45
63
61
49
58
48
43
63
32
46
38
27
25
34
32
34
41
50
26
48
39
35
37
27
33
20
40
47
36
25
36
32
14
44
23
41
31
39
41
42
37
27
37
39
48
35
29
44
41
38
31
31
33
29
55
34
38
40
40
41
61
45
49
45
57
53
53
48
43
46
32
39
64
52
51
45
44
54
62
49
47
54
54
59
58
60
53
53
54
57
50
47
53
69
45
50
52
56
49
40
43
39
52
55
47
45
44
55
52
49
28
41
37
32
46
30
27
30
23
26
32
29
29
34
35
59
47
43
29
37
41
33
34
33
35
35
32
28
38
38
36
25
30
24
37
18
24
41
40
34
32
30
34
40
35
29
26
35
28
35
44
57
53
44
52
43
49
40
57
59
39
56
58
48
61
54
46
42
64
47
56
35
45
36
54
62
52
47
66
50
45
54
64
54
50
50
56
59
47
31
36
48
47
59
47
44
36
51
43
40
31
30
52
41
37
34
32
21
26
28
39
28
26
34
22
14
22
41
35
46
30
34
34
37
36
36
34
43
28
34
35
36
41
34
32
31
47
34
32
31
35
29
34
30
31
29
42
30
37
28
