55
60
50
54
48
53
42
67
44
54
42
58
37
63
47
36
64
43
51
53
46
46
52
45
65
55
47
68
49
48
57
51
42
33
48
64
48
51
52
57
50
50
51
62
61
46
56
48
37
55
36
32
35
39
39
35
32
23
26
17
40
20
27
38
25
37
32
17
51
34
38
26
39
16
36
32
32
33
48
9
22
28
29
38
20
31
34
38
34
34
26
27
37
29
31
27
27
37
39
28
43
48
49
56
40
48
44
46
50
57
51
58
44
35
46
37
42
44
59
55
57
52
54
52
48
54
49
36
77
62
47
39
45
42
56
56
29
51
56
64
45
39
48
51
39
56
51
63
52
53
35
32
33
38
39
46
31
34
39
43
29
26
27
14
31
37
32
18
34
35
42
45
39
43
24
43
34
36
35
28
37
53
34
44
35
44
42
33
48
21
39
17
33
27
39
30
48
28
32
28
38
60
55
32
66
53
53
40
46
59
60
50
59
45
41
50
56
47
57
56
45
46
51
62
52
64
48
49
51
57
29
49
48
45
61
49
60
51
49
46
57
56
54
59
44
34
50
52
43
47
48
30
53
28
47
33
29
30
22
46
36
37
30
41
34
37
44
42
44
43
16
39
32
31
30
35
35
30
39
26
30
27
28
38
43
39
34
33
33
40
35
44
31
27
36
28
29
41
37
32
41
57
51
52
56
53
48
45
60
56
44
42
41
52
42
54
55
63
47
55
54
62
48
31
51
54
50
48
38
61
39
54
40
39
31
46
43
36
45
53
59
52
66
48
52
54
46
67
45
48
21
40
24
30
38
14
33
34
34
12
38
35
34
32
26
38
34
40
45
33
18
41
33
23
37
51
30
33
32
24
29
47
39
15
36
27
35
41
23
39
30
33
14
32
29
39
39
28
20
51
52
57
50
63
37
45
58
44
29
52
53
56
55
50
57
50
65
50
49
59
35
52
56
50
49
50
43
67
52
64
49
37
56
57
43
49
48
45
43
48
45
62
46
53
49
56
46
35
52
52
35
28
23
34
40
34
23
30
30
32
19
23
50
22
35
25
16
42
19
32
35
36
29
26
30
32
22
19
23
38
23
36
14
28
47
29
23
22
40
50
17
37
37
35
35
37
32
20
34
49
