52
56
33
66
48
57
45
47
52
49
52
40
58
50
42
55
52
55
51
40
67
55
37
48
51
48
50
57
42
59
44
45
65
58
41
48
52
44
57
60
56
34
59
52
54
56
65
51
38
45
31
47
31
29
27
15
55
35
32
35
28
44
41
21
26
30
40
23
47
27
30
54
39
32
28
31
26
31
30
24
24
28
31
36
31
41
30
37
37
56
37
36
34
32
35
35
21
35
42
17
47
48
56
75
50
44
49
40
58
46
57
49
57
60
45
65
63
50
41
31
44
52
53
51
48
54
43
65
44
57
47
63
52
41
62
50
47
53
50
52
25
51
47
45
50
52
52
42
47
51
37
37
31
46
28
54
34
44
36
33
33
45
32
35
49
20
25
33
35
31
29
31
34
16
45
26
30
26
28
37
30
41
36
44
37
33
15
32
25
29
40
39
27
38
26
28
34
38
37
44
51
62
57
55
51
52
51
50
46
49
52
47
53
45
41
46
37
54
45
51
49
56
48
50
48
45
51
50
49
45
30
53
47
52
54
48
47
50
54
31
32
54
33
59
52
61
52
46
54
49
28
33
18
41
39
26
37
34
36
34
32
36
38
36
36
35
34
31
40
47
25
31
29
27
29
48
32
33
25
29
52
35
24
31
34
40
33
36
34
44
27
31
24
41
44
22
41
37
47
29
47
47
55
50
53
53
58
48
46
46
59
55
49
45
21
47
54
40
56
46
48
47
36
40
60
49
51
60
47
48
54
41
53
53
55
40
47
41
51
54
43
52
55
56
50
55
31
49
60
45
36
26
16
38
33
37
27
43
31
7
46
23
26
32
44
29
36
33
35
38
39
36
20
24
32
45
28
35
27
22
39
28
30
43
17
34
41
33
39
41
34
34
27
43
38
39
38
42
33
30
41
53
41
67
41
48
54
50
32
48
54
43
47
39
63
44
41
49
27
65
55
48
52
19
54
55
46
49
47
54
62
51
40
55
45
27
61
52
55
49
69
53
43
51
52
58
53
60
44
63
33
38
33
27
43
27
28
23
36
32
33
30
27
35
32
27
35
37
39
29
17
39
51
38
32
32
30
33
34
26
36
38
29
32
33
40
33
35
30
42
25
32
34
23
25
32
25
34
31
38
