47
44
60
49
44
38
52
52
45
45
30
49
49
48
42
51
57
41
62
54
67
44
43
38
57
54
81
48
44
48
46
72
56
62
54
47
28
51
55
56
64
51
35
63
36
47
44
50
47
45
42
31
28
22
40
46
55
22
37
33
39
25
21
36
33
41
32
34
31
30
19
24
33
33
32
36
40
29
39
27
45
26
38
54
25
46
28
30
48
40
44
36
41
22
31
27
32
31
22
34
48
56
53
41
53
47
44
51
68
54
47
52
40
48
50
46
71
57
52
56
54
45
55
50
61
60
49
52
46
43
52
49
49
52
49
65
54
52
57
57
46
51
54
52
49
43
40
43
53
47
26
24
41
24
17
45
31
37
41
44
15
38
32
30
28
36
34
41
31
29
33
28
31
22
32
25
44
41
31
35
28
37
33
45
30
28
37
33
31
39
19
36
49
15
28
33
36
21
33
26
47
59
32
55
49
56
45
59
55
29
58
48
54
59
44
47
54
60
52
41
48
46
51
42
52
46
49
38
60
33
51
51
46
56
52
46
54
52
52
55
55
48
45
43
43
47
55
53
62
50
33
45
33
34
33
31
35
29
37
42
44
41
29
28
15
28
36
55
32
25
35
44
32
29
39
51
45
22
27
44
40
41
43
40
34
56
33
33
35
31
17
38
40
42
33
23
23
32
31
26
49
45
51
59
54
59
51
49
52
57
59
54
56
60
57
52
37
49
59
48
51
63
58
49
51
49
52
51
42
53
47
57
42
51
54
49
41
46
50
56
48
51
50
46
54
41
53
52
48
51
27
34
37
31
34
22
38
38
26
34
35
30
32
34
28
28
38
39
38
29
25
37
35
21
31
30
30
18
28
32
16
23
39
34
36
37
33
42
38
55
27
22
39
32
38
24
43
36
29
35
50
52
51
41
53
52
53
44
48
52
51
57
46
63
44
43
53
51
47
48
28
64
65
48
46
56
59
56
37
50
34
57
40
48
40
46
49
47
56
49
47
52
43
29
54
55
56
43
40
37
34
18
42
29
45
36
27
38
25
37
29
32
35
33
46
35
22
32
31
27
22
29
43
39
30
34
21
30
36
34
51
25
26
30
37
21
30
35
30
31
23
29
50
42
38
45
28
16
51
16
