53
51
52
53
53
52
49
49
54
50
49
49
57
59
53
62
52
46
53
49
42
45
58
50
53
49
49
48
52
59
58
56
42
49
39
42
46
58
55
45
44
55
45
58
53
51
28
53
51
48
30
40
31
28
33
27
21
46
42
24
33
17
32
34
38
38
43
31
37
34
41
41
50
23
29
33
48
31
29
28
31
33
61
27
41
39
30
31
34
26
5
34
35
39
16
34
29
30
27
28
53
53
55
55
62
57
52
62
56
37
43
51
62
51
54
52
59
51
46
39
53
57
48
47
49
40
49
34
49
50
46
51
60
42
64
46
52
55
56
48
51
45
50
47
53
55
59
45
47
51
27
33
46
28
31
32
49
31
32
32
42
14
37
35
25
43
34
28
38
44
17
40
24
51
38
35
25
38
29
28
38
28
33
26
33
32
33
30
43
27
33
37
40
39
23
38
30
35
41
18
55
45
46
55
60
42
44
44
49
53
53
50
41
46
48
57
65
57
59
34
57
48
48
57
50
63
55
48
50
50
47
35
50
52
48
48
41
49
47
45
41
53
46
46
60
51
53
58
52
52
37
36
33
46
24
36
40
43
37
30
34
29
32
38
43
36
28
38
30
29
41
8
34
37
49
25
30
31
31
38
36
38
35
28
22
21
34
21
29
36
37
7
30
33
29
37
35
34
29
30
53
54
31
46
49
50
56
54
52
53
50
44
41
44
65
47
55
41
53
51
70
46
48
78
50
52
60
55
47
50
46
46
56
41
48
59
45
41
54
36
54
57
63
46
47
55
57
55
50
50
43
22
33
28
31
37
31
37
32
27
34
26
22
38
37
20
33
42
31
40
32
45
36
22
39
27
15
35
33
33
30
29
36
40
35
27
36
38
31
24
26
19
39
30
30
27
40
38
22
34
48
49
43
59
22
45
49
66
44
49
64
51
50
57
44
54
48
56
38
45
37
38
63
45
53
66
40
43
52
62
48
46
58
49
59
46
49
45
54
68
46
49
58
61
39
44
35
53
41
49
38
22
45
34
36
34
36
9
28
19
22
21
41
33
37
37
31
29
42
34
37
32
30
26
41
36
30
37
37
30
39
25
34
57
30
21
28
32
23
47
33
25
11
15
33
23
34
30
41
30
