49
60
50
65
63
46
61
51
41
53
51
43
55
52
44
51
48
57
44
46
56
56
59
65
48
38
50
58
55
52
57
61
45
55
56
46
53
62
42
39
33
37
46
41
45
56
42
41
50
34
16
33
46
33
33
26
30
20
43
29
27
41
34
27
42
34
32
46
46
21
39
16
27
33
30
35
33
26
47
23
29
30
34
36
31
34
30
47
34
34
36
54
34
40
33
42
39
31
26
41
67
42
51
49
45
48
49
56
49
58
56
66
38
43
59
59
37
57
35
57
59
41
49
55
38
53
53
52
55
46
45
49
47
68
29
51
63
51
52
59
55
45
49
51
39
43
38
55
43
38
46
34
26
33
32
34
29
30
35
39
32
30
34
36
30
33
41
35
29
32
26
30
42
40
38
28
33
29
34
22
43
40
28
24
32
31
28
45
32
30
32
20
43
39
36
46
32
37
35
40
49
55
38
53
43
48
49
55
54
51
50
48
42
53
51
52
46
22
48
54
57
58
40
42
55
42
45
42
49
57
52
59
37
55
51
50
23
38
50
55
55
49
41
53
46
46
54
52
44
46
34
23
30
38
56
33
39
36
26
36
24
30
28
40
38
46
39
27
21
37
30
26
40
30
31
46
36
38
30
35
45
28
33
33
27
32
37
31
36
23
28
31
38
19
37
36
29
43
34
39
45
53
55
43
43
57
49
50
61
43
43
48
36
46
47
63
39
50
58
52
37
54
59
46
41
70
56
40
54
49
42
55
59
49
42
40
59
56
46
52
52
47
58
56
47
51
61
52
46
42
40
36
29
26
37
33
31
31
53
27
39
34
28
31
39
30
34
37
30
28
33
41
29
38
35
30
30
39
30
46
35
30
23
25
49
31
39
35
36
29
27
34
20
40
34
30
32
45
24
34
65
53
52
58
45
37
43
49
38
34
51
50
49
53
46
57
49
49
48
30
61
41
42
58
51
52
58
42
53
47
56
44
50
57
52
50
38
51
53
51
43
58
61
74
53
44
44
53
48
65
41
33
41
35
36
21
34
26
42
40
34
35
40
31
27
36
34
39
30
34
29
32
40
26
41
50
37
38
37
23
20
39
31
35
35
42
32
55
36
30
20
40
41
40
28
36
28
28
40
35
