52
25
56
48
63
55
46
44
47
52
44
44
47
51
46
47
55
49
52
33
41
44
48
49
42
55
58
47
42
52
54
56
48
39
47
47
41
53
47
58
44
57
48
46
50
32
49
50
46
54
54
28
14
54
34
43
26
30
36
35
25
42
26
33
23
33
24
31
38
34
35
32
46
41
31
56
21
23
47
30
35
39
24
33
26
32
48
32
22
27
37
31
28
29
25
31
38
21
41
31
54
38
54
69
59
44
47
52
50
51
54
42
71
58
51
57
43
58
58
61
54
53
44
40
55
59
48
48
48
51
45
54
49
55
52
45
49
53
48
47
50
57
50
47
52
41
23
50
45
31
34
52
35
56
33
52
39
19
42
35
30
35
34
33
32
35
35
36
35
39
38
35
43
27
44
30
39
44
26
39
38
30
34
39
55
25
34
38
27
12
39
26
38
36
30
24
44
32
40
52
62
46
68
56
40
54
49
49
47
49
45
35
53
60
47
47
42
54
69
51
58
52
50
48
55
53
67
55
48
51
43
53
53
36
53
36
64
47
63
33
52
34
50
52
53
46
51
48
44
62
28
56
25
47
40
43
34
30
25
25
22
33
21
40
24
34
39
30
32
28
39
32
18
31
35
27
38
31
31
38
29
40
33
30
40
29
35
25
24
59
27
10
32
28
40
34
33
30
33
26
54
38
46
50
47
46
54
53
55
37
44
30
49
55
55
48
50
41
32
46
38
56
55
52
53
49
71
59
52
51
66
44
34
49
64
45
70
45
49
41
45
54
50
54
45
56
49
52
50
55
28
32
20
26
13
31
42
19
31
50
32
32
35
32
28
36
30
54
34
31
30
35
21
36
33
30
35
40
50
34
37
37
22
24
37
49
26
27
23
37
36
31
34
37
21
25
31
40
34
32
63
50
48
60
62
41
50
54
57
52
58
50
58
52
60
48
56
55
57
43
45
55
50
59
51
51
55
53
53
33
46
50
43
48
44
56
53
40
50
36
46
41
49
60
49
67
42
50
58
49
40
12
37
29
33
31
55
30
36
31
43
42
41
40
40
32
35
37
40
32
30
31
34
34
39
40
35
33
36
33
39
27
43
30
33
38
22
37
38
34
33
28
28
28
35
43
28
17
28
35
