47
42
56
49
62
55
38
52
48
53
55
50
42
45
47
46
52
54
54
38
45
46
48
51
44
59
43
46
42
53
53
43
54
55
47
44
50
47
39
40
51
57
35
41
48
45
54
70
61
52
16
24
31
44
27
38
34
44
42
33
28
48
41
41
28
31
27
34
32
33
54
41
23
40
27
29
34
25
32
34
27
28
27
31
38
50
27
51
39
33
28
52
12
51
28
40
40
33
28
31
49
49
45
49
65
48
54
43
50
48
46
48
52
52
55
45
53
44
50
53
62
34
49
45
49
49
52
41
37
52
51
41
50
47
45
41
51
48
58
53
48
47
50
44
44
51
40
45
52
41
26
34
33
32
20
32
34
28
48
42
32
26
33
35
36
42
33
32
27
26
23
39
56
31
30
38
36
33
47
23
46
28
24
30
22
35
33
43
35
36
34
27
18
44
32
33
27
26
27
34
57
56
52
63
52
58
49
48
54
41
57
57
74
56
43
46
55
50
50
49
55
37
66
53
55
51
52
49
45
43
61
50
51
57
60
42
44
53
49
49
48
45
68
39
51
59
45
56
36
51
28
32
30
32
24
30
35
32
37
25
28
35
33
42
39
27
24
45
36
9
31
35
25
29
46
18
30
29
33
27
30
38
20
45
36
28
23
35
43
32
44
51
37
47
28
27
33
20
54
34
40
55
46
55
33
43
40
47
50
45
49
46
47
53
66
46
41
54
52
54
33
55
52
50
46
59
45
50
51
39
66
49
43
48
49
55
49
51
58
57
36
45
36
47
45
59
57
58
49
53
28
27
31
22
39
30
34
14
35
29
37
30
31
27
42
20
36
38
36
27
41
32
26
37
33
31
33
35
34
15
30
33
39
31
31
37
26
38
28
36
28
31
24
35
38
39
32
35
38
27
53
53
54
40
59
49
59
52
53
57
48
58
46
46
54
66
53
48
59
53
49
41
63
40
35
55
61
57
56
59
53
57
51
43
68
51
39
49
46
41
43
50
51
78
47
42
48
47
56
42
38
28
35
25
31
37
20
37
37
31
31
30
46
34
40
38
33
13
45
30
27
26
25
48
35
25
31
28
36
26
30
32
36
43
38
20
31
31
33
33
31
29
40
35
29
40
38
42
40
33
