63
40
52
49
51
48
55
45
56
49
57
55
45
51
46
54
51
49
46
50
51
47
57
42
53
40
57
39
58
45
52
33
50
50
48
54
40
51
56
48
39
48
36
44
64
57
50
49
57
53
37
38
28
38
36
30
35
21
45
36
23
31
38
35
31
37
31
44
27
33
29
20
45
33
38
19
28
43
20
54
43
30
36
42
26
19
34
29
24
33
35
49
38
36
34
33
28
36
32
30
39
52
55
51
53
59
44
53
51
56
52
62
51
55
50
57
38
42
47
47
48
48
65
53
57
64
43
42
49
63
53
56
65
45
44
58
72
46
50
50
54
54
58
51
49
43
48
66
37
47
22
42
24
34
16
41
35
38
28
33
30
30
34
42
36
27
42
38
30
17
37
26
32
35
36
34
22
11
32
27
38
30
22
39
30
40
36
31
37
35
30
32
36
15
51
24
33
42
33
32
61
81
68
48
46
41
59
42
58
50
53
52
46
48
72
60
55
50
50
40
50
57
40
29
51
49
53
42
30
51
47
49
50
42
40
54
44
54
37
56
58
42
49
57
51
47
41
68
50
46
34
29
36
19
61
24
28
38
43
33
29
48
23
38
35
38
38
39
40
41
22
28
26
35
25
41
42
26
44
29
26
40
29
23
39
32
38
29
6
25
38
38
34
28
21
43
31
31
36
29
54
51
52
52
36
45
56
40
51
58
48
48
53
50
49
60
68
55
50
52
37
43
58
48
48
46
42
56
53
57
40
59
51
50
55
44
44
47
52
48
67
60
60
56
34
59
54
53
44
50
28
36
42
45
19
34
23
37
23
23
31
27
37
32
40
44
35
31
37
17
41
24
42
34
29
23
31
33
38
31
34
39
14
33
23
24
37
27
29
42
36
37
30
31
33
47
26
23
39
57
75
52
42
55
54
51
46
56
41
50
47
59
42
69
47
36
47
42
55
48
47
59
36
32
54
46
40
59
50
51
72
48
48
35
50
35
54
51
54
44
45
54
64
57
38
54
50
56
42
53
16
34
35
30
32
32
25
35
30
36
24
25
31
29
28
23
30
44
29
41
35
43
32
37
36
28
34
28
36
39
44
38
32
37
29
39
27
32
33
29
34
6
41
33
41
37
23
29
31
37
