53
35
54
47
43
54
52
39
43
49
54
50
76
49
36
47
47
56
42
53
48
48
48
62
50
58
55
41
42
52
50
44
45
46
55
59
54
51
46
50
50
43
49
56
62
51
48
38
47
53
40
29
33
30
44
32
32
32
23
33
34
16
34
34
31
29
24
31
34
29
41
32
30
31
50
24
34
29
32
24
41
32
33
30
34
32
37
35
39
38
34
37
42
38
37
30
35
17
32
30
52
49
50
48
47
54
42
66
42
53
59
37
51
52
49
50
43
42
44
43
39
71
45
51
48
67
40
46
52
55
49
47
48
51
50
52
60
53
52
56
56
47
54
52
24
53
53
52
54
57
31
41
32
28
25
18
37
20
34
28
34
45
16
35
31
40
45
30
26
34
28
29
32
42
37
56
41
28
34
36
29
29
48
24
40
37
44
32
9
32
23
36
41
32
26
28
12
34
30
37
54
43
46
50
47
45
52
59
64
52
55
56
43
46
48
53
52
55
46
53
40
53
57
34
29
54
52
39
62
47
52
51
43
59
50
32
35
46
51
48
53
50
47
45
51
46
43
58
53
64
30
32
37
29
38
23
36
31
30
42
39
33
26
35
42
30
36
39
33
48
31
29
35
30
14
30
33
29
39
35
33
42
28
31
34
23
33
37
23
46
35
39
27
32
31
30
38
31
35
40
60
45
56
48
64
43
53
51
49
50
37
41
52
50
60
52
47
42
58
64
46
33
53
43
37
52
45
40
47
50
53
50
46
55
52
48
50
53
41
51
40
49
58
46
44
54
49
53
49
48
25
26
19
51
14
23
28
52
24
44
29
32
42
34
43
38
23
34
31
39
43
24
34
28
28
25
25
30
32
33
28
36
42
34
15
38
32
28
29
36
12
34
35
30
38
11
27
46
43
22
48
33
48
54
49
48
60
49
50
54
49
60
50
52
53
50
36
60
54
51
49
41
48
59
64
45
46
50
50
33
49
53
43
50
52
53
45
44
33
49
47
62
45
51
50
52
42
64
62
54
30
23
32
29
48
37
20
27
22
43
4
39
34
27
36
32
39
31
34
41
30
33
39
32
39
34
20
31
38
33
17
28
33
36
33
38
45
45
29
27
38
44
13
34
31
31
28
5
43
29
