45
44
57
42
46
62
49
57
51
71
32
32
56
73
48
58
29
45
51
49
54
46
63
53
49
52
53
49
54
29
44
62
47
35
50
62
41
63
57
49
48
49
46
48
48
52
42
43
57
60
45
15
23
24
35
22
31
35
37
30
45
56
33
38
33
27
36
35
42
29
47
38
28
34
43
23
28
22
35
33
29
28
18
31
35
36
35
33
32
29
19
36
43
25
44
32
35
31
43
33
51
38
42
49
42
44
61
59
54
58
62
76
55
63
51
46
54
48
57
64
46
46
41
64
53
39
45
48
59
51
50
48
60
58
47
44
46
16
46
44
38
49
59
36
48
47
51
48
49
58
31
40
24
52
34
31
39
31
22
31
38
27
34
30
41
36
37
46
33
28
28
19
35
21
22
28
38
27
32
28
37
35
30
24
37
32
38
19
35
41
31
34
38
29
46
39
45
32
37
33
52
66
49
51
38
50
55
52
54
43
37
48
51
48
54
53
48
41
45
42
59
48
48
26
49
48
33
53
51
50
50
56
43
52
53
51
38
45
45
50
50
43
36
46
51
45
62
44
49
71
35
23
32
31
33
50
23
28
40
19
36
13
34
30
32
19
31
36
31
27
37
27
49
44
36
38
28
31
32
50
33
22
36
30
56
12
42
35
33
32
26
23
28
38
38
50
42
30
31
32
45
49
36
44
49
56
59
61
60
46
48
42
47
58
49
61
67
38
55
57
53
46
46
43
54
45
57
52
45
57
69
49
66
62
33
52
32
51
46
42
55
48
54
54
59
52
64
68
46
55
39
22
34
38
33
30
45
19
31
35
35
24
41
27
23
48
36
32
32
29
39
28
31
35
41
38
38
25
25
34
21
29
30
29
32
39
30
25
39
26
34
37
31
29
37
34
34
10
34
45
63
45
46
52
50
54
47
61
45
52
43
49
47
55
45
37
69
44
54
37
36
53
57
53
48
34
49
45
43
53
47
45
48
53
57
57
50
50
38
50
44
42
53
49
59
44
60
31
63
52
45
31
33
38
26
40
46
14
28
25
31
29
41
30
50
32
23
37
36
33
34
42
31
13
37
37
29
37
25
30
31
37
47
35
24
27
38
39
42
35
32
24
30
21
37
39
25
34
27
49
