54
50
53
60
62
32
44
50
49
34
64
49
55
65
51
50
44
59
48
57
43
48
51
51
47
59
47
39
49
42
45
42
48
43
51
39
57
59
53
44
56
59
48
55
50
56
47
47
66
45
51
34
34
46
34
26
34
37
17
32
37
48
24
59
31
27
40
37
43
40
40
37
33
45
34
36
32
33
40
37
32
36
19
27
55
28
40
34
32
34
39
33
43
28
17
33
27
44
27
30
36
49
45
48
47
44
54
40
52
51
59
59
54
55
55
51
49
48
47
49
46
42
51
52
48
58
56
58
65
45
60
39
65
42
57
52
40
50
33
54
59
37
57
49
49
48
60
58
65
46
28
23
31
37
33
24
24
47
31
33
37
17
29
33
24
23
26
21
21
27
47
24
39
39
30
35
31
15
37
27
41
33
34
35
31
14
33
43
36
26
37
19
31
28
28
25
36
38
15
38
53
50
48
50
43
44
38
50
54
52
50
54
48
47
56
50
52
45
43
57
49
52
48
53
58
52
50
34
60
37
33
52
53
56
44
56
51
50
49
55
54
54
47
56
53
45
54
46
62
57
25
35
41
40
41
39
42
36
42
26
23
18
42
36
37
35
32
43
27
45
35
39
40
36
31
33
31
55
54
32
27
36
45
45
34
25
49
34
36
32
25
31
17
36
32
52
31
32
38
31
51
46
51
47
56
57
52
41
56
48
62
64
49
47
51
57
53
59
57
24
59
43
53
56
48
48
61
42
52
36
46
51
57
55
44
51
56
63
33
47
44
55
49
52
57
55
49
58
37
41
40
28
40
34
36
34
27
42
32
19
29
39
33
23
27
28
39
14
28
26
32
26
30
32
38
38
25
30
37
36
45
25
38
41
31
41
36
39
22
35
30
37
36
35
40
37
26
38
23
31
59
53
56
49
54
63
48
48
50
46
53
53
38
65
58
60
62
60
50
36
45
52
57
54
51
51
60
46
44
43
49
50
51
75
50
63
51
46
57
42
47
50
55
54
68
42
43
44
42
47
45
31
32
36
19
38
19
24
28
38
28
47
19
31
11
31
34
32
41
39
19
29
22
44
34
27
42
54
46
28
41
34
25
52
39
26
26
28
23
23
38
17
37
34
37
43
36
26
29
47
