70
51
42
69
53
38
57
50
56
56
36
54
76
43
55
64
53
48
48
46
52
47
43
50
45
58
69
43
53
44
50
55
49
41
59
59
53
47
49
46
54
60
62
28
47
58
68
57
52
44
43
38
22
19
27
4
36
26
39
48
34
34
29
54
33
36
29
28
29
46
33
41
44
28
34
30
41
36
27
34
26
34
34
30
35
24
37
40
28
31
39
21
27
41
39
41
36
36
31
28
45
56
62
49
42
61
63
50
62
53
52
45
49
55
48
59
53
50
47
58
54
48
49
41
52
51
46
46
58
53
56
71
71
47
56
44
32
48
43
51
50
65
48
56
56
48
58
55
46
51
28
33
33
24
40
36
29
34
14
43
26
38
38
35
42
37
35
45
35
41
33
33
31
35
16
21
28
43
47
43
26
38
29
45
25
39
35
26
37
32
37
36
42
36
28
37
30
37
30
22
59
57
50
51
47
47
46
60
43
51
60
47
64
52
43
53
50
49
52
44
51
52
49
49
51
52
52
47
50
42
59
51
57
32
50
58
49
52
54
51
47
37
38
45
50
48
50
46
45
51
19
31
33
39
36
24
30
31
44
44
28
41
38
22
30
35
20
34
47
35
40
37
39
43
27
27
30
29
31
48
46
46
39
31
34
28
37
42
26
30
52
50
30
24
31
18
31
31
28
23
52
64
34
57
55
58
55
61
58
40
45
46
51
52
49
53
52
50
57
48
48
57
62
36
57
75
58
38
50
50
64
46
50
53
57
43
46
58
29
58
55
30
28
43
41
45
49
67
51
69
41
28
34
41
35
33
44
35
43
21
37
33
31
29
28
34
36
31
44
41
41
40
34
47
29
26
42
33
35
55
18
37
37
21
39
38
19
36
32
25
33
29
37
31
25
39
26
17
32
28
54
51
50
47
49
50
52
39
51
49
46
56
42
47
50
50
43
53
35
58
50
64
51
49
61
63
50
47
40
46
69
50
47
59
52
52
43
59
48
53
60
47
55
57
49
49
52
52
48
54
40
32
43
43
33
12
33
36
44
27
26
33
30
39
47
22
38
20
39
40
28
36
30
37
32
25
33
31
37
37
25
33
29
33
39
25
29
32
16
43
29
12
34
30
31
17
38
37
36
37
