53
49
53
49
48
59
52
35
47
43
40
44
47
54
54
54
45
55
63
57
60
49
50
49
54
49
53
42
56
50
45
33
29
48
46
50
50
52
64
59
45
36
30
48
38
46
62
55
62
37
28
38
32
38
14
24
34
16
50
40
31
17
39
33
35
36
44
33
26
23
38
39
30
11
29
31
34
31
30
30
36
35
38
28
39
37
33
28
36
32
30
42
22
27
43
49
45
24
29
36
52
59
56
52
59
48
44
54
45
59
49
47
46
59
57
41
40
41
68
41
54
43
52
47
53
49
49
52
48
72
36
46
48
59
54
49
54
52
68
58
57
52
44
59
51
42
55
61
52
65
52
35
25
34
49
18
28
33
37
33
39
24
35
34
41
36
33
32
29
33
32
30
29
21
30
29
29
29
32
26
27
38
27
40
38
36
32
32
46
30
45
30
28
41
35
31
15
32
35
37
52
53
42
60
61
42
45
74
42
52
47
50
46
46
56
46
45
38
52
47
43
46
39
48
57
54
41
49
46
45
47
63
33
51
42
59
47
55
29
65
25
50
60
59
60
43
54
66
52
56
43
28
37
24
32
49
24
25
42
38
36
42
32
24
16
38
30
26
17
19
24
46
27
40
28
26
29
43
28
21
27
35
44
47
32
39
28
38
34
42
45
27
22
48
34
29
29
40
48
30
52
44
39
53
60
47
56
42
56
46
44
47
46
48
43
58
49
45
45
56
48
47
49
56
57
56
43
44
57
50
57
39
51
52
49
55
51
47
50
57
52
51
41
64
70
50
45
47
60
50
35
21
36
31
38
28
24
31
32
39
35
26
42
33
23
37
31
30
35
40
31
24
34
32
31
28
35
31
40
39
37
54
23
42
36
53
31
19
39
35
33
38
38
36
19
39
33
43
26
33
54
55
62
51
62
60
66
47
47
55
34
48
50
50
37
60
57
44
35
48
50
58
54
62
45
54
51
55
57
54
36
52
40
59
45
51
43
38
67
55
59
62
58
55
57
46
51
38
43
68
24
25
34
35
42
45
25
44
9
29
27
31
38
32
33
35
36
20
31
32
28
34
42
45
32
47
39
35
23
29
30
38
39
35
39
30
41
22
19
31
31
27
8
44
28
17
33
37
34
47
