52
51
41
49
51
56
29
45
48
59
61
50
56
27
44
47
51
47
44
45
45
50
57
49
40
58
48
46
64
65
54
53
59
49
48
53
55
44
50
39
46
55
49
45
44
55
49
45
60
52
37
38
25
39
33
35
51
38
48
29
31
36
31
33
40
31
31
30
33
45
32
47
29
29
23
39
25
47
42
31
45
40
29
45
27
31
35
36
36
23
39
31
36
52
51
34
30
38
32
31
54
51
49
55
35
48
51
59
47
62
56
65
49
36
52
53
56
51
63
59
51
46
48
51
44
27
45
48
47
48
47
56
34
49
57
55
48
46
48
47
54
46
43
49
40
48
29
61
46
60
14
37
34
38
34
46
35
24
36
22
21
37
31
33
32
42
33
30
19
32
33
30
36
12
32
56
29
26
46
54
24
28
32
28
41
35
50
31
48
38
25
19
30
42
44
38
32
23
29
40
41
45
53
50
52
45
50
60
60
77
45
62
53
41
36
49
53
51
32
48
47
39
47
49
58
57
52
46
56
46
57
52
57
38
50
44
40
47
46
56
49
65
57
45
46
49
51
50
49
60
29
27
37
30
31
38
42
30
44
14
34
29
25
37
36
32
33
46
33
30
25
41
35
25
43
38
32
23
16
28
39
42
31
33
12
36
18
30
22
27
30
46
34
45
45
36
32
20
32
24
41
57
46
51
52
45
44
33
40
41
51
45
53
50
43
46
63
48
48
56
57
52
57
47
41
48
51
48
57
41
57
52
56
64
43
49
42
44
40
55
55
47
51
41
59
36
51
62
50
51
32
32
33
34
28
17
29
25
14
19
32
35
33
44
31
45
34
40
39
37
41
30
37
31
35
36
27
38
26
37
39
34
31
34
23
29
33
35
27
34
37
42
31
54
33
31
40
29
25
31
51
38
52
60
45
53
49
44
50
52
41
42
46
52
30
47
50
48
49
54
44
37
53
47
47
62
75
53
49
45
60
48
53
60
48
55
54
56
54
56
46
56
53
36
45
64
53
37
52
51
30
31
40
44
32
14
45
35
24
21
37
18
30
50
30
36
33
26
35
29
35
28
36
32
34
29
26
26
30
32
32
26
21
25
25
40
34
39
33
30
24
18
42
54
40
33
41
54
38
42
