52
50
46
44
48
44
49
57
44
51
50
50
61
26
50
56
68
56
43
54
48
57
55
60
60
44
56
42
46
55
53
48
47
59
55
59
40
48
43
70
41
50
48
48
48
58
52
45
52
47
33
36
34
14
48
27
30
35
37
46
23
36
41
32
38
35
29
25
36
39
29
15
36
39
37
35
22
37
32
30
38
33
33
35
26
36
31
16
29
40
32
30
29
31
25
33
30
21
48
31
53
50
58
50
47
35
51
49
36
58
54
55
45
52
56
51
49
46
54
50
45
48
52
49
54
48
50
52
41
68
50
50
56
56
45
50
49
48
42
56
45
53
52
47
63
66
52
51
59
52
34
32
44
28
33
37
42
32
35
41
48
24
29
25
43
31
37
37
32
38
22
21
40
32
32
32
25
26
29
32
38
40
28
21
28
49
38
37
27
23
35
20
33
54
34
30
23
15
33
34
51
55
50
55
67
57
55
55
66
74
65
35
48
57
50
53
37
54
41
46
49
53
50
61
29
61
50
53
71
42
43
45
42
56
49
47
43
52
52
51
40
49
69
57
46
57
50
53
50
59
33
34
33
35
28
11
37
19
46
29
59
39
28
25
30
30
24
26
25
35
33
34
36
37
26
34
46
28
20
46
37
29
27
30
40
33
44
33
41
36
26
28
33
41
21
45
30
28
46
38
50
48
59
46
45
45
39
46
52
56
57
58
55
54
46
48
42
52
56
50
45
42
49
42
47
42
58
80
47
41
51
45
66
46
50
45
50
56
44
45
46
50
45
52
44
62
56
62
44
48
26
28
39
38
32
36
35
26
35
32
30
37
32
30
44
48
28
29
34
31
40
41
22
38
33
30
37
28
40
38
31
32
56
39
31
22
21
35
32
37
32
23
31
35
34
30
32
26
19
34
63
47
50
50
52
57
53
53
45
53
52
50
46
38
47
51
36
27
34
60
53
45
44
40
61
42
54
44
51
51
55
46
52
51
47
52
52
43
36
47
40
48
61
46
53
42
45
63
56
45
32
30
35
37
21
20
24
34
38
34
30
48
37
27
37
35
41
42
34
29
36
27
28
37
33
32
37
40
28
44
22
35
28
33
33
41
33
35
41
39
34
22
37
27
29
45
33
33
32
36
