52
41
54
51
41
43
51
43
65
56
39
45
57
38
47
43
51
53
58
53
49
56
56
70
51
56
45
48
64
50
57
53
51
61
47
64
42
46
45
49
47
44
53
54
44
57
32
52
57
56
42
31
30
30
32
33
36
34
32
21
34
38
24
17
30
38
31
31
34
44
42
27
35
40
29
55
38
33
50
43
20
34
25
40
25
41
26
26
11
25
36
35
24
38
45
48
40
31
26
26
47
51
65
53
57
41
38
55
61
55
52
60
57
38
45
53
46
51
46
48
59
58
49
40
47
50
46
43
49
56
48
40
41
59
56
32
50
44
49
63
68
50
52
72
60
42
29
54
60
54
34
48
32
42
25
34
30
41
36
29
28
33
32
31
36
45
45
19
35
29
22
36
37
34
15
35
23
51
36
35
42
42
36
30
37
28
42
29
23
36
52
33
36
36
30
36
31
34
35
30
59
52
54
55
48
56
69
61
53
46
39
58
60
43
52
39
47
48
59
44
45
56
59
54
53
52
57
52
65
46
63
75
45
46
51
49
28
59
67
54
44
57
45
56
51
52
36
53
47
43
30
42
35
34
35
32
29
23
30
29
41
48
34
35
33
32
35
38
31
36
29
31
30
45
34
46
25
45
26
29
9
34
19
22
42
15
31
33
35
17
47
32
31
33
36
14
23
27
34
13
56
49
51
65
57
47
54
29
52
53
19
38
48
55
60
47
51
53
37
50
40
48
50
47
52
55
52
56
48
48
53
49
63
52
53
54
55
46
35
44
48
44
47
52
61
51
46
50
52
59
24
41
39
29
25
29
22
44
27
37
19
47
26
43
36
40
33
23
44
40
39
34
9
34
35
42
25
40
24
29
35
46
41
34
31
23
25
35
39
32
35
33
16
37
30
42
29
18
28
39
52
47
47
52
53
44
41
52
60
52
56
60
50
52
54
47
47
56
24
52
46
53
47
48
54
52
36
39
46
60
57
51
47
57
46
44
53
48
49
49
32
45
49
38
50
37
54
46
44
56
27
39
30
31
20
34
27
37
37
25
31
46
24
48
31
36
44
39
41
31
26
43
30
40
38
29
41
39
37
16
29
35
20
36
23
43
33
41
18
18
36
41
44
49
30
24
29
34
33
29
