37
66
29
54
46
57
52
53
46
45
49
46
48
46
55
52
48
59
41
47
48
48
63
47
46
62
33
60
47
47
45
45
50
46
56
41
42
47
62
51
38
47
55
52
59
40
46
57
48
47
25
43
33
16
43
34
41
37
33
36
30
45
36
11
55
39
33
31
44
31
23
34
34
49
32
31
28
39
36
37
25
31
27
36
29
27
41
41
27
36
24
38
39
34
44
32
23
32
15
19
49
53
73
49
54
58
26
59
39
32
46
54
48
42
55
52
54
50
53
58
48
57
40
41
56
55
51
54
36
52
54
61
43
57
58
32
56
49
50
60
56
55
40
48
47
35
51
45
49
46
21
25
35
53
35
27
31
36
37
38
30
28
23
44
38
24
27
14
35
34
30
23
38
36
41
22
32
35
24
22
31
34
24
50
19
38
39
27
32
38
35
25
28
36
28
29
16
29
36
32
46
53
44
56
45
45
29
62
59
60
43
47
45
37
52
49
49
56
64
55
51
51
60
67
42
44
50
52
41
37
47
55
44
46
52
60
46
58
42
50
57
45
55
43
50
45
47
62
38
64
35
20
36
32
30
30
36
26
38
31
36
33
37
37
24
35
32
40
39
38
24
36
43
26
37
27
31
37
40
31
14
16
31
36
27
30
31
29
25
36
19
31
7
38
32
19
33
30
28
31
64
45
48
53
50
66
39
43
53
47
47
57
45
50
64
47
49
30
66
42
51
51
72
43
61
46
51
46
32
43
47
47
47
54
49
52
57
47
43
47
44
58
44
52
52
53
52
48
58
48
41
50
28
29
34
30
37
34
34
39
24
37
31
45
32
50
32
37
35
44
38
30
30
36
28
47
31
27
14
37
33
33
27
42
26
30
41
37
29
29
37
33
31
26
37
25
34
40
35
37
49
42
46
53
54
48
55
49
55
50
43
47
45
48
45
48
46
43
59
59
50
47
49
51
51
50
49
57
62
54
47
48
52
50
55
65
55
56
56
48
54
65
33
48
61
51
46
56
47
44
25
32
34
46
14
35
27
40
24
39
50
51
32
29
17
37
32
31
32
28
30
45
46
29
35
40
37
30
25
22
31
38
38
28
50
29
29
25
32
51
32
36
28
27
32
31
14
41
27
56
