72
46
44
54
52
59
46
43
44
34
48
61
51
48
50
57
52
54
43
45
36
43
54
68
42
57
25
53
53
55
55
30
55
49
56
36
46
48
48
49
45
41
56
48
51
55
52
45
49
53
36
33
6
28
34
36
34
33
42
40
34
28
16
32
31
39
17
24
21
28
31
29
34
38
54
30
30
40
32
27
36
34
40
36
35
28
38
30
38
33
37
28
33
54
34
25
37
18
33
34
39
48
48
42
52
52
46
47
45
54
29
48
49
52
55
60
54
45
42
56
38
48
42
34
50
39
29
56
52
57
56
38
46
52
38
58
39
51
54
50
58
54
53
61
53
59
44
52
44
48
34
40
34
29
33
25
30
22
24
36
36
27
38
35
35
26
35
39
42
23
34
38
33
34
39
36
35
40
39
41
40
36
38
33
32
28
51
19
28
27
17
31
45
36
31
30
35
26
38
34
56
49
58
53
77
51
43
50
59
48
50
36
47
59
62
48
60
50
56
44
45
35
54
60
45
61
54
55
47
45
61
64
59
55
51
59
58
52
59
42
57
40
49
44
46
48
42
40
52
62
26
35
44
36
36
30
51
24
33
24
19
31
29
39
40
32
6
38
27
30
37
27
20
33
35
33
20
40
31
23
29
38
21
38
33
23
31
38
31
26
24
15
30
30
25
6
33
37
25
38
49
29
54
46
48
48
56
47
50
47
45
55
44
52
54
56
52
53
47
58
64
47
57
45
50
45
43
41
41
49
42
54
59
50
43
57
44
45
52
49
52
58
49
53
42
66
35
38
48
48
40
31
24
33
38
28
34
33
34
35
29
39
26
31
32
34
48
28
24
51
26
37
28
26
27
34
36
45
35
34
47
29
14
37
14
35
31
26
37
23
8
50
32
24
29
35
43
38
42
33
53
47
50
57
45
52
45
47
49
50
55
42
50
50
54
50
68
50
51
52
45
67
41
52
55
35
50
36
46
55
48
54
70
63
59
50
42
46
33
52
48
53
43
50
45
48
52
48
43
58
37
27
39
20
42
34
35
27
37
33
15
33
34
20
38
40
26
28
32
43
29
22
40
29
47
31
31
29
28
36
55
39
22
33
39
13
46
36
36
34
33
29
34
31
34
30
44
44
39
36
