57
45
60
47
49
66
53
51
49
60
48
52
43
55
48
50
50
55
62
48
41
59
46
51
62
31
56
55
56
47
45
54
57
45
44
50
63
44
57
50
60
45
61
53
59
51
39
60
64
39
44
21
33
35
37
25
33
32
23
28
34
22
35
30
35
40
31
29
41
30
42
26
39
39
29
27
42
38
33
39
28
48
32
30
26
26
21
38
28
37
34
28
31
36
27
36
34
34
26
48
66
47
57
34
45
46
46
41
46
51
54
33
41
41
36
67
54
52
33
56
48
47
41
48
41
45
63
52
30
54
55
36
64
50
40
63
53
44
53
49
47
45
66
39
52
44
52
41
45
49
38
33
15
37
28
44
27
41
38
37
23
37
35
33
28
40
27
23
9
34
47
42
24
42
40
29
49
36
47
40
45
48
34
36
29
23
34
22
38
29
35
30
39
31
34
38
29
50
47
46
56
47
49
43
68
56
49
56
55
63
55
48
44
55
59
28
53
48
58
45
56
51
56
50
64
39
49
50
52
52
58
50
33
47
49
45
58
53
49
52
50
58
45
47
62
63
52
54
50
52
41
33
30
34
22
37
28
32
27
42
37
37
30
35
33
41
37
29
33
32
42
38
33
28
29
28
40
17
31
40
28
31
41
29
17
35
29
32
41
29
44
23
29
25
23
37
27
37
32
30
57
42
40
50
47
42
41
50
45
49
51
46
40
39
52
49
44
63
48
56
60
48
46
38
42
53
58
39
50
53
51
51
51
55
43
58
54
40
56
40
66
53
51
37
47
56
64
45
58
49
21
31
33
28
28
43
32
38
31
40
44
34
28
47
28
43
42
34
31
35
32
32
32
53
30
30
37
31
21
30
45
28
34
39
35
29
27
30
34
38
24
24
33
36
41
50
36
36
26
38
57
40
46
52
41
75
50
54
51
53
29
51
40
48
46
53
57
46
42
46
68
43
62
54
43
41
40
47
50
53
43
49
58
53
47
58
52
59
57
49
50
49
60
54
51
51
52
60
49
39
36
24
36
34
39
28
39
17
5
41
43
29
36
27
33
35
24
36
29
54
27
30
32
37
54
46
35
31
29
35
34
31
30
33
35
34
25
31
29
36
30
34
35
30
25
29
38
34
40
33
