51
52
46
46
52
54
63
46
43
57
48
51
32
42
52
48
56
44
43
48
47
55
49
46
37
66
55
38
56
53
40
51
49
44
48
57
35
57
56
51
41
54
62
41
51
44
50
51
49
46
31
33
29
38
33
37
40
28
30
32
31
30
22
59
29
30
22
31
39
27
34
32
34
37
39
30
23
25
33
22
47
30
38
35
28
24
27
35
28
35
39
35
41
39
29
30
40
26
19
30
51
45
44
57
43
48
53
46
71
52
55
49
52
59
43
60
48
53
57
41
43
44
39
52
50
51
56
50
49
46
49
25
47
30
47
51
55
59
53
48
50
52
52
43
44
43
35
53
61
55
24
36
33
24
26
51
32
30
36
23
29
38
41
28
34
33
38
39
34
25
36
28
28
36
33
30
50
32
40
34
30
40
50
28
42
45
31
46
34
35
26
36
41
28
35
36
35
33
35
25
43
59
47
49
46
57
46
46
78
54
48
34
47
35
46
50
46
46
46
59
59
44
44
59
58
54
48
53
44
51
46
50
43
40
43
52
50
42
47
43
62
51
50
43
41
50
71
49
45
35
32
30
31
38
33
34
31
40
26
46
42
22
27
20
29
22
43
40
25
29
40
46
39
9
24
37
33
27
20
35
28
29
31
43
30
27
34
41
29
29
35
22
33
28
31
35
32
33
40
21
55
50
44
55
62
49
53
48
40
49
41
51
45
54
55
55
37
48
41
52
47
54
57
45
56
37
37
65
58
47
51
45
53
54
44
54
50
61
44
51
67
58
77
61
55
42
53
57
47
46
29
33
30
23
35
41
20
38
17
30
31
41
23
30
32
45
34
32
34
21
33
42
24
34
32
57
37
39
32
30
41
32
35
17
27
28
38
25
35
42
35
35
41
31
20
37
29
33
36
32
68
50
52
54
53
43
43
47
49
48
58
41
52
32
48
61
49
60
55
52
45
51
42
36
47
49
60
52
54
43
48
45
75
41
41
54
50
52
29
45
56
57
45
45
37
54
61
54
48
57
32
28
20
21
29
38
23
33
37
38
31
27
35
36
37
36
39
30
27
23
39
12
27
33
30
36
35
48
45
35
23
37
37
35
39
19
13
63
32
32
37
34
36
42
42
45
36
41
47
36
