21
38
50
52
63
48
52
31
55
47
41
49
58
50
54
43
34
46
66
50
60
50
50
39
51
54
50
43
54
48
48
51
50
63
49
46
52
51
59
53
49
52
49
49
39
55
44
47
48
59
48
30
32
22
51
24
31
52
36
29
44
23
54
33
25
33
32
36
37
37
48
38
14
29
30
54
43
28
44
34
34
34
35
40
36
35
39
48
32
28
43
32
42
32
37
32
34
38
28
36
41
49
48
52
62
41
58
57
43
59
60
28
47
44
54
43
46
50
39
57
56
62
47
42
47
54
52
52
60
47
43
42
58
50
48
51
41
54
49
55
57
52
59
56
49
52
56
57
59
52
42
41
26
37
27
26
27
31
31
46
46
11
34
38
56
28
22
31
34
26
31
38
19
9
43
46
33
24
25
35
36
36
35
35
42
16
35
40
46
32
26
32
38
41
32
23
25
47
43
31
48
50
59
56
56
64
55
38
60
49
55
53
54
59
49
37
41
36
41
59
57
60
54
51
53
54
38
46
59
59
56
49
46
51
52
45
57
25
47
48
62
51
50
51
49
50
47
41
60
35
44
30
30
30
34
31
18
30
32
35
37
32
23
26
35
28
23
13
44
33
29
62
26
20
23
39
35
33
41
44
37
41
23
34
41
33
48
21
36
39
33
42
40
29
32
30
42
30
36
55
52
46
47
47
55
52
49
50
43
43
39
42
42
60
33
41
50
52
54
49
48
55
72
47
60
41
47
49
42
48
35
58
58
49
52
51
41
50
50
43
54
53
62
44
52
57
53
41
42
64
9
36
22
42
38
24
35
31
25
37
33
11
32
50
37
43
12
22
30
31
33
39
40
19
36
39
31
38
42
23
20
34
31
33
21
35
30
32
47
33
32
27
29
31
5
39
35
32
35
35
45
48
49
65
50
48
53
55
48
61
48
60
52
41
56
44
45
48
46
47
51
39
47
52
49
49
37
55
54
43
44
48
59
52
59
52
52
51
51
45
42
50
40
58
63
52
48
59
45
48
19
39
35
30
46
34
33
37
39
38
34
35
35
36
30
32
31
31
34
24
27
27
36
26
45
33
40
28
32
23
28
35
29
37
37
33
28
32
32
27
33
38
39
32
24
27
21
34
40
25
