57
56
51
38
47
41
46
55
44
55
69
50
32
49
49
53
48
66
69
54
60
43
41
47
35
50
52
42
51
64
46
51
43
50
51
27
31
49
50
50
30
63
46
49
42
59
50
41
55
35
38
35
37
34
42
33
48
25
24
38
34
33
29
31
39
27
38
30
33
34
39
31
55
35
12
20
29
36
22
40
30
46
34
30
36
32
28
43
41
30
37
29
38
38
43
35
52
29
25
49
44
43
41
47
57
62
45
48
54
65
53
55
41
59
54
38
56
49
44
54
53
44
49
61
55
53
42
39
49
42
36
60
42
47
35
55
52
66
64
55
54
50
39
51
49
49
63
34
48
50
23
32
18
35
45
31
28
40
33
40
16
13
34
43
38
34
31
32
30
28
41
41
34
30
42
37
32
43
35
37
41
30
33
41
30
40
50
30
36
29
25
41
45
30
24
29
35
20
39
38
54
46
51
52
42
40
49
51
47
57
51
59
46
48
55
62
40
42
52
54
55
37
52
43
64
47
47
48
46
53
47
51
50
46
50
53
48
66
40
45
60
35
52
57
53
51
62
62
42
46
39
23
26
41
38
55
32
27
40
33
31
15
21
43
35
11
36
45
38
30
42
32
31
34
40
32
40
19
34
49
37
35
33
33
24
34
32
34
41
29
39
34
33
38
33
35
35
25
21
36
58
53
54
52
54
46
60
51
57
54
48
48
61
44
50
38
62
48
45
54
78
46
56
47
49
55
51
57
49
51
52
43
52
57
60
62
35
44
53
47
55
62
43
56
54
44
52
59
48
56
32
44
18
29
28
37
28
34
40
38
29
21
34
32
33
40
46
36
5
22
44
34
31
38
52
38
24
36
40
26
46
15
39
27
31
31
43
40
33
30
26
30
27
39
36
31
49
38
55
52
51
45
39
57
44
57
52
42
61
43
35
56
55
47
52
48
52
39
55
48
58
58
56
51
40
37
59
55
41
52
54
43
51
55
42
56
53
27
36
55
58
30
37
43
48
52
43
55
48
52
30
39
41
39
36
38
26
17
33
24
40
39
28
33
32
28
29
29
40
29
32
32
27
37
27
20
30
27
36
37
31
29
35
21
25
43
38
44
29
38
39
38
30
34
29
31
39
32
36
36
