39
61
56
47
49
35
58
43
56
57
56
47
48
65
51
49
52
49
46
55
58
41
56
52
47
41
49
38
52
34
44
50
53
43
46
69
49
61
46
43
27
46
44
53
44
52
54
24
51
51
29
40
26
51
34
34
43
33
23
45
24
30
40
29
39
56
40
40
29
32
33
39
35
41
36
34
53
25
45
49
25
29
28
35
36
52
37
45
38
23
33
34
50
40
30
39
26
39
32
32
59
31
51
45
41
52
66
49
44
41
51
57
56
35
40
46
43
39
50
54
64
41
53
51
64
48
49
58
62
47
53
41
49
54
51
52
49
51
50
63
48
62
53
38
49
47
62
50
55
47
31
43
22
37
31
25
45
34
23
27
41
30
32
42
37
47
38
19
29
36
43
20
33
40
33
23
33
37
28
32
30
40
26
22
40
29
24
36
39
40
30
22
33
40
35
27
37
34
33
34
49
59
59
49
58
45
48
52
59
47
27
47
51
40
48
48
64
49
55
42
48
60
50
45
56
55
37
45
48
34
53
52
43
56
53
68
46
48
47
50
45
44
59
57
47
51
43
46
55
53
32
48
52
36
38
27
34
28
30
45
8
33
35
37
37
33
14
36
31
40
31
38
34
33
31
40
35
25
19
21
34
34
43
29
50
38
33
34
33
27
32
31
30
19
30
22
28
27
28
30
54
44
57
53
56
47
46
57
62
42
49
45
67
49
40
43
58
41
47
44
48
38
53
41
44
41
51
43
59
80
48
49
68
45
56
58
50
64
50
54
54
45
55
53
41
65
58
49
38
39
36
35
32
36
20
25
36
28
42
37
26
28
27
37
38
33
37
42
31
35
37
31
30
38
17
51
38
41
39
31
19
37
39
39
41
33
38
36
23
36
13
26
32
36
40
22
38
33
14
32
48
53
43
71
51
58
58
52
52
57
52
41
46
76
56
61
34
45
60
49
54
58
50
64
51
51
46
47
38
47
41
30
40
37
54
43
59
39
64
59
70
43
44
53
48
45
48
61
49
51
35
32
33
34
13
28
37
32
41
31
35
40
28
22
27
27
25
33
30
26
32
31
38
41
38
27
32
36
47
31
36
33
30
22
38
40
59
23
35
33
32
32
24
55
44
29
21
36
37
18
