59
46
30
65
58
58
52
54
44
53
55
58
49
58
63
56
55
45
53
41
54
57
46
48
42
45
53
51
67
60
39
34
44
66
34
39
48
54
56
57
51
48
43
53
43
61
49
45
44
42
31
35
28
39
36
22
31
31
40
38
42
32
38
31
46
41
14
31
26
29
31
37
29
31
32
32
37
17
51
37
38
42
41
27
29
28
40
35
42
44
27
31
35
35
40
35
40
37
42
34
59
42
41
50
53
46
32
48
60
59
55
57
46
38
51
54
70
52
47
54
55
47
49
52
60
52
52
58
52
62
52
53
44
55
53
53
42
45
37
46
60
61
50
52
59
52
49
74
58
52
36
30
26
30
37
31
30
33
47
39
33
22
23
35
31
48
42
32
40
37
34
24
51
40
50
42
34
34
28
33
33
43
42
38
28
23
38
6
30
43
37
33
35
33
23
33
41
45
33
41
60
47
48
49
71
56
47
46
46
56
45
49
38
52
48
54
45
55
58
55
27
48
54
55
52
53
50
53
35
50
42
55
50
64
49
48
37
52
50
45
70
41
54
54
54
51
54
55
49
27
20
31
29
44
40
33
19
34
31
24
28
31
25
42
28
30
34
44
37
27
25
33
32
35
42
38
36
29
18
25
32
31
29
38
46
34
30
32
51
41
32
29
19
30
22
29
28
36
29
35
55
45
38
34
41
66
58
55
61
55
49
46
43
47
53
48
49
52
45
33
46
54
57
55
41
53
41
46
50
42
57
45
55
59
56
48
40
56
45
40
50
66
53
49
62
48
42
60
40
50
38
34
31
45
43
29
36
26
43
32
32
29
37
47
51
19
13
33
19
26
28
28
28
25
25
45
31
32
36
34
31
27
31
27
22
34
35
42
51
41
24
44
52
51
39
28
32
32
32
52
57
41
49
49
52
45
47
43
47
56
51
56
40
53
62
54
63
53
66
56
44
57
50
54
53
46
50
68
43
52
35
46
71
39
54
50
49
53
43
53
55
54
47
45
40
48
68
53
47
54
27
29
26
39
26
33
26
38
26
23
34
30
36
38
34
41
34
33
42
32
38
38
39
38
40
35
39
48
19
32
42
24
34
56
38
38
33
26
38
40
34
35
62
41
35
32
27
37
44
37
