58
59
43
61
37
65
50
48
54
56
47
54
55
49
49
49
64
51
71
42
48
55
58
53
51
50
37
63
54
37
61
39
43
53
47
53
43
46
54
58
53
46
44
40
52
42
43
56
50
78
49
36
37
39
31
26
11
49
35
26
33
39
25
19
45
40
27
37
18
44
37
31
45
34
26
30
29
32
31
41
46
16
29
38
35
24
38
33
29
35
31
44
21
27
33
36
28
38
34
16
63
57
53
54
48
46
54
59
38
60
43
58
57
54
52
53
50
56
61
42
51
62
58
53
45
48
45
47
58
54
47
52
45
65
68
50
61
40
55
52
53
44
49
44
47
49
50
58
32
54
28
32
36
29
34
32
27
34
32
33
36
28
36
47
25
13
23
22
35
41
21
22
38
38
37
36
44
32
39
27
25
15
37
26
29
24
37
22
32
29
36
21
33
30
25
29
45
35
31
32
46
47
44
56
52
55
54
28
36
44
46
44
50
65
47
42
47
50
40
42
49
43
57
56
46
48
59
35
47
58
49
59
49
49
56
57
46
51
47
59
53
58
43
55
49
58
34
49
48
45
28
29
25
31
36
37
36
30
31
36
32
27
32
22
39
42
32
23
37
19
39
28
32
27
33
28
31
27
43
36
32
30
24
34
35
32
46
33
40
41
33
18
43
41
32
26
33
38
35
21
47
51
45
61
57
55
41
45
45
40
55
63
55
36
46
45
56
55
54
44
42
49
53
52
78
44
50
61
40
45
56
46
47
45
52
50
51
57
39
54
37
47
54
50
58
45
46
32
50
57
31
36
36
44
24
35
49
22
39
30
36
34
23
38
38
39
19
29
40
27
28
30
20
14
18
14
36
40
36
37
31
24
29
29
16
34
38
45
34
28
36
34
25
31
30
30
18
29
33
52
54
72
52
21
51
38
52
46
47
57
49
48
30
38
56
47
61
43
47
48
53
47
53
38
38
43
56
43
51
45
52
41
46
54
57
58
55
57
42
74
67
56
51
41
63
57
50
54
41
58
30
31
24
34
42
45
26
30
34
31
37
31
29
35
32
48
47
38
38
33
34
40
31
29
59
11
32
41
37
47
28
27
32
45
34
33
33
28
45
29
32
39
21
29
33
36
40
33
31
31
