39
37
64
52
46
35
42
60
54
45
49
48
37
57
72
51
54
51
47
66
64
57
50
56
52
50
51
35
50
43
43
50
48
52
41
57
36
50
52
58
57
52
44
46
53
49
47
66
52
53
26
31
29
38
12
31
46
33
35
31
29
34
34
25
36
30
37
24
37
34
32
40
51
24
25
29
26
30
31
37
34
36
33
24
37
34
37
39
37
26
36
33
44
53
33
39
30
21
33
39
36
50
47
55
61
61
41
51
55
54
48
48
40
53
54
52
55
45
55
41
51
54
55
62
45
42
43
57
45
54
54
55
59
45
49
38
57
56
58
69
59
51
55
58
50
56
48
52
54
48
31
24
36
29
36
30
32
32
28
37
30
35
30
45
35
16
41
36
32
41
29
25
26
31
29
35
34
28
24
32
30
33
32
32
32
31
39
32
43
32
32
32
28
42
53
24
39
51
25
41
43
56
52
47
49
58
38
32
53
51
51
61
56
37
57
48
38
45
46
32
45
43
47
42
41
46
53
59
50
50
56
60
58
50
26
53
52
47
52
49
43
39
49
53
47
55
55
41
47
51
39
24
46
29
45
35
36
33
45
34
33
19
31
37
29
34
34
22
30
41
38
31
53
25
40
40
21
32
30
34
35
33
29
32
29
35
13
29
15
37
29
32
29
20
33
42
38
35
34
31
56
53
43
58
48
27
53
62
47
49
65
50
45
59
59
49
54
53
46
52
54
50
46
54
49
48
70
53
49
48
59
38
48
47
54
68
53
59
52
32
42
52
57
43
45
27
58
52
59
46
35
32
22
23
38
32
26
29
31
33
25
35
22
41
37
19
30
35
29
31
34
31
32
41
37
17
26
32
39
29
46
17
33
25
28
35
29
44
35
22
48
31
37
44
25
28
32
47
31
28
49
56
49
41
58
53
56
52
55
41
56
45
47
52
55
47
48
39
58
29
39
45
39
54
57
57
52
46
57
49
43
45
39
52
47
52
55
40
52
41
54
47
58
43
74
45
62
43
51
59
38
50
48
44
33
35
31
30
38
24
39
34
24
46
37
23
33
34
30
43
30
32
24
37
35
36
30
46
29
35
38
15
29
38
25
27
27
37
24
30
43
28
35
36
34
34
32
36
19
35
