50
49
43
40
60
45
54
47
42
54
46
40
32
49
58
56
43
55
43
63
52
60
63
48
61
62
56
53
41
68
39
52
50
48
60
57
56
42
60
43
43
52
47
46
63
40
54
54
54
56
35
35
34
30
41
11
37
15
36
36
38
37
22
32
32
39
26
30
27
7
48
15
37
24
36
28
25
29
26
55
30
37
24
35
47
56
37
31
31
33
21
33
32
35
35
32
31
33
28
37
35
52
54
46
51
42
43
44
39
51
47
48
48
47
67
52
40
48
51
57
48
53
56
47
32
53
40
51
50
42
51
59
54
51
56
48
65
51
36
50
37
41
40
54
54
48
48
40
60
50
25
35
29
43
36
28
32
26
19
27
33
37
36
20
24
25
34
44
30
31
39
34
30
48
29
40
39
19
39
37
25
37
23
54
31
40
27
32
29
39
34
42
27
33
31
17
59
26
14
32
39
42
47
38
56
76
45
43
49
48
58
46
46
50
50
27
74
38
70
50
51
33
43
48
35
61
52
61
48
45
47
40
56
53
53
50
53
51
43
47
34
53
60
49
48
46
43
42
47
46
43
35
37
38
26
35
34
44
35
55
33
24
30
31
37
17
25
25
29
46
34
38
26
28
35
27
36
32
36
34
28
35
35
41
32
41
36
29
34
29
23
55
38
43
30
39
29
22
43
22
40
43
60
54
56
51
41
48
47
39
52
53
46
56
46
48
51
52
57
44
49
50
51
54
62
45
44
55
51
49
48
50
43
58
56
56
52
34
53
56
57
56
53
52
56
43
46
55
49
51
35
25
34
20
46
38
43
29
48
34
28
22
30
28
44
38
39
42
34
42
29
41
33
34
31
33
33
39
22
35
32
32
31
50
28
28
35
33
29
17
37
31
32
27
32
29
29
38
28
29
52
50
45
56
38
44
50
52
52
46
50
49
45
37
49
48
48
47
41
55
61
53
50
57
52
45
60
36
51
42
45
47
59
47
50
51
45
48
54
43
55
38
56
70
38
51
50
55
51
49
23
29
24
38
37
17
35
27
35
34
31
47
30
31
20
35
38
25
35
41
33
28
31
33
22
30
32
22
47
36
41
38
38
15
22
27
51
40
41
37
39
29
39
38
30
29
21
35
26
29
