64
56
56
57
57
56
50
58
44
57
35
48
56
64
40
41
46
55
53
49
53
50
45
51
75
51
62
57
41
54
59
38
54
42
41
49
58
46
47
49
52
54
49
51
54
37
49
44
50
42
41
41
35
50
32
40
39
35
41
31
31
35
32
32
41
31
29
33
32
35
30
39
56
36
30
34
29
32
33
33
41
34
40
41
52
30
33
28
31
18
31
39
31
35
36
40
28
28
35
31
47
52
54
47
53
55
55
40
52
55
52
52
65
55
49
54
60
67
59
55
55
48
45
50
55
62
56
52
49
51
52
51
40
42
62
55
47
54
55
47
47
57
58
46
59
53
56
49
47
49
39
32
33
38
38
34
40
23
44
46
36
35
32
43
32
32
32
27
32
27
35
37
36
37
35
35
40
35
14
38
34
29
34
20
25
28
28
48
16
38
31
32
46
35
39
34
26
33
28
32
45
45
66
68
37
32
51
48
58
53
53
51
49
47
61
35
54
50
44
52
60
51
49
58
39
52
42
52
49
55
59
46
52
58
38
47
46
43
46
50
60
47
57
53
45
59
54
49
53
46
4
35
32
34
37
41
10
38
33
34
39
34
40
26
41
29
39
25
43
31
18
35
32
32
36
34
41
24
18
40
37
38
31
41
38
29
30
34
38
35
12
31
47
31
37
32
32
29
34
43
42
48
49
59
49
52
53
45
50
56
45
59
52
49
48
44
59
56
58
52
48
42
43
38
46
42
53
47
48
48
53
52
37
48
48
44
56
51
46
42
38
51
45
56
54
49
48
49
49
55
17
31
34
44
34
39
27
31
30
18
34
32
31
19
34
33
43
28
31
37
35
27
34
43
35
29
40
32
38
22
34
23
36
29
24
26
28
31
51
32
45
30
31
34
25
45
33
22
9
25
60
58
40
45
57
43
41
53
53
44
56
49
58
69
45
57
58
56
42
57
55
54
42
58
48
64
57
36
48
30
47
60
54
47
47
52
59
44
49
51
46
47
56
47
58
52
57
47
54
46
23
36
33
41
38
35
41
38
24
39
37
24
48
28
41
34
30
31
37
37
29
38
33
46
14
33
44
32
31
11
41
38
40
26
26
35
28
28
37
30
17
36
21
28
29
29
31
15
32
36
