47
42
50
53
42
44
50
46
48
69
71
56
55
47
47
48
49
52
47
48
71
40
54
53
52
49
61
50
48
72
51
52
52
45
56
43
49
43
56
54
42
61
49
60
45
62
61
43
65
45
39
43
28
44
28
34
38
28
36
30
37
55
39
34
26
33
24
20
41
40
21
20
39
36
36
40
44
31
52
32
26
33
34
13
28
32
38
31
38
31
35
32
37
23
33
29
37
36
27
13
56
46
44
51
50
60
60
57
58
53
57
41
46
54
49
50
45
43
48
64
41
76
48
48
34
39
51
48
56
53
77
43
36
54
59
49
49
51
58
52
55
58
50
44
51
46
57
38
65
46
23
36
29
34
24
42
47
37
44
40
28
33
29
29
20
28
37
35
30
30
40
36
44
37
41
32
37
34
46
35
21
24
35
37
35
28
34
35
24
24
36
33
38
37
40
32
32
33
36
40
49
58
51
49
46
68
63
44
57
49
35
58
49
51
53
56
54
66
48
46
51
41
52
52
53
43
34
51
53
49
74
62
45
59
45
48
46
64
54
49
49
49
47
65
44
59
53
55
58
66
35
26
26
39
30
50
29
48
24
29
32
32
40
33
34
27
13
27
31
34
33
41
59
32
35
33
45
34
38
46
47
28
30
35
33
32
15
24
31
41
37
33
31
37
34
47
25
8
34
22
44
48
51
56
46
47
59
57
43
51
56
34
53
50
42
42
55
52
59
49
50
41
58
64
45
53
40
60
51
54
47
43
45
43
54
50
55
52
56
65
55
47
48
51
48
58
49
48
48
49
38
28
28
49
45
40
37
33
20
25
31
42
33
36
33
32
27
32
38
40
37
32
33
35
25
33
59
39
34
40
41
33
32
29
33
34
35
32
44
35
37
26
40
32
42
25
37
37
34
40
77
57
59
53
38
55
57
47
54
46
57
51
51
36
60
47
46
62
56
52
48
54
59
48
50
73
53
51
53
50
43
44
38
55
38
50
54
68
55
50
58
54
54
69
54
58
56
52
63
60
31
30
28
21
27
33
36
28
27
39
31
23
30
20
34
31
37
36
34
27
35
23
38
22
39
36
33
35
34
17
35
21
37
34
28
39
29
27
29
32
27
34
24
27
32
32
29
34
48
28
