62
43
43
48
56
56
61
53
48
50
25
53
47
47
41
47
51
39
50
46
43
35
48
65
47
48
47
53
59
49
56
56
42
42
53
42
39
49
45
43
53
39
34
32
46
44
41
51
55
46
21
33
33
38
30
39
31
36
32
31
41
41
30
32
30
41
40
42
23
32
39
25
35
37
27
17
33
31
33
25
48
20
38
35
23
28
36
42
31
33
25
49
32
41
43
15
30
40
32
40
43
48
44
53
32
52
63
48
43
60
60
57
47
55
46
54
38
47
53
64
47
57
52
64
48
62
47
45
59
47
56
48
54
62
63
43
46
48
52
51
47
56
52
44
53
33
50
64
77
33
37
38
30
34
27
21
19
28
27
43
28
25
30
31
36
17
30
24
36
38
27
15
36
32
32
23
35
36
42
28
30
31
37
38
26
40
31
33
17
32
22
38
31
30
24
37
51
31
41
26
64
39
44
53
51
50
51
43
49
68
47
51
51
70
46
46
41
52
50
47
48
46
58
59
57
49
48
59
49
54
52
49
49
52
61
45
72
49
41
52
42
52
48
48
53
45
53
48
42
35
29
31
25
44
40
31
13
26
34
31
32
50
38
32
17
31
34
31
27
30
40
28
39
34
33
34
41
15
24
28
33
40
36
49
43
27
31
38
37
30
29
39
39
39
34
28
30
41
41
42
46
35
46
40
54
49
43
50
50
32
53
61
48
56
53
46
55
48
41
54
42
45
44
47
54
55
62
45
50
47
55
61
49
70
47
55
40
30
50
59
56
48
61
35
44
63
48
50
51
48
37
36
32
35
37
14
31
42
36
40
53
28
34
29
32
35
27
36
21
29
41
17
29
40
28
45
25
12
34
35
42
15
28
29
36
35
38
11
56
32
32
36
26
33
23
24
34
29
29
21
49
49
61
55
56
53
54
47
48
53
52
52
63
51
45
46
55
64
50
52
54
48
56
48
56
57
58
58
33
45
58
50
49
52
52
55
65
44
44
42
54
51
52
47
50
56
52
50
51
51
33
31
45
30
24
33
31
40
37
20
28
39
16
31
38
34
34
31
26
37
35
37
37
28
34
44
35
33
32
34
33
16
40
29
32
6
25
28
30
44
51
28
47
28
29
32
40
30
26
34
