47
62
49
40
49
64
53
45
43
53
50
55
55
43
47
47
54
58
51
62
50
46
49
65
50
58
44
54
64
46
65
50
60
60
38
33
50
47
47
53
47
57
34
54
54
57
53
42
45
66
31
37
33
35
46
33
28
47
24
31
44
51
45
36
16
27
39
35
35
32
31
26
31
41
30
29
34
29
30
33
32
40
28
31
27
31
25
32
32
24
38
33
39
36
46
20
31
22
33
41
62
57
51
45
44
52
36
51
53
44
54
50
53
65
48
50
49
55
35
55
44
45
47
50
33
51
49
56
60
50
49
50
50
50
52
52
58
54
47
71
51
63
58
54
50
49
52
51
56
51
37
34
37
37
37
27
29
35
41
20
17
33
29
38
43
31
14
29
41
22
22
32
36
44
42
33
27
23
41
47
34
45
38
32
35
32
36
37
30
39
41
34
30
42
32
44
37
27
30
35
47
53
47
48
50
50
60
57
60
58
35
28
50
52
54
55
56
46
60
58
55
53
41
50
62
30
26
41
64
58
54
50
52
42
50
53
43
49
53
43
57
65
55
43
52
60
53
50
35
49
36
33
34
43
36
38
25
34
33
36
40
38
29
21
52
38
52
26
40
52
38
25
25
29
40
36
33
40
24
33
30
37
28
39
27
30
27
29
27
24
35
42
28
23
30
31
31
24
27
23
48
54
56
47
49
44
49
45
53
51
59
49
57
46
63
55
60
60
45
51
54
52
50
48
39
46
61
51
48
47
39
34
53
50
54
57
47
51
50
62
42
49
63
64
51
50
49
70
23
49
38
24
27
30
37
37
34
23
34
40
23
31
31
50
35
32
27
43
13
29
33
47
39
29
34
26
39
32
15
39
32
19
28
26
19
27
23
33
45
33
28
39
32
32
25
43
31
36
36
21
58
54
64
47
56
58
51
45
35
52
42
43
37
36
53
44
55
58
60
47
53
56
52
57
51
54
46
50
40
54
58
55
50
63
54
46
42
54
55
58
54
68
56
22
56
59
46
38
59
47
31
32
28
45
29
39
38
35
29
41
31
26
45
22
19
20
13
38
40
33
26
41
48
37
41
31
20
28
37
44
24
29
30
34
34
30
41
38
42
29
42
36
32
42
39
34
32
40
25
22
