48
29
59
57
46
51
53
39
48
48
38
46
45
60
39
58
59
58
53
37
45
40
49
53
35
28
45
69
52
58
52
46
37
39
48
47
58
58
49
44
36
42
51
56
49
60
37
68
53
49
41
38
20
38
26
40
37
24
34
40
34
29
20
32
41
35
34
18
23
37
35
33
33
16
37
35
32
29
31
22
37
29
39
38
37
35
30
41
33
38
41
38
28
41
43
40
32
28
31
31
51
51
49
43
68
41
46
58
37
56
55
46
58
55
54
63
54
39
34
57
38
57
60
52
58
48
46
41
47
38
50
48
45
59
35
60
32
63
49
42
59
68
57
55
57
44
37
59
44
43
41
44
40
34
18
62
22
37
38
33
33
35
26
14
31
18
50
29
22
36
47
37
41
32
32
16
26
30
24
37
29
36
33
25
30
36
35
31
27
31
37
47
48
28
39
32
28
22
32
28
48
48
42
51
51
50
55
43
40
50
43
53
50
56
46
49
44
64
48
54
52
47
35
52
52
64
56
40
52
47
45
55
44
45
62
53
42
53
59
35
57
45
60
48
47
47
55
51
51
49
38
34
24
25
39
34
29
49
61
41
24
27
47
35
40
33
29
35
32
33
21
31
27
35
36
34
54
35
31
33
32
35
49
34
17
33
34
35
51
34
36
36
36
33
33
31
41
31
38
34
52
60
22
50
57
47
47
54
50
60
46
34
49
69
58
49
61
46
43
47
54
53
48
49
60
53
39
49
45
53
53
58
51
54
49
54
42
60
46
47
48
45
48
47
50
57
51
59
56
48
33
41
25
26
25
36
31
30
36
19
31
29
37
35
27
33
29
25
39
42
38
34
33
39
36
34
59
36
55
40
33
47
34
40
28
14
34
26
30
24
36
59
26
18
39
26
29
41
36
36
52
41
49
52
52
26
53
45
48
52
52
44
54
32
53
46
46
58
59
52
59
46
64
57
51
49
49
55
40
49
48
58
41
62
51
51
52
64
56
59
52
40
61
54
45
55
55
56
48
50
13
31
39
38
21
33
41
49
37
38
25
34
32
28
47
21
43
33
28
34
39
11
35
32
30
37
51
40
39
30
28
38
31
34
38
31
32
27
34
25
31
44
37
38
30
21
38
24
26
39
