49
49
52
30
48
53
50
55
44
55
59
40
48
48
53
50
53
49
51
54
37
44
60
45
57
50
42
57
59
46
52
52
52
49
55
47
51
53
45
40
47
49
66
46
42
59
50
50
65
41
45
17
36
31
47
39
31
30
32
30
35
33
30
40
36
31
36
30
42
31
33
31
42
28
30
35
32
36
46
19
29
8
29
38
25
34
36
17
32
34
48
36
24
32
30
39
35
29
35
29
50
53
48
65
47
47
50
53
50
53
51
51
53
56
53
46
47
52
58
60
46
41
63
32
52
58
48
47
59
43
62
55
51
52
54
48
44
54
39
46
41
40
49
52
57
55
42
47
47
51
43
37
37
27
35
30
32
19
41
34
36
45
40
32
29
27
35
33
34
31
31
34
30
28
27
31
29
30
21
27
32
35
41
40
39
37
32
35
30
32
38
33
33
31
28
41
30
23
45
24
44
48
49
55
46
40
46
64
57
42
45
48
33
41
67
52
54
41
46
58
53
53
41
66
46
35
58
44
27
59
59
38
48
56
50
62
55
44
48
51
37
35
47
56
48
47
47
55
44
46
32
32
32
28
30
28
44
31
31
24
33
22
34
24
27
44
27
35
47
36
23
29
48
33
49
29
36
24
27
27
32
33
35
29
37
24
26
36
39
49
22
27
19
29
38
25
32
38
38
34
52
51
48
45
47
38
59
53
54
43
52
51
51
52
55
47
54
52
56
46
53
54
49
52
47
43
47
66
45
47
52
51
44
54
56
51
53
45
45
53
37
47
54
50
48
53
46
55
61
47
31
44
44
28
36
34
32
41
31
44
35
24
41
34
41
36
38
46
42
41
30
31
33
35
49
12
30
31
42
32
34
32
29
34
26
32
40
33
33
34
34
48
15
30
41
36
40
46
32
28
53
49
45
63
54
40
49
47
54
49
65
56
45
44
38
53
47
44
49
53
71
48
45
53
47
50
42
56
54
46
44
52
48
54
43
46
57
61
54
42
56
52
51
40
54
47
49
51
42
49
26
34
38
38
34
21
31
37
37
28
30
30
24
34
37
44
30
30
28
22
37
30
32
26
31
37
36
32
32
31
37
36
38
26
22
22
28
23
40
38
32
23
27
44
32
42
34
34
32
27
