43
41
56
49
51
57
58
44
49
45
44
46
58
49
52
55
46
57
64
50
58
44
52
45
51
58
72
50
45
53
45
58
51
65
53
52
50
46
61
39
52
49
48
47
53
37
41
52
57
41
31
36
34
33
40
12
18
41
29
37
36
31
30
42
28
20
18
33
26
37
62
33
23
24
30
31
35
26
40
34
31
30
40
37
34
31
42
37
21
28
29
41
27
38
32
31
36
34
37
20
44
60
57
44
48
39
56
53
38
52
38
57
48
56
47
61
47
46
54
52
52
61
50
45
70
50
46
47
57
62
54
59
48
53
47
44
52
56
53
36
50
50
52
58
52
45
39
53
48
46
43
38
32
40
50
41
35
37
38
34
21
36
36
27
30
41
18
43
17
28
40
29
43
27
24
40
25
24
34
32
32
38
26
39
23
37
14
31
33
43
27
44
47
29
34
10
33
32
41
36
42
49
45
53
52
59
52
32
49
33
55
52
54
56
55
63
48
48
55
55
52
60
53
66
44
43
55
49
49
49
48
39
49
66
45
40
72
51
45
49
46
47
52
41
53
53
48
52
47
55
39
41
47
25
18
37
26
41
35
31
54
32
25
28
39
17
32
23
35
28
37
47
28
26
34
23
41
41
28
36
37
33
32
20
41
44
40
22
21
28
41
28
59
33
40
34
36
21
29
29
52
41
56
62
44
43
42
72
52
48
43
46
69
53
33
44
62
44
52
51
42
56
57
53
44
49
57
28
52
41
56
47
36
49
60
52
46
31
39
45
43
40
48
57
42
37
47
47
44
56
25
24
23
33
41
36
38
31
30
39
29
26
34
59
32
40
33
37
34
24
41
32
36
34
23
22
29
46
37
35
52
22
32
29
42
26
47
32
39
37
35
47
33
29
16
46
27
37
29
32
44
42
49
51
74
48
39
46
54
45
67
48
37
63
48
43
49
70
54
53
37
52
48
42
56
60
52
51
60
32
59
33
48
41
56
40
41
41
47
56
51
60
51
54
57
56
34
38
55
43
55
38
28
16
37
39
38
25
34
35
30
25
18
30
32
24
42
38
36
25
29
35
31
48
21
17
26
34
35
32
36
40
32
24
37
32
39
35
20
42
42
37
33
30
33
32
34
42
34
38
