63
51
42
52
52
41
43
49
37
53
50
46
50
40
48
54
59
74
38
44
52
64
44
75
49
45
43
44
43
29
53
54
52
49
50
49
56
52
45
45
54
56
36
40
51
54
50
44
50
52
22
39
25
26
27
21
36
39
37
15
32
45
37
32
36
39
29
27
36
41
37
30
26
42
35
38
46
35
33
35
44
42
35
40
26
23
40
30
37
42
31
32
12
31
38
17
37
21
28
35
41
57
52
38
43
58
47
46
57
49
40
40
58
49
55
48
47
47
48
47
43
38
57
60
47
43
48
57
47
58
54
51
48
56
49
58
48
53
50
43
59
60
66
43
46
78
51
58
46
41
22
39
44
35
36
30
27
34
33
33
32
36
48
44
17
23
30
30
26
30
28
33
48
22
28
31
37
36
34
37
39
32
31
43
24
35
49
35
32
37
23
24
40
11
37
29
19
32
37
24
59
54
37
40
48
54
58
47
53
43
48
51
42
26
60
57
36
54
62
54
51
46
56
49
66
57
52
39
42
47
48
52
53
47
55
50
63
53
52
57
57
50
52
30
51
57
50
59
50
47
38
40
39
24
34
41
33
32
27
31
18
38
25
32
38
35
27
29
4
34
29
37
47
28
35
37
32
27
38
31
21
22
24
29
41
28
29
42
30
36
28
27
34
19
24
32
34
30
54
34
46
51
42
50
57
36
54
52
50
47
52
45
49
52
48
57
55
56
53
53
55
59
53
47
39
68
55
49
50
45
54
64
28
52
51
43
38
44
49
57
39
50
49
38
49
47
59
59
48
42
9
31
31
35
34
29
27
30
29
40
27
20
30
38
31
31
46
38
57
23
48
36
28
40
30
41
39
38
33
42
30
37
46
23
35
41
22
25
29
34
20
27
39
36
19
28
29
26
27
31
25
39
47
50
55
55
54
44
52
41
56
54
48
54
47
51
53
52
49
54
62
37
38
58
45
58
49
50
57
43
39
46
57
59
58
58
36
56
40
46
46
60
53
49
57
30
65
67
69
34
35
24
36
24
46
29
44
26
36
29
39
33
18
35
26
22
29
30
35
36
35
39
32
32
41
26
41
35
24
37
8
29
41
38
37
31
34
35
34
33
29
27
39
35
28
34
42
48
24
31
