75
31
57
65
37
53
53
51
45
50
51
47
50
49
48
52
50
48
47
51
49
35
43
39
20
50
50
35
42
45
49
47
53
52
37
72
49
42
59
49
61
44
46
55
66
43
48
39
47
55
33
31
35
42
33
31
30
22
38
34
29
35
52
23
43
26
32
38
21
28
51
35
33
32
28
36
6
23
30
28
42
35
38
41
31
31
30
36
21
39
31
31
47
47
20
39
30
35
36
43
42
38
47
70
34
63
47
47
41
42
33
49
37
55
57
47
45
48
40
56
49
40
73
44
68
45
44
51
49
57
56
55
70
53
47
56
55
43
50
48
43
55
55
54
42
50
57
51
50
57
21
36
35
29
22
44
33
53
22
31
28
41
30
40
35
34
45
38
31
28
18
19
35
38
29
47
32
30
27
37
29
30
34
24
52
30
37
49
27
27
32
22
46
36
17
44
44
31
54
28
40
44
41
52
52
60
55
40
49
44
46
52
64
53
51
52
22
49
58
51
53
55
41
45
43
48
50
46
59
67
50
63
51
39
50
42
52
62
52
45
60
45
51
45
56
49
53
47
52
55
31
34
35
33
10
32
43
32
29
22
33
32
39
28
38
30
43
38
50
20
34
36
27
34
30
26
28
36
30
26
40
36
32
28
27
34
32
30
31
54
37
27
25
29
13
23
31
18
33
27
52
48
55
44
52
65
65
54
52
47
38
58
60
54
45
51
58
39
47
59
48
49
61
77
45
55
50
55
42
50
47
43
50
51
44
52
45
47
44
47
57
44
51
51
42
46
52
57
39
60
19
40
31
43
30
24
38
36
39
23
33
21
30
27
34
56
30
27
45
38
48
33
30
31
17
35
32
29
30
18
27
33
29
28
38
33
12
25
34
12
27
25
12
35
34
46
36
29
33
35
59
52
54
64
48
45
31
42
55
28
56
59
59
48
51
49
43
53
55
39
50
48
45
56
43
66
42
49
44
51
56
45
56
56
50
51
38
53
42
41
41
55
56
54
55
59
50
50
53
56
45
33
19
37
43
32
22
36
35
46
33
32
34
30
28
33
31
15
29
56
26
37
36
26
36
38
35
32
34
24
35
43
26
44
45
38
37
32
19
38
27
41
39
28
38
18
43
26
41
35
