45
46
49
46
46
46
36
32
47
53
50
48
43
36
49
54
51
52
74
46
52
38
56
44
57
67
56
49
55
51
49
62
52
61
50
22
51
56
46
51
41
52
47
59
47
62
21
55
50
24
40
19
37
39
32
38
22
39
18
52
29
32
37
36
32
34
26
35
24
25
32
33
22
35
31
32
45
24
28
38
33
31
35
31
19
31
27
48
40
33
35
31
28
28
31
34
37
37
36
42
51
62
54
60
50
49
50
56
56
51
55
47
62
37
43
51
57
52
41
53
46
57
57
43
48
77
29
51
40
59
53
50
44
48
57
58
46
51
38
52
56
54
38
52
47
47
44
53
39
49
34
32
30
31
53
24
29
23
35
35
36
19
29
16
51
28
32
30
27
22
38
37
36
36
34
29
39
34
32
30
41
44
28
40
33
39
27
30
48
40
36
35
27
37
30
31
36
38
37
36
78
48
32
60
57
72
75
49
57
47
42
33
35
52
44
36
49
52
51
43
43
67
57
42
45
58
44
47
31
47
33
58
38
49
53
45
65
55
50
58
49
49
52
48
52
52
63
60
51
46
20
36
38
36
30
32
41
23
36
42
37
41
25
32
41
23
32
23
40
31
19
31
36
20
26
26
32
30
38
45
27
34
23
20
33
19
25
34
34
27
38
46
36
30
28
32
34
39
31
31
45
45
56
42
58
49
46
40
59
58
37
50
42
62
48
61
54
35
58
43
49
42
46
48
52
45
40
43
50
51
52
59
61
56
66
48
41
53
43
47
46
49
48
48
45
51
42
32
47
48
24
19
29
45
31
46
27
36
29
27
33
35
19
30
27
26
35
25
47
42
33
26
31
36
22
54
30
49
36
29
23
13
32
34
38
39
28
40
41
31
22
21
39
31
41
22
34
33
35
26
52
48
34
54
53
56
58
60
50
37
44
40
58
39
39
43
62
56
50
42
50
64
42
53
47
65
41
49
56
49
39
57
53
47
39
53
50
48
59
60
47
49
51
62
42
54
56
53
64
51
32
35
34
18
38
35
31
30
30
25
31
36
39
35
51
40
40
18
34
34
39
32
29
33
31
29
42
30
38
34
37
32
26
25
39
43
27
29
29
31
51
14
47
30
31
28
32
36
30
31
