65
25
55
35
54
44
40
47
44
56
56
46
42
48
38
49
49
49
47
33
59
53
63
56
52
43
41
43
47
55
47
68
47
39
45
49
44
45
25
54
52
43
53
58
52
49
62
44
36
44
35
59
31
19
34
43
38
33
33
29
26
33
38
34
32
46
37
33
35
27
30
36
34
30
32
33
17
25
32
45
35
37
36
22
30
36
37
30
31
27
27
30
35
32
31
31
46
43
34
55
54
58
54
70
50
47
51
60
53
60
48
53
61
52
41
52
50
58
50
48
60
47
51
45
56
53
35
47
52
62
50
42
62
67
52
36
49
53
50
50
41
59
49
52
47
58
59
52
52
53
35
31
47
27
37
33
35
36
43
35
46
41
37
40
39
45
8
39
33
19
27
29
38
22
32
37
41
35
42
39
35
35
31
37
33
30
37
46
28
30
19
28
34
36
35
48
20
32
33
39
45
60
63
53
49
42
60
51
55
50
66
58
52
41
52
54
46
55
41
49
62
47
57
55
49
41
40
43
47
54
52
54
48
42
51
47
40
64
52
55
58
48
45
60
59
44
33
73
52
50
25
31
37
37
38
32
37
32
31
26
21
44
38
35
19
31
33
33
40
49
40
27
39
38
29
41
32
40
34
35
57
42
35
31
36
28
27
36
28
48
39
38
40
38
40
37
41
38
28
28
51
51
44
43
49
53
38
52
48
56
64
46
43
49
50
50
57
54
54
41
56
52
49
64
48
49
48
52
56
55
48
48
48
48
59
49
51
54
57
48
54
53
58
57
42
55
49
46
30
43
26
39
36
34
32
30
14
31
50
47
51
33
21
20
45
34
34
25
37
30
34
26
32
31
25
39
30
36
23
15
39
39
31
21
28
28
27
37
35
31
25
54
38
24
42
42
40
27
37
39
54
59
65
49
59
53
37
52
52
49
51
50
51
56
66
46
45
56
49
48
45
58
39
38
35
58
64
37
49
52
43
42
44
54
51
56
44
62
40
52
56
38
61
46
40
60
49
40
50
51
39
27
37
33
33
25
30
33
39
31
40
37
41
30
33
28
40
31
32
33
36
47
36
32
17
35
48
19
23
31
32
41
44
25
31
35
42
28
25
46
19
32
37
27
29
50
33
35
21
28
