47
54
49
61
57
53
58
26
75
66
48
57
32
56
55
38
47
59
45
44
53
66
65
55
50
63
56
57
50
43
45
42
45
56
58
47
53
50
55
56
57
39
47
59
52
65
48
35
39
34
30
28
38
45
36
31
30
35
32
34
32
28
28
34
35
32
20
25
11
31
36
32
33
28
35
32
30
27
27
34
28
25
31
36
27
31
36
31
29
39
28
37
36
19
32
56
12
33
35
44
45
55
57
41
50
58
39
53
57
57
55
49
41
35
48
55
44
44
53
46
50
41
45
52
55
58
78
49
44
60
51
57
62
33
68
51
63
56
50
54
50
52
53
64
45
60
33
62
62
50
20
28
28
27
32
35
25
35
28
55
30
32
25
52
35
36
43
47
37
30
34
38
32
32
26
29
31
50
34
26
32
31
36
40
30
42
32
21
35
47
52
36
39
27
39
51
35
30
37
41
54
49
32
52
51
52
46
43
47
44
49
52
43
52
54
53
42
58
59
46
47
41
60
62
44
30
41
37
59
50
74
44
60
40
59
41
34
56
62
59
51
56
54
52
51
45
60
49
54
50
34
30
33
34
38
29
24
23
32
30
26
32
43
22
30
37
22
35
30
29
31
31
29
39
31
37
37
37
26
34
49
29
46
29
27
35
42
35
32
36
34
39
34
41
36
27
50
45
36
46
63
53
57
59
49
53
71
60
56
57
47
33
70
55
48
47
53
55
38
44
47
43
48
38
73
44
44
50
45
78
51
51
46
41
50
26
63
45
47
54
45
54
51
51
50
49
54
62
47
48
34
30
39
49
40
38
35
34
29
32
51
49
40
31
24
45
38
11
33
54
29
9
28
29
18
38
28
39
26
31
48
27
30
34
37
31
44
36
39
37
41
31
30
40
32
29
36
42
39
31
58
33
46
53
59
42
52
41
49
47
32
55
47
52
47
38
48
77
48
26
42
40
54
54
49
47
60
52
60
47
40
66
51
54
54
45
53
45
35
44
37
43
45
52
43
52
52
45
47
55
14
23
34
42
34
40
35
23
26
27
28
12
40
18
23
37
37
40
33
38
41
39
33
36
25
25
30
35
34
40
30
34
38
33
21
34
37
31
30
37
30
24
38
31
42
27
31
32
29
38
