50
58
49
49
51
24
49
40
54
61
52
52
45
51
53
59
54
50
48
58
54
53
57
32
53
48
56
45
60
44
55
48
41
49
49
52
49
54
65
46
44
50
58
54
44
64
49
58
44
49
45
39
35
38
23
50
38
35
36
37
23
37
33
27
20
32
41
40
29
37
33
16
33
28
17
39
27
46
29
26
39
37
21
35
41
36
31
34
39
35
23
29
35
37
40
34
38
31
36
27
69
49
48
49
50
54
52
42
47
51
56
53
47
43
44
51
41
57
53
53
47
53
58
57
49
40
50
50
65
47
57
31
53
47
56
45
49
78
53
31
58
50
33
35
60
53
50
49
46
51
42
41
34
33
24
35
36
33
34
33
25
32
34
33
37
30
32
20
42
34
20
31
31
17
31
29
38
38
18
41
29
31
43
31
36
38
41
28
29
17
31
31
28
29
27
35
44
34
25
30
30
49
44
63
47
42
57
53
58
53
32
42
47
30
35
41
47
65
54
45
49
53
40
61
61
52
46
41
50
52
59
59
56
49
45
48
50
51
57
56
51
53
46
54
47
55
51
47
27
50
34
41
39
37
28
31
28
24
31
35
30
24
39
40
25
35
44
51
37
43
32
18
35
27
40
37
45
23
34
33
39
37
37
35
26
28
36
32
25
35
40
26
37
24
39
31
38
25
45
41
56
44
71
53
57
44
38
53
55
51
52
47
66
47
54
47
49
57
57
40
56
53
44
52
38
52
47
65
47
57
41
54
33
50
33
52
36
56
47
50
49
51
64
50
50
48
45
48
49
44
26
35
35
32
20
23
32
18
33
32
43
35
45
41
30
39
25
56
23
34
34
46
24
34
33
33
44
29
24
40
37
30
35
36
25
42
32
34
17
44
29
44
28
37
14
48
54
36
38
34
43
59
54
47
55
34
46
67
53
57
58
36
37
48
41
51
54
52
45
61
44
52
35
52
35
56
52
49
50
49
46
49
49
44
32
45
47
42
46
51
56
55
43
56
50
55
53
54
49
46
18
50
20
43
6
30
12
23
34
39
30
32
32
40
33
35
29
44
35
31
33
36
30
33
33
40
33
24
51
38
31
46
32
32
25
26
38
43
28
30
34
33
18
15
25
50
28
29
38
16
