47
62
43
48
50
65
49
55
38
55
57
49
51
64
46
60
61
50
54
58
60
53
40
44
56
45
55
47
64
45
57
29
42
47
31
52
50
48
65
51
48
55
50
50
57
55
49
54
54
50
49
31
33
33
23
44
34
31
38
35
39
30
32
31
39
25
42
24
38
29
46
19
38
24
43
38
33
35
39
43
26
27
40
27
33
18
40
16
33
36
34
23
36
47
37
36
31
34
23
27
60
51
66
47
47
47
48
60
48
37
52
49
55
57
52
48
49
70
48
46
49
47
46
47
53
54
59
52
57
46
57
72
50
56
44
58
38
50
49
58
50
56
52
44
48
48
41
49
44
49
24
35
33
39
56
39
59
17
39
19
31
32
33
47
28
19
33
32
33
30
23
36
51
31
33
35
44
45
43
40
35
28
37
25
31
28
34
14
29
38
31
32
36
31
34
17
37
38
35
36
66
57
56
55
44
53
56
62
45
45
51
37
47
41
45
48
44
53
52
50
51
44
52
45
49
50
51
47
45
49
31
48
48
41
29
50
46
46
60
52
62
61
71
47
41
52
47
53
51
46
22
26
39
37
27
35
36
29
22
40
27
31
29
52
35
39
35
33
25
33
43
56
28
34
29
31
30
31
38
34
39
52
22
39
29
4
44
37
53
31
38
17
35
32
25
28
34
44
27
30
63
46
46
43
62
56
48
53
43
37
70
49
63
52
53
54
47
44
48
48
65
50
42
48
45
45
60
44
55
60
49
61
53
45
55
43
49
46
46
39
56
39
48
53
37
42
46
49
44
56
28
39
31
33
40
29
37
23
29
36
40
40
32
36
41
29
18
33
27
8
42
31
30
32
40
32
41
7
31
43
37
44
50
30
37
34
38
31
22
41
27
29
31
33
22
50
51
35
27
28
32
41
64
58
62
51
52
48
51
50
69
54
42
61
58
43
37
46
43
50
54
43
52
53
52
61
45
57
53
60
58
48
48
47
58
42
48
46
41
47
60
46
52
40
48
52
42
34
47
48
29
33
28
37
26
32
30
35
17
30
44
19
28
32
33
33
38
45
29
37
36
37
20
33
37
29
36
43
31
30
29
30
39
38
41
37
41
43
28
37
19
34
42
55
27
31
7
45
21
31
