62
45
59
46
53
41
49
58
53
51
59
60
46
56
36
31
49
41
52
43
56
56
66
46
77
44
50
49
56
60
38
53
44
55
48
38
44
62
55
44
53
48
51
59
48
51
43
53
57
47
23
37
36
30
31
37
33
29
30
30
44
35
30
28
37
31
41
35
23
48
41
31
51
39
40
36
36
30
33
43
32
36
40
28
35
45
11
56
37
23
41
31
35
44
35
9
40
34
34
28
67
49
58
44
52
32
51
60
65
49
49
61
71
44
57
58
73
70
63
49
62
46
42
57
56
54
54
41
45
36
44
64
49
20
44
43
33
50
56
49
52
57
56
72
55
32
52
53
58
50
37
34
21
23
41
42
32
26
28
35
37
21
36
32
30
29
36
23
33
35
45
29
27
35
39
39
27
42
43
23
42
34
27
56
19
34
32
30
28
43
34
31
27
39
29
36
31
22
33
33
57
64
50
53
28
49
48
51
60
59
49
53
60
48
60
54
49
37
58
54
49
49
53
42
52
50
51
58
42
57
46
45
47
53
49
45
45
47
54
50
49
52
45
56
43
43
50
45
46
45
44
31
31
29
37
44
26
25
35
37
30
35
38
43
37
38
31
35
26
38
35
33
42
34
38
35
39
37
35
46
33
39
8
35
30
29
30
35
42
24
24
39
28
34
41
37
30
34
39
31
66
55
47
62
46
52
46
60
52
39
38
55
60
65
58
51
49
51
50
54
47
68
51
67
50
57
46
48
49
47
50
51
58
43
60
50
56
53
56
49
48
52
51
50
44
30
48
50
56
72
37
19
33
31
31
31
32
33
30
36
35
45
35
33
32
39
33
24
26
38
28
23
30
30
39
35
42
30
29
42
29
32
38
36
17
40
13
35
49
31
23
20
26
36
25
25
32
40
32
38
55
48
48
56
50
49
48
50
56
52
58
50
50
48
48
47
69
57
52
49
41
55
64
60
49
49
56
45
53
45
40
59
49
41
61
33
47
39
44
53
61
52
50
48
52
65
48
62
27
51
27
33
34
39
30
31
29
38
27
38
33
37
17
41
22
21
30
38
37
34
27
34
41
36
31
35
39
19
31
27
14
31
32
33
42
44
28
36
39
36
25
28
35
30
28
44
32
29
25
32
