44
47
43
54
46
58
66
55
53
52
39
39
47
58
43
53
31
57
35
56
48
59
38
40
59
63
49
43
42
51
68
44
50
49
49
47
32
54
49
53
54
46
63
50
34
40
55
46
63
48
35
32
35
52
17
53
33
45
41
16
30
37
19
40
51
35
42
29
35
34
32
33
44
33
35
17
45
38
50
15
39
40
43
39
34
29
39
40
41
39
34
27
29
35
26
32
29
33
38
37
49
51
53
34
49
44
40
40
48
46
47
59
60
32
46
25
49
50
59
36
74
50
46
38
62
52
52
54
45
46
51
57
46
49
55
40
63
52
45
60
56
50
48
45
52
51
51
39
52
38
39
25
35
25
25
31
20
38
14
36
28
47
37
15
28
27
30
33
12
45
28
33
38
28
35
40
38
31
35
28
29
39
28
32
36
23
30
33
46
35
35
42
40
31
37
44
28
27
39
31
53
49
39
43
41
58
53
58
53
53
52
52
49
62
69
58
54
47
44
50
51
43
50
60
56
59
50
56
47
48
46
53
50
50
32
51
52
44
52
53
53
36
55
53
61
48
46
53
42
45
31
42
26
27
34
36
36
34
29
33
27
19
41
36
33
35
40
37
29
32
37
28
41
40
17
14
21
44
21
25
38
29
41
30
34
24
36
23
32
34
36
39
48
17
44
32
51
38
41
34
45
46
52
36
42
51
38
49
45
45
60
41
53
50
35
45
38
50
45
50
47
47
46
51
52
51
38
48
35
50
47
55
50
51
74
48
48
45
51
51
43
59
48
42
47
45
42
55
47
46
45
27
35
29
48
25
39
34
35
41
39
40
13
33
38
35
44
12
39
31
36
31
22
32
24
51
34
33
34
34
35
35
27
33
36
40
32
51
27
27
39
20
26
42
20
37
34
26
30
31
49
50
59
51
39
51
57
42
41
51
51
54
46
47
47
42
61
67
50
35
44
63
51
59
49
48
45
46
55
61
54
54
40
46
46
46
49
51
53
43
53
51
49
44
60
60
53
47
57
55
34
12
39
25
19
30
52
34
32
36
28
25
17
38
33
35
25
34
46
53
40
36
27
37
37
43
28
14
16
27
37
39
34
26
31
38
29
33
38
34
29
49
36
37
27
29
32
41
34
37
