53
49
48
76
42
47
59
49
45
23
45
67
44
50
55
47
45
52
54
49
43
50
53
44
36
46
54
53
48
45
37
38
67
35
53
32
30
45
47
67
62
46
40
55
51
51
56
39
41
59
38
33
21
39
29
29
24
28
55
20
42
27
24
32
35
39
33
30
54
24
35
37
26
35
32
31
33
17
24
19
44
35
29
35
27
17
33
31
35
38
40
38
37
34
46
16
34
41
33
31
62
49
51
60
57
53
41
52
51
36
48
57
45
47
48
45
59
52
50
52
48
48
58
51
47
49
49
49
54
35
39
60
54
52
51
40
60
46
41
50
36
37
46
55
48
54
44
53
52
56
29
27
42
37
41
45
31
28
47
24
33
33
29
34
56
23
23
34
34
40
36
37
37
30
34
34
38
38
32
25
30
35
36
37
37
39
29
38
34
28
25
26
33
34
30
30
33
44
29
35
49
56
53
51
49
44
43
52
66
61
49
45
54
48
45
53
45
59
54
46
55
50
56
59
61
52
62
45
44
35
47
57
58
55
54
55
44
44
51
52
69
55
48
52
50
51
34
40
37
54
16
26
22
31
24
34
30
40
36
31
39
45
35
33
37
30
38
23
33
48
33
32
37
36
27
34
30
31
32
38
37
29
35
40
27
35
52
23
30
34
41
35
36
27
34
26
17
16
34
47
50
49
47
54
47
48
49
42
68
37
50
49
50
52
50
52
46
49
41
59
58
70
36
52
64
44
58
51
52
44
52
56
55
47
53
46
46
59
53
60
43
51
54
42
46
62
52
47
44
53
22
18
41
38
30
33
32
30
32
47
32
30
28
35
33
33
26
46
40
20
39
36
24
20
37
39
19
27
20
31
42
37
37
32
27
30
35
35
38
32
21
27
53
19
41
38
26
38
35
42
50
42
46
53
56
47
42
53
50
58
57
51
41
54
59
42
37
57
68
49
52
51
49
56
58
36
53
65
55
50
36
47
48
49
54
54
56
53
64
69
55
47
41
57
44
39
30
49
57
67
20
31
35
39
16
50
27
27
42
37
40
38
39
35
40
38
47
33
36
34
40
34
29
33
41
32
59
41
33
38
40
35
50
33
33
48
28
27
54
38
38
40
20
34
23
30
34
43
33
19
