55
53
49
40
65
44
53
39
44
50
51
41
37
55
47
52
59
54
52
45
42
43
51
52
61
51
51
48
46
54
47
55
58
53
34
52
50
53
55
59
49
48
58
62
46
40
45
47
61
45
41
35
33
37
24
22
15
29
37
34
45
35
35
37
38
45
22
49
40
39
30
35
33
32
30
28
24
44
33
36
30
36
34
33
31
32
19
25
42
31
28
30
38
32
47
44
36
21
37
31
51
47
53
50
44
52
57
53
52
47
66
60
47
41
45
45
43
45
47
51
60
50
60
44
49
46
56
48
53
48
55
39
49
48
51
50
75
54
49
47
48
46
47
59
60
44
35
59
46
49
24
32
30
31
45
36
36
41
38
34
22
30
25
32
46
20
43
24
43
38
24
39
34
18
32
47
34
35
40
39
33
35
32
46
40
31
29
36
23
34
43
18
35
40
41
36
30
29
29
29
51
61
50
58
49
40
58
48
52
43
50
56
43
53
52
52
43
47
58
44
49
49
35
57
53
64
30
75
37
52
53
49
51
58
45
58
50
53
56
56
48
51
44
53
50
50
33
48
49
48
32
22
24
23
17
20
39
37
34
40
31
27
29
33
36
31
34
39
43
33
32
41
33
32
33
17
33
32
32
38
31
22
48
41
36
34
29
37
29
36
41
28
37
46
32
29
18
26
48
36
58
53
43
38
44
54
68
58
22
42
44
56
51
45
48
50
60
43
52
47
54
34
57
46
61
54
57
63
29
53
53
43
46
59
43
54
50
62
59
37
49
56
57
52
36
48
44
37
46
49
26
37
28
34
34
23
34
30
31
24
27
35
31
22
33
41
13
31
21
30
30
43
19
27
36
22
37
32
35
30
22
6
34
34
43
36
38
35
25
45
37
29
49
42
38
46
30
34
41
35
51
47
45
55
57
42
51
44
63
56
50
55
50
50
46
55
52
45
56
57
51
50
66
31
62
54
50
52
41
63
58
47
48
50
51
59
43
50
52
45
45
47
41
49
54
53
61
56
40
59
30
25
56
29
42
44
41
32
31
47
28
5
34
19
31
35
27
35
37
15
38
46
26
31
55
33
35
30
29
48
33
32
39
34
35
35
41
28
29
43
20
25
31
33
34
38
31
31
41
54
