52
53
53
54
59
49
38
48
41
63
54
52
61
52
43
49
56
45
49
30
73
49
39
40
47
54
50
51
51
52
47
44
53
51
53
38
45
57
41
62
60
34
65
51
44
45
50
41
50
54
41
36
27
43
24
29
30
34
29
26
32
30
19
28
33
35
38
30
46
23
30
30
31
30
34
47
47
34
37
14
28
28
36
51
37
38
31
27
30
35
27
24
22
30
43
41
33
41
44
32
44
38
45
44
60
48
49
51
57
61
46
41
55
46
36
54
60
38
45
53
47
55
57
43
54
57
58
61
51
60
55
53
45
43
56
38
50
57
37
41
35
36
60
53
42
48
55
56
52
21
22
27
39
40
35
46
10
33
40
35
28
47
31
38
39
32
26
41
35
32
41
40
34
35
27
37
37
36
26
32
27
26
35
29
47
25
36
36
26
39
30
31
8
36
33
30
38
29
23
34
64
49
67
46
51
61
67
78
48
43
44
71
51
52
58
44
46
48
49
56
47
42
45
62
41
55
46
43
62
47
53
55
55
48
47
51
50
42
53
47
57
49
57
38
55
60
57
59
55
57
32
27
38
30
47
37
40
38
38
37
26
34
34
35
27
45
23
23
46
39
32
34
20
38
36
29
39
37
25
35
29
53
33
38
46
29
29
23
34
32
32
31
32
23
35
45
27
31
4
28
53
50
33
43
47
55
63
62
43
52
54
48
56
48
48
55
42
52
55
49
49
55
43
54
47
52
52
52
65
50
32
50
48
45
58
52
48
40
45
50
54
60
43
55
43
46
41
53
60
56
25
29
38
31
23
35
25
32
31
29
30
26
26
34
29
23
32
41
27
35
32
34
38
37
21
34
34
33
26
29
32
32
35
30
27
22
15
32
30
36
27
35
22
31
30
33
26
42
18
36
36
60
52
61
45
49
59
56
42
56
50
48
53
47
62
52
26
54
58
56
38
62
41
52
44
52
42
63
53
59
46
22
55
44
51
72
69
52
34
55
55
71
63
56
60
49
42
48
41
46
49
42
23
38
29
19
41
28
42
27
37
33
22
44
24
25
37
37
44
29
29
24
37
17
32
35
38
30
28
36
24
26
40
39
30
35
34
37
28
17
45
30
33
48
30
27
36
32
27
23
