66
50
43
48
60
55
59
49
48
38
54
57
50
41
50
51
47
49
57
75
50
55
54
53
54
50
39
50
59
44
69
40
52
52
51
52
50
48
49
58
44
48
45
48
60
52
51
55
58
42
33
26
47
28
25
34
35
32
30
16
33
38
31
27
36
29
44
30
34
39
41
37
28
35
32
41
32
14
19
28
37
48
51
45
39
38
34
48
35
27
23
39
36
29
29
28
41
41
43
24
50
71
32
52
49
63
51
55
47
52
57
67
56
50
25
54
53
50
61
53
47
57
53
48
57
47
52
59
51
44
51
51
46
49
43
62
52
53
48
66
53
40
52
51
46
53
64
48
41
48
36
33
20
45
25
27
20
36
30
28
36
36
34
27
40
30
41
37
35
33
28
36
21
59
36
40
44
29
20
39
37
19
26
29
44
31
20
34
29
36
49
31
30
35
30
27
31
24
39
24
41
56
62
60
47
55
55
54
36
48
53
49
47
48
52
56
48
48
55
45
60
44
57
61
42
60
47
53
45
52
51
47
48
41
56
41
43
59
42
48
36
34
44
45
49
51
51
48
32
53
34
29
46
30
34
32
43
33
32
35
22
33
31
23
32
34
26
30
26
36
50
33
37
33
47
17
35
34
31
42
35
33
38
27
47
30
35
41
41
33
36
33
36
33
33
39
25
36
33
11
46
50
51
29
65
52
53
43
43
53
47
52
46
49
39
58
22
46
61
48
48
48
42
70
51
48
48
42
56
54
53
46
56
54
58
43
45
68
34
54
39
48
29
54
68
57
52
32
47
51
31
17
38
36
34
29
39
41
32
29
28
24
20
31
43
33
31
36
28
34
29
40
19
32
40
28
40
15
21
31
31
34
49
32
20
45
30
35
35
32
35
14
34
34
28
53
35
33
22
37
49
49
46
57
50
50
57
48
57
40
51
56
45
47
44
53
38
58
40
47
54
68
52
39
54
60
44
47
45
59
28
46
47
54
52
49
50
54
74
43
56
48
49
50
52
50
70
37
49
60
23
23
40
31
29
25
30
32
29
31
8
33
42
31
21
18
38
37
41
14
41
42
42
29
52
25
34
29
33
39
41
21
41
29
33
41
35
28
44
42
29
20
45
46
34
38
32
33
31
51
