43
44
50
51
42
52
44
50
48
43
50
67
49
47
48
67
43
61
54
54
55
43
52
56
45
36
46
52
38
50
46
62
75
45
44
58
48
51
51
54
57
57
56
47
59
59
56
54
42
56
49
43
34
32
33
49
40
38
31
44
11
19
31
29
54
29
31
36
38
22
33
20
41
40
37
22
27
39
24
33
35
28
44
47
36
37
54
34
51
24
24
29
45
37
38
22
33
34
38
28
47
50
59
44
58
52
43
47
49
46
47
58
51
50
54
49
49
55
33
45
53
49
47
48
49
33
50
51
41
42
50
48
46
50
55
50
48
44
49
59
48
57
49
52
52
42
46
47
49
51
19
33
33
40
35
26
24
29
43
27
33
30
35
34
32
30
24
31
43
33
32
38
42
24
35
51
36
38
37
45
28
38
42
38
39
44
26
26
23
30
45
22
25
27
30
37
22
46
48
42
51
47
54
47
44
56
32
51
46
56
62
52
53
50
47
49
57
32
53
50
53
43
46
47
49
52
36
67
48
53
48
54
46
58
55
50
29
58
50
53
52
45
48
48
46
52
56
42
54
48
45
33
49
30
37
31
32
36
37
39
44
41
41
36
31
32
31
20
9
20
31
41
52
34
28
33
43
6
31
46
33
34
38
40
31
33
41
32
39
34
43
27
37
31
44
28
43
31
30
33
51
57
61
61
38
34
54
53
42
57
61
44
43
52
60
46
41
43
49
70
44
50
66
50
50
57
51
53
53
51
45
60
46
52
53
45
41
53
48
40
51
75
46
49
58
52
35
45
42
50
27
39
43
17
31
34
38
29
33
25
47
16
30
35
38
35
36
41
22
34
36
22
39
21
35
35
37
25
54
12
48
42
33
31
30
36
37
30
39
32
39
33
39
37
40
37
25
31
32
35
57
50
51
49
49
48
53
56
50
52
56
51
42
49
45
47
64
42
43
53
45
51
37
41
48
60
49
47
49
44
46
40
54
27
48
55
49
51
57
59
53
28
64
51
51
65
53
28
53
50
27
38
33
36
30
34
51
43
34
10
52
41
32
31
33
33
38
42
45
44
30
20
32
37
17
34
23
27
22
28
53
53
9
30
30
17
44
32
37
32
43
34
41
35
31
30
41
24
37
25
