44
48
45
43
40
44
48
47
50
48
65
56
19
67
57
36
47
60
53
59
50
56
51
53
44
49
43
50
52
56
42
53
61
42
49
48
47
43
46
52
24
47
60
53
53
52
63
51
64
30
24
34
26
33
32
50
19
30
31
27
27
28
37
29
39
34
54
29
17
48
36
34
40
14
30
38
33
24
30
33
28
30
35
34
38
21
31
43
41
39
38
28
37
41
31
24
34
40
32
14
47
41
54
52
49
34
51
54
70
46
46
59
62
46
50
53
53
40
43
50
45
47
65
45
57
61
64
60
56
40
47
30
66
52
59
49
52
47
54
24
49
63
43
65
50
49
49
57
57
46
31
30
36
23
24
16
38
18
33
9
19
35
33
39
38
36
31
34
28
28
39
42
23
38
56
44
49
17
39
28
36
25
37
23
31
39
35
42
42
26
35
29
39
21
41
40
31
31
39
30
43
46
56
35
66
53
45
51
52
53
48
52
45
63
54
39
54
47
57
62
44
51
47
55
56
43
52
23
47
46
51
56
46
46
59
48
50
54
61
43
51
59
46
56
47
53
44
53
63
44
31
37
31
14
34
34
25
45
41
35
38
40
40
35
29
29
29
59
41
33
33
27
49
26
25
28
50
19
38
32
48
44
33
31
39
12
41
23
33
14
22
37
30
31
32
32
29
29
33
33
46
60
55
63
36
44
46
58
39
45
49
52
58
61
52
62
55
37
56
66
40
50
62
50
39
53
49
53
46
49
37
40
46
58
49
54
44
43
62
52
49
49
48
53
52
58
53
58
68
42
33
37
40
39
32
31
45
27
27
44
36
32
33
33
32
44
27
19
32
22
41
19
22
37
29
34
41
36
22
39
28
27
40
31
33
34
38
40
46
26
45
37
31
34
28
34
25
32
31
41
64
45
50
53
45
52
59
45
59
48
46
53
62
45
74
47
48
53
53
52
37
53
61
60
52
55
55
49
43
52
54
51
55
47
44
53
56
48
54
53
59
48
22
45
48
50
51
50
55
46
31
26
27
28
42
33
32
28
15
41
32
32
34
44
23
43
25
49
44
55
30
14
36
34
35
39
42
37
34
34
34
24
44
36
28
35
39
39
38
34
34
38
36
36
38
30
26
54
30
28
