43
50
47
57
51
53
52
52
56
44
33
43
50
57
56
48
52
42
55
45
55
40
52
51
44
52
53
62
52
59
46
52
43
54
52
38
52
46
62
54
53
42
48
57
47
44
45
51
41
40
31
13
27
41
38
21
40
26
41
30
36
34
34
30
28
36
9
38
23
36
34
59
51
31
20
24
34
26
36
24
12
44
20
31
36
28
45
32
37
41
28
24
33
32
45
35
38
20
8
10
30
58
55
53
51
50
52
46
44
49
43
56
58
59
51
60
60
52
39
53
45
52
49
57
41
56
45
59
53
51
59
45
31
50
47
71
49
47
51
48
38
53
66
48
49
52
60
52
44
63
22
29
27
36
25
28
40
24
32
30
28
33
40
35
43
30
23
43
32
36
37
25
36
47
38
38
22
19
37
33
31
39
24
42
46
30
15
30
31
37
38
42
39
30
16
44
34
31
8
37
49
44
49
44
55
49
47
35
46
46
59
56
65
49
56
53
61
48
63
30
43
52
37
52
51
57
55
51
46
46
39
49
35
51
51
50
55
47
60
53
66
40
46
46
59
26
58
47
47
66
36
34
32
33
48
39
29
16
35
24
32
40
43
34
29
25
31
33
29
28
35
38
50
29
49
45
21
37
30
28
22
31
25
31
29
34
43
30
43
38
24
22
52
34
49
28
33
24
31
33
51
48
49
48
47
48
50
56
44
63
51
37
76
59
45
51
52
58
42
23
45
52
65
49
45
49
54
57
52
43
52
62
46
56
44
46
47
54
57
53
49
47
53
58
37
54
50
44
54
51
40
44
32
30
24
31
32
37
40
26
30
27
31
30
24
22
27
34
50
29
39
25
33
31
33
40
32
43
31
25
34
29
38
24
33
20
27
29
42
32
38
54
44
34
35
44
36
34
34
39
54
53
55
33
49
57
58
52
35
46
74
57
57
50
48
55
52
35
46
48
52
45
55
40
47
58
56
59
52
61
55
47
57
55
66
50
52
63
41
55
47
47
50
64
57
39
58
45
41
52
28
18
29
33
46
27
28
52
24
28
33
34
21
26
32
36
34
30
36
40
34
30
16
31
41
21
29
41
33
30
27
31
33
44
38
26
39
31
32
29
37
36
29
35
35
33
30
28
34
28
