50
72
43
48
39
49
73
50
53
49
46
50
47
62
45
52
45
51
47
59
43
51
47
63
59
39
52
39
46
52
42
48
41
46
50
54
48
57
44
53
42
47
53
59
52
50
51
55
53
55
27
59
39
27
34
31
40
27
39
23
27
40
30
54
41
47
34
32
27
51
37
20
21
20
24
30
23
33
31
30
33
25
26
35
41
29
40
35
35
31
30
36
29
37
16
48
38
30
42
33
50
47
57
46
53
40
37
35
44
54
49
54
45
51
57
45
50
59
32
53
46
59
54
41
43
53
54
50
48
46
45
49
49
61
52
45
50
53
42
38
56
50
42
44
58
52
44
53
54
44
35
48
34
29
31
32
38
39
34
32
18
39
57
25
37
30
32
22
40
25
32
47
8
33
31
59
45
38
51
31
31
38
36
34
32
39
16
37
36
31
34
40
29
30
36
27
29
53
21
24
47
48
52
59
48
66
51
46
43
57
33
47
33
48
55
58
54
48
37
26
49
48
48
48
52
45
57
42
61
41
52
58
47
56
59
49
58
55
47
41
53
47
47
45
38
65
56
44
35
61
41
36
35
40
20
37
27
27
27
36
28
18
37
27
39
44
32
23
34
33
42
25
22
39
32
32
38
30
28
28
32
35
30
29
42
46
25
34
21
27
56
30
45
33
24
35
33
38
27
33
49
49
49
40
48
49
48
63
59
32
48
38
58
54
50
50
47
47
45
51
48
43
65
53
43
47
57
34
48
55
49
44
53
47
46
43
38
60
52
49
50
57
47
53
49
56
68
48
53
48
31
27
26
44
31
32
32
33
39
18
37
34
33
26
35
38
34
35
32
30
24
20
31
27
37
39
21
33
49
41
34
31
30
40
32
21
26
32
34
26
38
33
37
33
37
36
29
38
30
36
55
43
50
51
52
34
55
50
49
51
48
47
52
47
54
29
57
48
47
49
51
45
44
54
52
39
42
40
57
58
49
51
46
66
56
60
49
61
53
45
45
49
51
57
67
48
48
47
57
56
32
25
37
24
30
30
38
35
37
37
32
30
29
27
31
29
35
27
36
34
33
30
23
32
34
31
24
27
42
26
33
35
25
42
35
21
36
37
40
24
30
34
46
38
28
43
31
34
30
33
