67
37
54
40
58
57
64
59
42
38
43
50
51
51
46
59
56
48
42
49
61
50
46
47
49
56
41
56
53
47
55
54
60
48
52
50
47
47
38
51
48
37
43
47
43
48
46
75
63
50
31
32
34
29
18
17
45
40
33
36
38
34
12
41
29
29
39
25
51
30
24
15
37
26
47
20
36
43
45
30
47
37
31
39
27
32
33
41
37
36
40
31
35
35
36
27
20
35
21
34
36
57
38
43
78
52
57
52
50
49
44
52
47
46
50
50
53
53
60
44
42
54
56
63
47
54
53
55
53
45
51
56
46
58
58
56
37
51
57
42
49
36
55
53
37
39
50
52
39
66
23
34
29
40
31
26
42
51
33
31
37
37
34
37
31
20
31
29
6
39
34
27
40
37
44
29
28
31
24
37
41
12
29
28
37
25
38
41
38
19
36
27
31
40
25
36
25
36
27
29
37
49
41
54
71
44
53
45
41
43
36
45
63
56
52
54
54
48
59
50
55
68
57
48
56
47
58
39
59
50
51
60
56
69
41
51
67
43
51
50
57
55
55
48
46
69
37
49
36
52
35
11
35
28
24
31
37
35
38
26
41
45
34
37
32
37
18
27
39
30
36
37
51
14
44
33
32
29
44
42
26
22
30
44
26
38
26
22
33
35
27
29
29
37
17
40
34
33
38
30
50
50
56
51
52
48
58
48
48
43
46
50
54
70
50
60
69
53
45
52
55
59
41
47
44
35
57
36
67
47
54
56
54
56
49
51
53
53
42
62
58
50
44
51
58
51
55
41
50
53
33
32
23
36
41
24
40
23
32
19
39
41
21
32
34
35
33
37
37
32
44
41
40
51
34
46
27
34
32
38
37
31
24
25
34
38
28
33
31
36
27
34
33
29
48
32
35
25
42
26
50
68
50
61
48
62
53
51
49
39
42
51
46
50
51
40
46
44
54
45
48
51
45
65
60
53
44
30
42
47
41
51
51
54
44
44
52
50
59
69
41
55
59
48
52
51
49
49
39
53
31
33
17
42
33
35
32
34
25
29
38
38
33
16
55
34
38
28
35
34
34
40
33
28
24
31
28
31
34
21
38
29
33
24
51
20
37
34
38
37
50
29
27
28
36
23
39
35
42
31
