51
45
45
38
58
58
51
40
57
54
49
46
50
49
48
52
51
40
65
50
47
44
42
52
46
30
33
47
54
52
30
45
52
48
43
50
44
49
50
32
40
56
40
50
42
32
42
45
55
39
40
28
29
36
28
25
34
31
29
32
36
37
37
33
38
36
25
35
38
39
16
44
35
42
16
30
31
31
28
42
23
6
31
41
28
16
39
27
29
26
31
36
31
33
38
36
29
31
48
34
49
44
51
50
52
48
53
55
46
51
50
46
40
43
58
41
52
56
61
60
56
51
43
59
57
42
48
30
53
46
50
56
58
50
54
45
48
42
37
51
75
60
59
43
50
44
48
59
49
49
36
22
25
24
28
29
35
45
35
25
38
29
17
19
47
28
28
26
27
41
16
25
36
21
18
23
35
21
33
45
25
27
34
55
28
34
27
36
21
29
29
31
28
31
31
41
19
43
42
37
49
55
49
47
51
48
43
54
57
59
40
49
48
56
48
30
45
45
42
46
41
40
42
49
46
29
45
53
58
54
59
65
55
69
59
57
48
51
57
50
37
48
51
48
35
52
49
41
44
59
39
39
23
49
28
52
32
40
31
33
33
28
33
38
36
40
32
42
25
28
37
20
21
29
35
28
26
39
36
35
23
21
41
32
38
36
34
27
28
24
33
38
44
37
25
48
39
33
48
32
57
56
46
31
50
34
47
49
47
41
42
50
49
69
44
47
47
39
47
46
65
38
59
38
55
54
38
46
43
45
34
51
44
45
47
53
59
49
55
58
57
54
45
28
48
50
54
51
51
38
32
37
34
29
44
39
31
32
33
34
27
40
40
34
39
38
27
14
24
32
24
31
27
28
17
40
30
48
32
41
25
38
20
36
41
31
26
33
26
26
24
39
36
54
30
30
39
28
30
35
45
44
35
56
47
50
54
42
59
53
43
53
49
37
56
41
47
52
45
55
53
61
59
59
58
59
48
54
41
42
51
46
55
48
55
54
62
55
53
51
53
54
53
60
52
57
44
53
55
64
27
35
28
31
40
38
31
28
23
27
35
11
41
31
37
31
36
24
24
21
34
33
39
36
34
42
34
34
29
35
40
35
35
28
33
55
31
34
53
30
40
21
32
12
32
41
33
26
29
30
