62
49
53
42
57
49
54
59
55
49
46
60
57
65
43
48
51
40
60
50
56
40
54
41
65
53
49
49
51
55
54
42
53
48
53
55
45
50
27
56
63
43
47
48
56
65
51
49
38
36
22
21
35
41
38
23
32
36
29
39
22
26
31
31
27
24
50
31
31
31
43
40
42
40
33
24
26
38
29
19
9
25
27
39
41
27
22
26
28
41
44
32
33
19
35
32
25
34
33
36
39
49
46
51
46
60
67
46
43
40
53
40
50
49
55
48
60
41
57
49
73
50
43
28
38
50
62
51
54
51
56
51
48
48
50
54
35
50
41
53
55
57
39
47
51
52
55
43
48
50
33
45
31
36
39
26
36
46
27
35
27
25
39
26
37
34
32
36
28
34
39
37
40
33
30
31
39
30
20
39
37
40
28
42
40
47
29
5
19
31
35
39
19
33
37
31
33
34
41
31
38
43
56
51
51
42
58
44
62
52
52
56
52
57
63
56
60
55
52
47
41
52
53
53
59
61
37
52
49
47
52
47
43
47
57
41
48
49
56
56
57
52
50
52
53
53
50
57
79
42
38
32
36
39
25
31
30
39
23
35
18
27
33
44
46
29
37
29
31
37
39
31
29
33
32
24
37
23
24
22
35
43
40
29
22
29
25
37
42
35
31
22
33
34
53
29
32
30
40
38
63
44
62
49
50
42
39
52
46
60
52
57
55
39
35
47
56
28
40
42
51
59
38
50
31
53
32
46
52
43
42
45
50
48
62
56
46
50
46
47
39
69
47
51
53
49
53
34
39
66
22
40
30
32
31
35
29
42
31
30
10
23
19
36
28
19
41
36
29
40
33
32
37
36
40
36
18
40
34
41
31
45
29
36
35
27
36
34
24
44
37
29
23
33
24
26
49
30
53
36
51
66
50
59
49
33
48
41
54
56
49
53
56
60
52
46
53
34
39
53
48
54
49
51
49
60
49
55
52
46
35
44
47
53
44
46
68
57
63
60
54
54
53
35
38
60
46
62
67
45
28
31
32
33
37
29
31
20
28
44
45
28
44
26
28
28
38
31
37
30
30
34
38
29
28
37
35
36
23
25
33
22
28
43
45
54
28
20
44
28
27
32
33
31
24
25
42
29
40
27
