49
53
54
54
49
46
50
60
48
47
44
59
52
47
49
51
43
43
51
64
48
42
38
56
57
41
39
77
58
40
49
55
45
39
51
46
62
52
53
44
46
49
62
50
54
40
46
60
51
52
36
22
27
39
31
36
43
16
28
41
18
39
35
47
40
31
36
37
50
32
43
24
29
33
36
45
33
27
42
25
28
33
22
42
34
41
36
34
31
37
49
34
39
51
37
52
47
31
38
35
55
51
42
46
35
69
54
52
54
56
60
52
47
54
48
57
56
52
41
39
55
66
50
49
46
51
57
55
52
47
63
49
38
56
60
48
44
54
36
63
37
50
40
48
41
67
51
58
52
51
29
29
42
26
8
33
37
37
38
31
36
34
31
39
15
46
32
38
39
18
38
41
33
44
31
32
26
27
23
29
25
34
39
32
31
39
46
37
31
49
39
23
19
26
38
48
39
16
31
30
59
60
60
48
37
48
37
47
51
45
61
52
45
52
47
57
51
52
47
43
44
55
52
47
52
41
56
48
69
45
62
50
53
57
43
63
44
49
46
50
37
35
54
46
68
42
43
53
54
67
33
34
15
32
37
27
34
29
43
21
29
51
36
23
40
11
47
31
31
28
35
32
20
30
32
41
42
34
43
7
36
22
39
28
33
22
36
41
46
36
35
43
20
27
23
28
38
27
21
12
60
51
52
52
50
54
60
49
59
47
41
45
27
47
44
52
54
62
49
39
53
53
50
56
47
42
40
59
52
43
55
51
54
43
48
47
52
47
54
59
52
53
55
56
28
49
52
51
50
51
27
28
33
26
33
32
44
29
41
32
36
37
33
47
23
33
38
31
38
31
45
35
33
29
13
31
30
38
54
32
30
29
37
16
40
34
34
44
38
40
17
33
37
38
37
23
28
29
34
35
48
65
46
49
47
45
45
52
53
52
47
54
46
57
51
54
64
45
35
52
55
58
48
76
50
46
46
60
51
44
53
43
52
46
45
59
47
39
41
77
39
52
51
46
56
44
51
55
35
55
24
47
26
41
56
32
32
37
29
29
26
35
27
22
45
33
37
28
40
43
36
32
20
22
26
32
38
37
36
24
37
33
36
31
48
7
26
30
9
40
41
22
31
32
30
37
18
27
42
28
