57
54
56
50
51
55
49
53
43
57
49
65
52
58
40
50
52
41
48
20
56
27
38
52
53
52
48
63
30
43
47
39
48
16
50
48
65
56
53
51
65
52
47
52
58
54
64
53
47
54
33
32
38
31
9
48
33
28
34
35
36
25
35
26
35
37
27
28
37
22
42
27
48
31
28
25
14
20
28
32
38
38
26
35
33
24
34
24
48
26
36
30
29
30
41
41
48
20
39
28
36
49
47
59
19
51
53
52
44
57
57
63
57
46
47
19
68
63
50
54
44
53
53
51
58
68
35
53
57
41
55
44
38
64
53
47
50
49
47
48
56
49
44
78
38
57
49
57
69
58
40
26
32
28
39
31
36
20
36
29
32
26
24
31
32
25
45
41
41
31
23
48
44
31
27
39
8
36
34
30
43
37
17
32
43
48
29
30
24
37
29
24
28
51
31
24
35
32
37
39
49
52
52
62
64
40
58
48
46
50
56
66
56
37
43
51
38
53
53
64
50
54
62
40
41
49
55
40
72
47
58
54
57
51
36
35
45
40
46
59
49
42
53
56
50
57
58
53
50
53
25
27
30
40
39
43
31
35
39
23
37
36
36
39
26
29
39
32
39
29
25
28
33
34
31
30
25
37
27
29
36
30
31
35
42
27
28
30
30
35
34
21
28
40
16
44
28
34
29
37
50
58
35
48
48
49
49
54
41
52
48
57
59
55
64
59
48
52
49
44
50
45
60
51
54
56
47
54
55
51
56
60
49
34
50
45
53
46
54
72
48
50
52
49
50
41
68
53
41
53
25
39
32
47
36
12
43
37
35
29
39
37
29
23
43
39
40
21
36
28
43
41
41
33
35
41
34
34
13
38
30
33
34
33
33
43
20
29
31
38
25
37
40
32
35
42
40
31
41
31
53
37
45
53
52
58
41
52
44
39
46
38
52
49
52
53
55
50
49
51
52
57
71
60
51
53
35
51
62
53
42
65
48
49
52
50
48
67
62
53
48
49
61
60
27
53
37
41
37
58
29
23
30
37
45
42
31
27
35
43
31
36
34
45
39
44
30
22
29
44
33
22
36
34
34
25
31
20
30
38
27
35
35
30
31
34
55
26
37
27
38
49
18
40
19
23
34
32
28
30
