50
50
36
35
59
50
52
60
71
55
47
55
57
48
42
40
29
37
51
34
53
59
51
69
45
56
45
51
55
49
42
46
53
45
71
66
49
48
47
20
49
56
58
45
47
50
47
70
51
49
36
32
20
39
35
30
22
26
40
30
36
22
28
29
31
27
33
25
33
23
31
35
34
23
43
44
37
39
23
26
34
25
37
20
37
48
32
39
33
8
25
10
31
48
33
41
34
29
29
29
52
49
55
52
57
57
46
63
46
50
58
49
48
45
62
53
48
51
58
54
54
55
76
41
54
44
50
40
40
52
49
53
39
66
42
49
53
34
46
48
45
33
57
36
53
50
60
57
58
63
29
35
24
31
36
32
36
32
46
38
34
44
26
39
34
39
44
34
28
43
26
32
16
40
26
10
35
37
43
38
33
29
41
27
33
14
23
36
33
42
22
40
29
31
42
35
35
45
31
42
43
54
52
33
41
47
47
58
43
39
59
54
58
65
50
49
57
27
38
50
72
50
48
49
56
47
31
48
55
48
49
58
54
45
49
50
51
52
56
49
48
44
49
64
54
46
60
53
60
49
15
25
34
31
31
37
36
22
37
39
30
30
36
27
39
42
36
39
36
28
27
41
38
45
40
25
38
45
27
31
42
28
27
38
12
35
30
26
30
34
37
29
33
28
38
22
32
26
32
27
47
54
42
54
53
52
50
47
50
47
29
43
41
54
58
46
64
35
59
47
35
57
45
53
54
69
48
50
52
53
59
61
45
47
62
72
55
44
49
58
43
58
31
53
58
49
38
55
54
52
30
38
14
33
27
37
11
12
23
24
29
30
38
31
18
22
36
31
27
25
30
29
29
37
41
35
26
45
45
8
32
31
25
38
34
31
34
17
17
27
9
37
32
25
29
41
35
20
25
37
40
54
45
55
38
46
41
55
54
49
74
50
59
56
45
48
49
47
48
61
40
38
55
41
59
44
64
46
66
49
55
46
44
69
46
55
45
50
50
44
52
51
33
47
44
53
48
52
47
57
37
29
47
26
34
24
43
25
33
42
40
42
30
43
29
39
19
34
37
41
31
23
20
36
35
30
39
37
24
31
29
27
23
35
18
47
31
35
27
29
24
40
30
35
18
31
28
49
36
25
