53
50
53
50
46
44
53
36
63
58
44
64
50
50
56
54
60
50
58
52
60
57
54
47
55
48
52
43
46
52
51
49
57
45
62
31
59
54
41
45
55
40
32
43
54
52
56
68
42
56
33
32
33
35
28
39
42
28
36
26
38
11
31
31
25
32
34
35
33
42
36
25
32
24
24
29
46
23
27
34
33
18
31
28
27
26
39
36
30
32
33
29
38
41
48
37
47
25
48
33
47
47
47
49
52
55
43
48
51
59
52
42
60
26
50
42
59
33
47
52
28
56
52
54
36
35
38
54
51
52
48
53
56
60
57
41
48
45
43
54
57
50
52
60
50
46
46
48
51
56
37
36
34
34
27
34
28
37
26
39
44
29
48
35
29
27
30
32
41
34
33
36
27
36
31
51
31
19
36
30
38
24
30
25
34
23
28
26
36
32
36
44
43
35
29
29
36
32
42
32
37
50
45
45
58
50
44
44
56
56
38
37
70
35
56
53
45
50
49
58
54
53
55
53
62
40
39
50
57
52
48
59
45
50
48
53
54
55
59
51
53
56
35
55
48
49
50
42
58
51
38
30
29
29
34
29
30
31
33
36
33
41
30
36
39
42
29
37
54
51
41
45
30
45
36
34
29
32
35
38
35
39
40
25
24
35
34
39
31
40
24
37
38
34
26
32
35
38
33
36
69
21
60
54
51
45
49
50
47
52
54
53
47
49
48
65
39
44
53
48
58
57
61
49
42
49
49
55
44
56
62
39
61
53
48
40
52
57
44
51
60
42
54
62
42
54
39
58
50
52
51
29
24
35
37
30
18
33
29
42
32
31
28
5
26
39
37
35
18
39
30
12
50
48
37
42
20
39
37
28
29
31
34
40
37
31
34
33
28
36
31
27
39
28
26
28
37
25
32
30
54
37
49
51
35
38
42
56
56
44
59
37
38
67
40
48
54
42
56
45
56
50
53
52
46
52
56
39
47
55
50
50
50
51
50
45
26
47
54
47
38
38
41
45
47
60
50
52
45
54
34
46
33
31
28
37
34
13
22
39
27
37
45
12
39
38
36
39
32
36
29
45
34
30
4
37
28
38
36
34
27
37
27
35
34
28
34
27
55
34
34
36
25
31
42
31
28
29
31
34
