66
37
45
43
54
59
31
47
47
63
44
49
51
70
47
29
52
49
47
49
63
38
63
43
50
52
28
57
52
52
53
50
47
49
55
56
57
73
42
52
50
51
54
41
36
44
49
52
54
59
22
34
26
30
31
39
34
37
35
52
31
27
35
39
41
59
31
31
39
41
35
33
30
36
35
39
31
50
28
42
31
32
37
29
32
55
35
31
41
30
44
36
36
37
18
22
30
31
28
27
52
48
52
57
41
55
56
52
56
52
51
49
45
70
44
48
47
54
52
42
48
46
48
52
51
54
28
52
42
40
53
64
54
48
42
43
54
48
43
56
44
54
38
55
35
50
47
48
39
43
31
30
18
31
27
16
33
27
22
36
36
30
36
35
33
35
39
36
19
17
44
43
29
33
25
39
37
34
33
25
34
33
28
37
36
36
33
29
39
29
31
23
29
25
39
42
33
33
33
32
46
49
55
53
67
42
50
54
55
54
50
39
43
64
50
60
43
53
42
33
53
43
43
48
55
34
40
45
62
55
48
69
50
47
41
55
55
56
55
56
43
30
48
69
37
50
63
48
52
55
31
19
34
25
54
55
24
20
40
25
39
35
31
25
54
34
28
38
34
31
25
44
31
39
44
30
41
26
36
31
35
32
21
34
27
29
28
36
48
17
27
40
26
35
32
34
36
27
30
19
53
38
42
38
52
53
40
45
62
46
52
38
44
47
43
44
50
29
44
45
52
51
45
52
38
46
45
49
61
59
52
46
50
42
48
58
47
52
42
37
60
61
75
54
48
60
51
51
52
33
29
39
35
42
46
25
38
31
35
30
21
40
31
36
47
36
29
29
33
40
29
29
34
41
35
39
47
34
36
36
32
34
41
40
30
27
34
39
33
42
48
28
34
47
34
43
31
28
36
54
53
58
58
41
59
55
50
47
50
65
47
56
49
38
49
61
64
48
48
68
47
42
54
46
54
50
54
55
43
48
32
61
49
58
46
49
46
53
53
53
54
49
47
51
43
35
65
50
54
49
32
32
28
33
15
31
32
26
35
30
44
37
26
31
31
31
38
40
23
36
42
35
48
36
33
31
31
41
26
33
14
22
21
34
19
35
41
35
32
36
20
44
22
52
28
20
35
21
20
39
