44
40
51
47
54
50
60
50
56
58
55
39
50
46
44
53
52
47
46
47
51
47
48
48
46
53
58
52
53
37
50
59
56
50
38
52
48
57
45
33
52
55
53
50
42
58
49
57
55
75
47
42
35
40
22
48
34
36
32
51
37
24
33
32
26
39
27
36
31
40
34
30
34
22
33
40
36
45
41
38
31
27
37
56
37
33
30
24
47
39
35
30
36
31
31
32
24
31
28
31
60
49
54
73
42
58
68
53
65
44
47
46
49
42
42
29
45
52
40
50
51
54
50
55
42
62
57
49
33
41
49
60
46
50
37
54
45
58
43
60
51
50
50
53
48
50
55
42
49
40
41
55
23
36
31
36
36
36
27
32
28
31
28
21
33
22
32
25
28
39
21
30
38
33
41
46
34
35
44
17
33
45
21
33
29
17
41
40
31
31
36
37
35
28
31
30
29
28
35
28
35
50
49
48
48
51
44
47
65
49
49
56
40
44
49
54
45
50
54
55
50
43
47
54
58
62
52
62
58
46
39
51
61
53
49
71
37
48
51
49
48
44
50
47
52
66
57
41
50
55
41
36
37
34
34
32
38
30
33
30
38
25
26
42
56
34
32
31
28
27
36
19
29
24
38
29
34
51
38
48
29
23
32
34
40
26
31
32
46
35
38
5
28
30
28
33
40
45
30
37
59
50
51
38
39
59
45
45
49
56
64
51
49
57
53
46
49
47
55
64
54
50
52
53
56
44
55
40
47
56
35
50
47
55
40
55
72
49
42
46
55
51
59
51
48
59
52
54
48
55
55
26
36
30
32
47
45
36
45
31
22
27
26
29
37
23
47
32
33
27
48
31
41
42
34
36
23
44
25
48
27
33
27
35
34
31
35
33
21
48
21
44
35
30
24
33
21
30
44
22
60
53
45
42
48
51
49
54
50
49
52
56
56
50
58
59
32
50
36
51
56
52
41
52
72
50
45
54
62
45
53
48
57
50
56
56
48
60
49
59
46
63
45
52
57
65
46
52
53
56
24
22
34
31
27
36
41
38
31
36
27
24
33
44
37
42
47
38
47
35
29
31
46
34
21
39
30
25
44
31
36
43
54
47
28
33
37
26
32
45
36
25
35
33
27
35
33
37
31
30
