50
55
49
56
57
53
30
40
54
42
46
57
55
39
47
46
54
56
41
48
38
56
56
65
26
46
50
38
34
38
48
46
37
58
33
53
53
49
46
48
47
59
62
55
44
55
72
56
52
60
31
34
25
36
33
37
27
41
29
11
38
34
27
10
36
49
41
33
33
39
29
26
27
47
35
37
33
42
36
29
37
26
29
50
28
50
41
31
24
37
39
29
25
31
36
36
25
37
27
32
31
48
44
53
59
42
63
56
50
45
76
49
70
52
43
49
53
41
55
51
49
48
48
47
43
45
52
52
44
53
58
53
54
52
48
46
54
54
63
42
50
49
60
55
32
44
51
43
48
44
27
33
38
48
22
32
45
42
51
39
28
32
31
30
33
39
40
40
25
41
27
34
39
28
35
31
31
30
49
45
23
37
37
31
38
38
25
35
33
31
49
38
34
31
29
36
36
31
34
27
44
66
62
55
58
52
51
55
55
52
63
51
60
49
42
59
47
38
60
57
59
49
49
43
49
48
42
21
49
44
46
54
40
57
54
69
45
55
50
41
45
58
41
55
55
45
44
48
69
52
38
35
32
41
38
41
33
34
33
16
29
37
31
33
33
33
34
39
9
22
34
33
43
27
17
36
32
31
25
25
42
16
40
32
34
14
27
41
41
46
35
35
33
33
31
53
30
19
28
38
54
49
49
46
53
47
51
41
52
68
51
40
48
56
50
53
58
48
45
52
65
52
48
47
56
56
47
55
51
27
46
50
51
47
60
53
44
46
48
45
40
50
48
50
52
64
43
48
42
72
35
44
30
14
43
33
34
28
33
30
32
12
29
26
39
31
38
26
35
27
38
33
31
40
34
42
5
36
36
31
34
34
34
31
23
29
56
33
30
29
42
32
31
30
27
43
25
34
34
43
58
64
33
43
41
51
43
57
34
59
40
47
53
47
51
39
53
57
61
52
52
60
49
49
51
41
42
56
66
37
65
44
56
55
45
57
53
49
43
51
48
58
43
39
51
23
45
63
47
46
24
46
27
41
39
17
36
32
54
36
25
39
52
40
36
26
30
36
22
35
26
26
43
20
33
33
42
33
38
33
14
33
35
34
34
34
35
28
28
45
21
43
51
32
31
33
55
47
17
31
