72
57
57
50
34
53
58
45
55
71
51
40
48
62
53
55
43
58
49
54
58
74
55
51
58
49
54
55
44
47
60
49
41
51
43
52
46
65
49
32
45
38
49
55
56
45
46
46
56
60
34
35
24
31
21
24
22
33
23
33
8
38
20
41
25
34
33
36
30
18
29
28
51
43
35
29
43
25
38
33
38
32
30
34
33
44
37
28
33
38
29
21
25
42
35
57
23
31
31
37
38
50
70
47
57
47
48
30
52
46
54
54
38
56
43
52
46
54
49
50
42
56
49
52
64
49
54
62
58
54
61
59
55
55
67
56
53
53
41
46
47
54
59
65
39
53
50
37
60
50
41
35
34
30
42
30
33
31
57
37
35
29
39
38
37
35
37
12
27
29
24
32
37
31
27
40
37
37
30
27
37
10
26
38
38
29
38
40
45
25
33
37
43
33
24
36
33
34
6
27
48
49
59
46
47
51
55
46
35
40
49
41
38
43
47
58
47
53
45
50
50
39
55
51
45
52
49
56
54
55
44
68
51
47
48
32
41
47
48
57
57
51
61
48
50
48
48
52
50
58
23
55
35
35
27
29
37
35
35
32
45
43
43
34
33
17
35
28
27
31
36
31
33
34
14
31
54
30
31
20
35
33
39
33
36
27
12
32
35
35
40
37
27
34
33
36
28
31
33
34
47
39
47
59
65
51
50
52
44
55
49
51
20
43
47
51
46
33
54
66
49
58
62
54
45
45
42
51
47
55
38
51
65
55
42
56
54
48
56
52
48
59
42
44
49
50
51
59
44
51
46
37
16
45
33
25
45
20
31
26
32
19
35
33
38
50
25
38
51
40
42
34
29
35
23
44
24
28
34
29
36
34
33
28
24
38
29
37
33
25
24
37
48
29
32
29
34
35
47
39
55
44
61
35
50
39
51
51
48
38
50
47
60
37
43
46
48
57
48
59
54
49
56
48
59
43
49
52
47
66
41
47
64
45
50
61
43
54
63
52
63
56
44
42
44
46
55
55
46
51
34
25
39
36
19
32
28
22
37
41
24
39
24
27
34
61
29
30
40
23
35
28
39
22
29
35
49
35
50
34
30
28
27
27
28
49
43
46
33
29
37
28
31
40
31
41
39
40
31
39
