55
61
49
60
49
62
48
45
60
49
64
54
50
51
55
52
54
59
45
39
58
45
33
44
52
45
49
41
55
45
49
49
47
47
45
63
56
52
66
60
56
51
41
58
56
47
42
46
64
49
44
45
55
65
47
57
38
56
54
37
46
45
64
56
32
50
51
38
51
39
36
62
50
32
45
56
37
49
58
62
51
26
49
52
55
65
44
59
45
54
47
44
48
52
50
55
35
55
53
45
53
48
63
50
39
49
49
32
57
43
47
56
43
56
49
33
58
51
48
54
45
56
57
51
57
48
46
46
57
60
66
47
50
40
56
48
55
48
48
54
44
50
58
55
45
53
58
48
53
65
47
58
47
56
41
19
48
44
50
46
50
47
53
45
45
55
43
48
43
48
45
49
51
51
45
52
47
52
60
61
38
45
57
59
56
44
34
54
49
48
34
52
55
42
54
49
49
46
49
48
47
44
55
48
53
49
50
42
43
64
48
43
54
21
52
30
61
51
39
47
51
54
46
48
43
57
55
53
19
54
54
41
51
44
56
49
54
68
50
55
56
25
54
50
25
46
41
43
60
52
42
68
48
49
58
50
46
44
55
41
50
50
41
41
57
46
65
43
47
46
70
57
52
49
61
47
50
45
78
47
63
52
58
54
64
50
62
66
52
44
55
35
43
52
35
54
58
43
53
59
52
43
51
61
45
58
60
51
44
56
46
63
50
41
48
51
45
50
49
52
44
49
52
55
43
52
65
39
41
60
52
54
58
48
66
48
51
51
62
53
58
47
52
30
47
69
53
55
56
63
56
50
35
46
37
53
57
66
51
44
51
42
52
49
38
47
52
43
50
47
41
52
62
55
44
50
49
65
31
39
70
48
29
46
49
45
44
48
50
51
44
53
43
49
46
53
69
49
43
50
41
46
54
43
38
60
57
47
40
49
50
41
53
68
57
57
38
58
52
52
57
71
42
43
44
48
52
44
63
44
46
41
45
52
49
50
64
75
50
54
54
56
43
50
56
42
41
49
54
51
44
32
38
40
36
48
45
48
57
35
60
53
52
48
33
44
48
47
47
41
48
55
38
48
46
37
48
41
44
51
65
48
67
54
53
39
46
47
54
64
55
68
36
51
40
56
46
57
53
45
