50
52
47
59
44
43
66
54
57
40
55
55
37
53
55
67
54
50
43
45
60
52
40
43
51
58
50
55
56
42
49
54
54
51
47
59
44
53
58
52
52
68
45
48
38
53
54
61
50
44
45
65
60
47
56
51
53
52
48
48
56
58
45
44
51
57
50
68
42
53
54
51
44
40
59
46
65
48
52
28
52
35
47
66
49
71
48
48
46
33
33
48
43
47
43
65
49
50
47
58
48
52
50
51
49
52
58
48
43
50
42
48
38
51
48
55
54
53
42
35
48
35
29
47
59
50
48
51
53
41
38
51
50
43
47
70
44
57
56
60
66
40
47
44
54
47
51
55
42
57
41
51
51
44
65
51
48
46
47
45
48
58
47
45
54
46
51
66
61
50
51
54
46
44
37
53
54
52
44
48
38
45
35
54
79
49
47
68
54
56
44
51
47
51
50
40
51
43
47
50
47
49
50
53
53
59
63
49
65
55
42
54
46
40
57
31
54
44
58
54
41
46
51
51
54
52
60
55
54
48
63
57
45
40
46
69
51
47
52
53
54
48
55
34
51
47
65
49
54
51
60
58
47
56
33
70
58
50
48
53
33
47
51
54
60
51
56
51
50
46
46
57
52
52
45
35
53
48
52
22
51
55
62
57
47
53
54
41
55
43
35
65
60
53
50
45
55
32
49
56
36
51
54
64
44
50
48
48
58
34
51
50
63
66
61
59
50
40
52
51
59
57
45
47
63
39
52
56
53
60
47
52
53
55
77
51
54
53
44
48
29
46
49
58
59
43
42
40
47
55
40
47
30
34
55
52
50
54
53
47
46
60
57
52
49
49
44
47
55
47
60
69
41
54
56
49
51
54
43
53
59
48
56
52
51
41
44
56
50
57
51
58
37
63
47
58
41
53
69
47
53
66
31
56
48
55
59
59
37
56
58
52
45
45
51
45
47
45
51
66
52
38
41
57
38
43
63
58
46
57
50
55
48
51
48
56
65
59
54
41
42
49
47
45
52
56
58
42
16
47
45
43
43
48
48
54
58
50
19
50
57
50
55
39
61
48
47
51
47
45
47
59
42
54
47
53
57
45
51
45
52
55
43
48
49
59
55
60
53
40
52
53
44
53
51
53
42
44
47
48
