51
34
51
51
52
56
50
30
47
60
54
35
42
49
49
48
57
56
49
33
42
51
30
57
47
50
34
56
63
43
59
57
49
50
46
51
47
56
62
47
59
58
57
49
46
39
54
63
57
55
43
66
46
56
49
64
46
54
52
78
56
45
57
69
50
28
40
50
59
55
50
57
64
38
25
56
57
51
53
50
36
49
50
52
49
49
46
33
54
40
58
63
74
49
48
47
42
57
60
51
35
56
56
47
57
53
45
41
59
49
63
52
51
53
50
61
70
55
56
42
55
59
53
54
59
59
61
52
43
44
50
50
49
53
55
45
51
51
53
45
39
62
57
38
52
48
35
48
70
57
48
54
50
46
46
43
68
65
47
50
58
48
32
50
45
37
51
53
45
52
52
43
49
42
52
45
52
58
53
80
60
51
47
44
49
42
47
55
52
35
49
54
48
44
57
56
37
41
54
55
47
53
57
48
62
53
42
62
46
52
45
45
62
44
51
49
39
42
52
53
47
64
47
46
46
44
46
55
43
40
50
71
48
66
61
56
29
48
55
34
47
58
55
58
56
50
51
50
63
46
49
50
51
50
57
60
39
58
47
40
45
36
53
52
50
56
46
41
58
55
39
48
43
53
52
49
51
74
47
53
47
44
43
51
56
56
54
51
51
56
49
53
60
52
38
48
56
44
51
54
29
41
37
36
59
55
29
48
41
49
46
48
40
41
46
45
47
59
40
43
63
55
51
60
52
29
49
53
52
57
45
46
59
57
41
34
35
42
50
48
48
58
37
49
62
41
44
54
50
53
58
51
45
57
65
45
52
55
47
49
44
55
34
40
49
53
51
42
53
53
57
51
48
57
65
43
46
48
49
41
51
36
50
50
50
56
47
47
47
58
51
45
58
53
55
50
48
37
54
61
60
41
52
69
55
50
49
50
46
51
56
48
48
40
50
68
46
56
47
59
45
51
47
49
45
52
55
46
71
54
42
46
60
47
42
47
45
51
48
47
51
50
59
55
49
48
45
51
52
53
69
58
39
42
48
50
51
54
46
64
54
39
64
48
50
50
49
36
49
60
54
50
52
42
53
49
41
44
46
45
44
35
41
40
52
45
51
42
52
57
58
58
53
41
42
49
52
70
51
53
