54
56
36
53
40
42
41
51
63
54
48
51
45
48
57
47
42
71
64
47
61
49
49
52
41
26
50
66
49
46
63
65
46
50
45
38
48
47
45
49
59
47
36
66
55
50
54
48
53
37
48
39
46
46
47
45
61
53
53
46
49
75
44
53
48
49
33
50
43
66
57
47
48
44
56
52
65
69
37
70
50
46
47
50
52
46
57
52
40
32
52
50
46
51
68
46
57
62
48
35
51
40
51
57
55
32
61
47
54
55
42
61
54
54
65
47
58
48
50
53
44
47
49
42
44
40
53
71
42
50
37
44
37
49
41
46
48
57
51
58
58
58
46
60
41
39
45
66
41
53
33
53
54
47
43
50
53
39
40
44
53
25
41
49
60
58
43
49
47
51
53
50
49
57
53
59
57
61
59
50
55
48
52
60
48
51
39
48
58
45
60
46
38
64
51
42
46
56
52
50
40
49
41
66
65
50
47
46
59
42
43
55
61
47
38
56
48
59
43
48
43
42
53
46
41
54
72
64
55
59
49
57
58
37
59
60
52
42
56
50
50
50
58
50
54
41
47
55
30
62
51
51
52
70
25
50
50
57
54
70
48
53
46
33
52
42
49
49
58
54
50
56
58
50
48
31
58
45
60
61
68
44
54
49
59
51
55
49
47
49
41
45
48
32
63
45
55
46
56
46
47
58
62
56
44
55
46
63
45
55
49
53
34
41
53
51
57
49
58
56
47
50
59
47
48
53
51
46
33
55
50
54
54
38
49
41
42
30
38
47
54
58
49
43
44
50
54
50
51
56
46
47
50
53
57
53
60
46
54
54
57
44
35
52
49
53
52
37
50
60
54
57
54
57
58
51
53
45
45
52
59
48
52
60
47
50
49
27
48
38
39
50
54
56
49
52
50
56
50
50
54
53
62
42
49
74
48
64
44
47
48
48
50
57
59
41
55
52
51
46
48
49
52
51
39
50
51
38
46
39
51
47
39
59
47
52
43
47
53
46
52
53
44
55
46
52
48
54
48
56
53
48
44
55
50
49
39
52
42
39
47
50
43
59
47
57
48
64
57
45
46
48
47
44
46
37
47
55
42
48
45
45
53
57
49
42
32
38
41
50
58
55
50
57
47
28
50
55
48
50
