61
53
53
47
49
45
49
43
49
40
39
55
57
65
61
46
43
43
54
46
52
38
54
47
55
62
49
47
53
59
49
45
50
45
67
53
52
61
46
54
36
56
56
57
52
63
48
48
53
45
44
62
53
48
70
43
49
55
57
38
36
42
57
50
46
48
54
50
45
49
50
55
63
41
57
47
21
78
50
52
55
53
51
40
53
41
57
45
52
46
48
45
49
50
49
59
50
47
47
49
49
71
52
62
35
50
56
52
49
40
63
53
66
47
41
46
49
54
50
59
47
45
45
41
35
52
52
46
40
51
59
51
54
55
57
44
49
49
50
64
53
27
54
41
58
52
50
50
40
63
50
45
53
57
33
47
59
54
69
56
45
47
37
48
54
52
40
41
55
51
47
55
56
37
46
48
52
50
45
67
58
47
61
57
44
49
52
47
63
40
37
43
53
52
43
49
58
44
49
52
56
51
53
51
50
42
41
52
28
58
43
45
37
51
54
58
55
51
53
52
51
53
32
61
60
51
55
61
56
72
44
45
55
37
52
50
49
58
52
66
42
52
51
58
51
46
49
37
37
56
41
40
55
65
54
55
43
51
51
45
59
53
46
63
49
49
58
55
44
49
43
54
56
54
46
53
50
58
55
45
46
38
47
44
51
30
52
55
54
54
56
63
49
54
54
49
52
62
54
50
55
52
42
52
38
37
42
51
47
49
42
41
40
54
54
44
47
50
61
51
55
53
59
50
59
47
52
55
54
59
68
48
52
52
46
60
43
61
51
56
51
48
46
47
37
38
51
60
71
42
49
53
35
51
55
55
43
57
53
51
46
50
46
61
48
47
55
54
63
46
51
33
53
51
52
63
43
59
56
55
46
52
53
44
55
53
48
46
39
52
43
42
47
55
42
47
53
52
50
57
58
41
53
59
55
51
44
42
46
53
34
48
62
36
60
56
46
55
74
44
51
42
28
51
57
44
53
51
49
40
40
48
32
68
47
47
47
45
55
41
66
42
53
52
60
41
48
70
56
64
70
50
56
57
48
44
42
56
42
57
54
53
57
44
47
59
52
52
37
52
59
57
45
61
60
43
48
60
61
57
53
53
68
46
47
52
61
49
50
35
48
52
48
47
43
60
45
48
55
49
