59
70
56
51
59
50
47
53
54
52
61
47
52
45
53
59
52
50
53
42
40
52
40
49
50
57
47
58
32
58
37
49
58
56
45
37
50
59
60
52
46
62
57
48
55
59
58
48
53
51
50
49
55
53
59
53
48
51
50
48
55
62
56
70
54
35
57
59
56
33
71
44
47
64
49
50
62
38
51
56
52
42
48
49
49
57
61
66
47
52
48
60
59
41
57
68
40
61
54
31
54
58
35
35
49
58
52
69
39
43
58
45
37
50
58
45
43
43
48
62
52
41
38
48
65
54
53
52
57
40
60
61
44
51
61
44
53
61
43
51
50
52
56
47
47
45
61
45
53
52
52
62
51
62
48
49
65
30
32
55
51
63
64
51
47
50
51
58
57
40
56
64
34
67
51
54
47
54
43
57
49
39
39
70
41
55
59
51
42
54
51
57
53
36
38
35
53
47
51
56
51
49
47
63
43
40
56
62
49
46
45
49
45
51
56
36
47
62
61
52
47
60
51
42
55
57
48
47
46
46
49
49
51
60
48
50
54
55
50
43
50
58
46
57
47
41
47
54
57
55
58
59
53
55
43
40
49
44
46
54
42
47
53
50
42
46
30
45
50
52
46
55
48
50
45
67
54
48
57
46
52
56
52
51
40
53
52
48
49
53
54
40
52
37
34
55
61
29
47
54
43
47
45
54
39
42
45
60
69
50
61
47
26
53
60
49
52
54
45
50
42
32
46
45
57
57
47
49
36
59
57
63
51
50
49
49
49
55
42
46
47
52
63
56
59
51
57
52
50
50
51
50
61
62
57
52
28
67
48
30
50
43
48
49
41
66
49
48
48
51
53
39
57
44
54
50
49
40
51
67
50
69
54
49
56
54
44
51
66
44
49
46
61
49
59
64
59
29
37
55
45
50
62
48
60
32
37
55
52
52
45
45
48
43
44
47
46
51
53
45
53
52
44
54
50
46
55
60
42
53
51
47
61
57
56
56
42
53
48
45
50
41
54
54
46
52
43
43
50
60
51
46
32
68
61
47
55
64
63
51
66
51
57
45
52
43
57
49
47
58
57
77
50
53
53
50
54
54
39
45
53
49
51
54
50
48
53
51
39
44
52
47
46
72
49
53
46
51
44
52
