44
53
52
47
41
56
43
55
58
52
47
57
48
54
57
25
53
31
51
70
52
43
55
44
50
51
55
51
56
53
41
50
42
50
52
40
53
42
75
49
49
52
53
51
51
52
48
36
41
58
43
49
49
56
53
50
50
64
45
41
56
65
59
50
42
50
43
50
66
53
61
37
57
64
64
50
41
47
61
50
61
47
57
50
57
51
58
58
38
49
46
40
57
41
42
44
55
57
48
51
52
48
39
61
54
48
48
56
43
61
48
36
43
50
66
41
47
55
51
42
52
30
57
46
61
57
53
54
54
50
55
41
38
48
41
49
53
48
54
52
52
45
45
56
50
56
59
47
45
52
42
39
59
43
47
53
59
52
57
53
47
46
38
48
49
43
47
52
54
44
43
50
38
39
60
53
32
34
55
53
39
42
55
48
49
59
47
45
48
62
56
42
56
42
56
48
47
54
53
47
51
36
60
74
52
47
60
46
48
56
51
48
30
60
47
45
49
45
41
52
33
48
53
68
41
53
45
55
50
44
48
42
59
57
20
61
59
51
58
47
44
55
47
50
47
50
30
63
46
54
49
25
34
34
49
54
46
56
54
56
50
44
40
39
35
65
62
45
29
43
53
52
58
53
56
45
52
44
52
52
58
48
54
50
51
53
40
52
58
45
50
42
41
51
52
50
34
45
60
27
46
43
41
50
56
48
66
64
57
29
48
52
51
55
40
56
57
59
41
47
35
48
56
55
58
55
60
38
44
45
45
34
36
46
62
52
47
41
45
58
64
56
58
32
53
52
43
50
54
59
45
37
47
55
57
61
53
51
54
57
48
40
56
41
49
61
45
32
35
46
51
49
59
59
52
42
57
27
47
36
40
48
47
54
40
60
44
58
48
48
42
61
53
42
49
46
55
51
57
52
57
57
49
54
65
42
48
34
42
49
35
34
41
50
58
59
56
53
53
65
42
49
50
54
69
46
61
45
61
47
44
51
50
47
56
48
47
50
48
55
29
55
56
54
57
39
43
68
50
56
46
60
55
56
58
59
26
60
59
49
52
42
57
47
42
54
65
51
54
51
44
49
52
62
57
60
54
61
44
48
41
43
52
42
53
64
56
42
52
50
49
52
47
50
59
47
48
53
27
65
