49
48
56
56
50
65
51
52
50
48
62
55
59
50
54
52
44
40
48
49
41
63
51
40
44
57
49
58
52
30
47
54
52
58
41
65
56
27
53
39
61
47
59
51
43
40
44
30
63
56
46
42
47
60
45
54
35
49
49
50
43
48
48
56
47
75
51
52
43
53
53
59
54
62
49
50
45
42
41
54
47
50
41
52
53
64
49
52
58
38
50
59
44
58
55
52
52
64
65
31
51
54
53
55
40
57
47
42
40
49
38
35
35
41
50
56
61
59
49
48
53
53
66
35
42
60
49
39
46
60
47
61
58
44
57
62
49
57
57
55
40
45
50
53
52
44
68
63
48
39
48
40
55
43
27
35
46
44
63
60
47
47
47
66
56
58
47
48
44
30
53
55
53
41
48
52
33
43
51
36
57
32
42
62
58
65
53
61
42
47
54
43
34
38
58
54
53
45
66
57
43
45
41
48
45
40
53
53
52
47
68
62
60
49
52
50
57
47
55
54
53
47
66
55
46
48
55
43
54
58
58
63
55
62
53
55
59
47
46
64
55
42
46
55
52
50
61
47
55
44
47
50
27
39
49
39
54
49
42
62
65
46
36
54
49
47
49
51
59
42
50
53
60
50
48
49
47
48
49
54
35
56
49
54
74
38
68
52
51
45
49
63
44
62
65
53
50
41
46
36
41
50
61
56
58
36
45
46
50
58
60
49
44
38
59
50
52
46
68
46
52
19
55
50
54
41
52
45
47
44
57
54
45
38
66
49
54
51
51
42
40
56
68
53
54
51
37
54
55
36
47
62
54
49
46
57
58
48
57
48
57
54
57
51
46
65
64
50
47
63
52
50
39
66
51
52
52
43
58
62
66
49
52
51
60
54
64
31
47
50
52
52
45
38
49
38
44
55
51
37
44
50
52
57
43
45
50
50
48
60
73
50
47
60
51
51
54
43
45
43
49
48
47
50
60
51
44
52
43
56
41
56
44
52
55
47
54
54
35
50
47
38
58
53
49
57
64
53
49
38
43
30
55
61
47
53
48
30
46
66
61
36
54
47
55
56
49
43
54
54
47
57
51
39
56
49
57
62
62
41
60
54
55
49
57
55
53
53
49
59
38
55
53
47
43
66
49
33
61
46
