41
35
41
45
40
37
45
40
53
40
54
47
55
57
45
53
41
52
47
40
51
56
50
60
56
47
69
55
47
58
57
48
57
49
57
50
51
58
52
54
48
52
38
46
56
62
55
35
49
46
45
62
55
53
53
45
50
56
47
68
44
39
58
43
58
44
54
52
42
57
46
51
52
48
53
67
50
48
44
45
32
56
48
37
36
58
54
55
46
45
54
27
66
66
46
39
49
33
50
56
52
52
52
47
61
49
54
58
46
42
57
65
50
47
34
73
48
49
44
65
44
58
59
37
50
43
57
47
42
50
46
25
58
51
54
50
64
44
42
48
65
57
37
42
47
59
46
70
45
42
51
74
47
51
49
52
46
61
52
51
35
47
44
48
50
59
43
51
48
53
43
43
44
59
49
53
52
45
55
55
41
38
63
32
42
57
51
48
54
48
49
51
49
50
59
49
47
63
52
50
44
64
60
48
58
44
47
52
59
43
59
49
49
53
63
43
54
47
52
43
62
46
32
45
43
53
52
64
58
51
57
56
47
59
40
55
48
51
49
40
54
49
41
52
49
55
52
46
39
43
44
28
41
60
41
50
48
63
61
59
42
55
69
57
59
60
55
61
49
42
52
49
48
45
64
55
29
43
52
47
42
45
58
57
47
47
55
41
51
64
57
53
66
43
41
19
66
60
36
50
52
63
52
46
53
55
47
65
45
44
38
48
48
59
56
51
45
45
50
51
41
55
47
44
51
51
60
46
50
62
55
42
53
62
47
41
42
48
53
60
52
50
53
56
44
48
49
32
50
50
49
44
36
43
56
69
56
42
43
53
38
45
48
49
49
51
52
51
31
46
57
37
51
16
42
56
61
50
45
44
54
48
55
48
48
52
51
45
55
63
36
44
48
49
35
56
58
56
58
72
67
34
48
46
56
53
50
45
54
47
53
49
52
44
46
46
58
46
49
33
52
42
45
54
48
48
55
55
44
41
49
48
55
52
52
29
42
54
50
38
49
43
41
52
49
59
52
49
59
46
56
46
45
49
55
32
54
51
65
47
56
55
61
27
49
56
46
54
52
55
43
48
58
59
55
52
56
50
48
52
53
41
54
56
44
50
46
44
62
38
51
51
47
58
40
62
50
56
46
61
