55
52
47
63
49
43
60
47
57
59
47
43
57
45
57
44
45
52
59
49
62
45
56
52
38
43
54
46
64
47
33
33
53
64
60
48
66
43
52
48
54
62
50
57
49
46
50
48
47
58
53
67
50
49
54
42
52
28
65
27
60
53
41
52
45
40
42
46
52
60
49
63
28
63
25
65
55
56
50
60
49
52
50
62
42
54
49
45
53
55
50
48
52
37
41
53
59
48
51
52
33
48
68
56
62
45
53
37
54
47
45
62
60
56
48
51
42
45
53
50
43
56
43
29
43
47
50
50
60
55
54
48
52
53
48
46
52
52
45
46
56
63
56
50
52
54
46
46
66
48
22
54
52
51
56
59
33
50
49
47
59
50
42
49
50
57
38
60
47
48
47
41
54
40
54
57
45
50
58
54
47
62
47
43
49
47
45
45
45
50
53
54
62
49
48
40
40
64
44
59
62
46
50
48
64
45
50
51
49
47
56
51
47
50
55
53
56
56
52
55
55
51
56
53
50
50
55
51
46
29
47
35
35
81
47
47
51
51
38
53
45
41
49
50
49
57
28
50
64
47
46
46
58
47
41
51
44
47
42
49
53
57
57
58
67
51
46
42
54
40
62
59
60
53
46
47
57
53
56
49
47
55
50
55
63
51
56
54
48
65
51
42
42
54
53
61
41
54
42
60
47
55
47
54
48
47
58
42
56
56
46
49
56
38
56
55
45
45
47
68
41
62
57
28
48
44
43
44
62
70
55
51
45
47
50
49
44
58
62
46
50
49
58
57
43
40
74
47
53
44
52
49
59
41
52
54
54
53
49
52
64
49
45
45
54
54
57
55
51
52
57
52
39
51
48
75
45
56
46
50
41
45
51
40
55
50
54
54
29
53
60
60
49
64
40
56
49
43
71
54
24
48
52
54
62
25
37
46
60
41
40
42
62
65
54
47
39
39
74
53
68
47
42
46
27
55
62
62
60
48
54
42
48
50
47
48
47
44
45
52
50
44
61
49
45
51
42
48
57
45
39
56
46
41
50
42
63
30
53
49
55
63
54
59
50
57
46
53
49
53
53
62
52
40
51
48
47
53
50
42
46
50
52
55
48
55
54
35
60
51
51
47
44
45
49
53
57
42
45
48
