42
52
39
52
61
46
48
48
45
62
69
45
54
49
53
56
40
61
29
54
43
50
38
47
60
60
46
52
60
60
61
54
49
45
52
55
53
54
40
50
55
52
47
43
58
52
59
44
54
51
54
62
47
51
41
50
58
39
46
57
46
58
58
49
66
49
42
51
45
48
37
59
52
55
56
48
47
52
54
36
55
57
47
63
54
59
52
70
44
49
51
47
48
57
52
25
57
44
63
51
48
48
56
53
47
55
50
60
35
63
47
62
50
42
51
48
53
60
38
48
35
49
40
34
39
43
50
38
54
54
55
44
48
75
56
69
39
46
52
47
68
50
48
55
58
53
19
55
51
51
51
45
49
49
54
48
42
31
48
58
51
45
46
52
52
57
71
50
53
50
34
52
47
47
50
54
50
53
43
58
30
57
50
49
57
43
48
56
52
53
57
51
59
51
27
50
56
64
43
56
50
42
51
50
47
52
53
57
50
50
52
56
62
60
52
25
41
52
41
54
49
52
65
47
55
48
45
54
40
53
45
57
45
56
59
51
50
53
42
57
62
44
50
62
48
52
49
42
44
47
46
49
51
56
50
39
50
61
57
36
47
48
53
51
44
50
46
45
47
40
49
53
56
59
50
57
47
42
32
57
51
52
46
56
48
62
54
50
55
53
40
42
45
51
55
46
56
53
49
57
55
49
51
50
61
49
59
53
44
51
47
68
56
47
47
47
56
38
37
49
52
59
53
50
43
33
47
51
60
55
50
55
53
47
45
56
48
44
49
49
47
49
50
51
60
52
54
57
62
59
31
59
46
50
54
58
54
53
29
36
53
53
41
44
41
50
67
37
69
43
50
43
50
43
54
48
39
56
49
64
45
52
48
55
50
50
45
63
48
43
52
52
49
44
44
57
52
51
48
46
54
49
52
35
46
45
43
52
52
46
34
56
41
62
53
42
51
48
41
47
55
49
47
50
50
44
54
50
60
49
52
54
50
65
48
47
31
54
61
48
52
64
52
54
55
46
48
58
45
48
52
43
56
60
47
50
53
52
52
51
46
57
50
50
42
41
71
51
42
47
49
58
41
50
54
50
64
50
59
42
49
41
54
50
52
45
40
49
43
43
56
54
57
37
39
40
45
53
38
49
