48
43
43
46
59
47
39
61
42
44
51
47
52
54
52
45
56
55
48
58
56
21
53
54
49
52
69
48
56
48
50
52
48
56
55
38
55
56
44
54
50
27
54
57
54
40
65
53
52
60
56
68
43
57
59
47
57
42
50
58
63
52
54
43
45
58
38
52
49
57
37
52
52
53
50
40
54
58
54
44
52
50
44
64
51
42
43
54
45
52
54
52
61
51
57
45
49
61
48
36
47
52
51
35
48
55
63
51
76
51
43
42
51
51
60
54
40
64
36
57
58
56
52
59
59
44
55
55
55
44
38
48
37
42
29
51
54
45
55
54
42
40
52
43
48
41
63
22
40
52
58
66
67
49
54
50
56
45
36
25
49
52
70
36
33
49
65
33
49
42
40
49
46
41
41
38
65
52
57
51
62
61
52
55
40
43
52
54
45
52
49
43
49
32
46
39
43
53
47
59
41
57
45
47
55
34
54
56
50
44
50
51
51
49
27
54
51
55
52
51
48
44
51
54
53
48
37
33
53
61
44
51
58
49
57
62
38
63
45
43
53
41
58
49
47
52
57
47
45
48
65
60
54
54
48
46
47
60
48
40
52
45
49
53
44
40
56
51
50
42
42
44
47
46
44
35
45
52
47
47
62
51
45
51
47
51
58
59
50
49
62
61
53
56
49
52
51
51
54
30
66
56
50
57
49
57
47
50
43
71
38
63
58
53
47
48
45
46
57
45
51
32
47
35
63
60
54
51
52
54
38
50
61
44
58
50
56
76
56
43
60
60
51
42
45
47
52
51
50
45
43
62
58
56
41
48
52
52
65
60
43
55
42
46
47
53
65
45
58
52
53
26
44
43
53
53
54
39
49
51
46
49
47
44
46
67
66
48
39
47
56
25
54
51
63
29
61
54
45
45
65
50
59
55
51
51
45
26
51
48
47
52
49
48
54
51
56
44
56
42
47
30
54
58
66
50
69
52
38
44
55
55
58
53
60
31
43
44
46
52
57
41
56
41
53
54
49
53
59
46
47
54
50
57
50
52
47
58
64
42
58
60
53
29
44
51
56
53
47
64
35
59
48
52
34
50
36
51
43
51
37
49
52
52
47
69
53
50
55
57
59
48
33
48
44
38
67
49
71
53
