53
34
49
60
62
61
54
51
42
45
41
62
51
55
47
58
47
49
46
57
29
61
29
51
44
44
58
65
47
47
33
50
43
53
55
40
51
58
42
55
50
55
55
64
41
53
41
57
45
49
53
52
48
54
50
47
50
48
47
59
58
45
53
55
53
53
57
54
50
43
32
49
59
43
46
52
49
55
48
44
57
39
53
46
48
59
56
42
58
41
35
40
60
54
57
46
47
52
46
59
78
53
61
49
55
49
62
52
56
46
52
59
45
55
45
49
29
51
50
49
47
52
53
59
55
58
52
41
40
63
52
46
41
51
50
46
60
41
46
42
49
51
46
50
57
55
43
51
50
37
52
58
61
64
69
40
68
38
55
49
46
51
44
58
51
59
49
51
53
46
66
56
60
49
47
44
60
49
44
52
39
27
47
52
41
42
51
46
58
51
44
57
49
43
70
43
48
51
52
49
52
59
53
50
63
27
52
47
43
68
42
49
44
46
57
44
38
27
56
45
45
47
45
55
53
43
49
52
60
56
46
60
55
53
57
50
55
45
42
39
47
43
43
48
48
44
30
47
78
55
54
55
55
56
47
70
45
44
52
45
45
43
50
50
47
43
46
47
52
49
47
43
49
49
43
66
39
49
35
50
35
52
53
59
42
55
57
36
50
53
57
35
42
60
54
60
46
55
53
55
47
55
59
42
61
51
43
44
55
47
65
63
51
48
52
53
55
49
44
58
57
37
43
49
37
50
56
51
45
52
41
58
53
56
62
44
56
53
65
59
44
50
48
65
51
45
53
50
44
53
49
51
54
40
53
54
51
55
46
51
65
55
44
70
61
64
46
47
46
59
43
36
52
39
59
46
63
54
41
46
50
78
46
53
55
56
58
48
46
51
50
49
52
45
53
52
43
52
52
50
49
59
51
51
58
32
56
56
48
42
48
49
62
50
47
45
58
57
60
57
64
44
59
60
74
52
49
52
54
53
28
63
49
60
58
64
37
74
62
41
57
64
47
49
44
60
53
46
48
35
66
53
52
52
52
54
46
41
53
47
51
64
65
49
49
31
42
57
54
58
53
52
45
46
41
46
43
43
50
46
48
43
51
45
51
60
49
46
41
46
57
55
55
50
46
52
57
63
67
66
