47
46
40
55
53
56
38
43
48
59
36
51
51
47
49
48
23
43
48
42
55
40
52
46
52
50
48
54
35
56
55
67
52
56
50
50
49
52
33
41
75
48
53
57
48
44
49
61
46
46
54
56
57
52
46
51
47
58
41
46
62
38
47
48
51
27
50
52
53
44
50
52
42
43
47
51
44
68
43
50
38
56
51
33
50
56
56
45
56
51
47
59
45
58
66
51
51
50
49
56
51
45
44
51
23
40
42
47
44
49
54
50
30
54
42
57
52
55
49
45
51
55
36
58
48
47
42
42
43
58
54
54
42
42
67
54
43
52
45
57
70
45
33
60
48
51
51
50
70
47
35
29
55
63
42
44
51
50
58
51
40
44
51
52
72
55
50
38
50
47
55
56
49
59
60
47
47
49
49
58
41
48
49
40
52
37
51
60
57
35
54
48
64
33
42
67
22
48
44
49
44
56
56
46
48
39
54
38
41
49
45
46
46
56
54
47
35
47
47
48
52
49
57
49
65
56
50
36
47
64
39
62
51
38
58
43
45
60
50
52
57
41
52
50
26
45
49
32
50
46
58
49
59
34
48
47
52
50
50
55
52
38
42
43
48
44
54
53
48
58
59
55
56
50
47
44
62
54
55
41
51
50
46
45
45
42
54
55
55
42
38
41
28
54
34
52
55
44
54
52
50
68
51
47
42
49
50
42
51
53
55
55
38
45
54
55
62
72
49
50
52
56
49
49
60
52
69
60
56
34
55
45
48
45
64
54
54
57
40
48
44
51
48
34
59
49
61
43
52
48
42
49
54
31
56
51
40
52
47
44
55
45
50
28
47
72
53
53
59
52
58
50
28
55
47
55
53
56
60
51
41
47
49
47
45
51
58
42
55
56
57
43
43
23
52
44
50
51
41
37
34
45
50
54
54
55
51
49
51
54
49
50
50
44
44
47
53
50
60
54
57
53
26
55
53
55
53
48
45
41
51
50
53
59
48
57
57
41
56
48
51
50
53
59
55
36
35
52
60
55
54
51
56
57
51
56
51
45
56
52
53
52
54
46
45
45
62
47
48
52
44
63
71
35
54
55
54
55
48
41
51
62
57
56
56
19
46
51
45
42
43
61
48
48
54
46
48
56
53
56
