40
46
44
50
56
39
46
54
47
60
52
42
49
56
54
47
55
51
43
50
48
50
55
49
37
42
52
62
52
50
50
63
46
54
52
52
52
52
44
59
56
54
47
53
52
48
47
30
51
36
48
42
63
51
59
44
42
49
45
47
38
29
48
42
34
52
43
47
43
56
60
64
48
68
48
65
55
48
46
62
48
54
46
46
41
53
60
53
41
55
38
46
49
55
28
61
49
58
44
50
37
55
65
29
65
55
43
64
48
37
46
28
52
47
53
43
48
48
48
59
54
38
58
46
57
47
38
46
45
58
45
48
62
53
57
54
38
57
60
61
50
65
54
32
53
47
47
52
50
50
45
42
55
38
50
53
47
48
52
55
53
55
43
53
45
57
35
52
53
61
53
48
42
46
65
45
51
50
47
29
53
66
57
42
56
52
43
43
47
31
59
49
46
56
54
61
52
52
52
37
50
45
62
54
63
35
52
40
59
45
34
38
45
41
54
28
61
56
48
50
44
51
52
48
54
30
65
39
44
59
53
55
59
53
58
46
50
47
47
49
49
50
60
48
59
53
67
43
51
51
55
55
47
53
52
59
48
44
64
29
48
42
54
46
54
53
55
44
43
39
29
48
44
51
59
46
47
49
54
49
38
52
53
44
50
47
27
49
49
43
53
52
58
53
48
42
47
52
55
48
62
43
46
45
60
52
59
51
42
49
37
49
50
48
69
36
45
46
51
42
54
44
43
43
40
57
45
49
63
50
60
58
42
67
61
53
38
49
56
49
54
19
68
51
52
39
53
48
68
52
44
55
61
50
41
55
58
47
40
56
46
50
51
50
53
51
53
42
39
52
50
39
42
45
54
49
53
48
46
47
47
64
56
51
63
44
49
50
57
47
43
47
44
50
52
47
53
50
46
52
57
49
29
58
49
47
60
49
42
60
51
55
42
54
45
52
47
47
46
49
48
44
50
41
50
53
47
48
62
51
42
54
51
49
50
48
48
44
41
54
38
64
48
56
36
45
60
63
48
39
61
46
56
48
35
49
47
50
38
43
39
49
53
43
54
57
44
62
53
53
54
62
37
53
53
53
37
43
51
56
51
53
48
39
45
66
47
53
51
43
41
63
39
52
56
52
63
68
44
42
