46
41
56
52
50
52
55
47
54
43
38
57
52
53
57
50
62
45
54
48
53
59
44
49
44
47
52
45
44
49
46
55
53
47
56
49
43
49
65
44
51
50
44
51
59
49
54
44
45
59
52
52
57
61
36
42
59
36
45
47
45
37
55
46
28
54
55
48
49
52
50
55
44
55
64
53
46
55
59
49
60
51
57
57
59
50
50
50
47
69
44
54
43
41
43
35
47
45
22
54
45
47
59
48
44
53
56
49
65
55
53
68
50
63
51
62
49
60
60
46
44
47
34
42
44
58
45
48
62
55
44
55
52
52
46
55
51
46
44
47
50
52
34
54
44
29
45
49
53
48
49
45
55
48
65
49
60
68
44
52
44
56
47
50
53
60
55
44
53
57
51
52
55
38
46
51
48
45
56
60
48
44
58
58
41
40
46
57
56
50
48
37
52
55
40
49
52
44
52
54
58
47
50
63
41
45
51
52
39
51
51
44
51
47
47
57
55
35
42
40
47
45
60
47
57
52
52
45
56
50
54
46
52
49
60
56
62
43
70
50
55
54
45
52
66
32
45
53
49
50
55
54
57
64
56
53
55
38
44
50
48
46
64
48
46
56
46
50
72
54
50
31
47
53
55
59
60
59
53
54
34
53
60
51
73
50
48
49
57
57
55
46
78
56
53
44
59
56
44
56
29
50
57
56
47
53
53
54
54
54
47
54
57
48
52
52
54
58
62
25
55
41
44
67
54
37
48
48
45
44
51
51
42
47
52
62
44
44
48
51
69
58
53
51
53
35
47
74
57
56
54
54
51
52
52
51
54
66
68
51
50
51
52
51
59
65
44
71
42
51
54
54
63
50
59
49
45
57
49
46
56
51
44
42
52
53
57
49
51
54
51
43
45
48
41
55
57
62
52
64
52
48
45
47
65
39
55
63
70
42
53
46
59
65
48
48
53
47
36
54
53
66
51
54
52
63
49
50
44
59
49
59
47
44
50
47
41
53
52
51
63
56
51
53
48
59
39
59
48
41
57
55
39
32
48
55
57
50
51
51
39
46
54
47
44
52
62
68
43
47
44
54
48
48
42
53
47
50
45
41
44
38
42
52
54
58
51
67
31
43
48
45
48
49
52
46
49
53
53
53
