47
43
53
37
54
53
53
52
62
49
43
57
56
41
54
42
47
49
46
43
53
52
44
43
43
52
53
50
49
49
46
58
41
57
44
43
48
50
31
45
54
54
53
55
43
62
42
34
50
49
53
47
45
69
46
44
51
64
47
59
63
47
41
48
53
49
45
56
42
47
41
50
53
68
51
52
57
48
52
45
47
52
35
56
57
55
47
45
56
50
45
46
49
47
51
50
47
58
77
64
53
41
37
61
59
49
56
51
52
37
52
60
34
49
46
51
48
47
43
51
51
51
53
49
44
36
50
46
47
56
48
40
51
50
49
52
51
55
61
40
55
47
37
51
51
55
43
30
50
48
51
35
38
52
43
48
33
58
47
51
54
49
57
50
54
56
53
65
43
69
61
49
46
45
42
39
49
49
50
57
50
48
40
52
45
48
55
51
38
46
53
49
54
63
46
41
57
50
48
66
53
54
55
56
50
41
57
55
32
50
57
46
53
34
51
44
40
57
49
60
52
50
46
42
48
34
55
54
49
47
33
55
53
47
50
52
29
53
81
49
49
46
44
48
64
47
50
62
45
40
53
56
51
44
49
52
53
42
46
54
69
63
67
51
58
43
38
47
41
58
43
46
28
55
27
44
43
48
56
57
48
56
44
54
48
45
62
39
48
58
53
51
55
46
56
51
49
50
56
69
50
55
55
51
39
48
46
47
50
57
40
48
43
59
49
54
57
45
52
40
73
46
57
53
46
53
45
57
55
53
53
47
49
46
53
41
49
44
51
39
56
57
46
52
62
40
46
55
50
43
49
57
46
51
52
55
61
52
48
51
47
59
53
41
49
53
50
62
66
66
53
42
50
49
53
53
56
51
52
41
43
61
56
52
49
57
53
45
44
48
44
45
51
45
47
57
62
58
49
38
54
56
69
54
41
65
57
59
46
58
46
47
37
64
49
50
49
55
48
38
47
48
58
51
49
54
44
44
49
61
50
51
45
48
52
49
52
37
60
57
56
48
49
43
39
64
55
53
51
50
57
47
57
39
50
38
47
52
62
58
54
43
51
39
47
51
68
58
56
43
56
52
59
38
22
47
54
31
57
45
42
58
58
60
64
53
47
40
42
51
50
35
50
48
55
52
58
53
60
62
