42
47
44
47
50
52
45
55
53
41
42
52
49
56
29
50
38
50
45
48
46
48
57
44
70
50
37
45
53
50
47
52
56
49
46
56
39
41
57
50
52
67
52
36
46
43
57
48
49
51
46
39
54
55
46
47
57
46
54
52
63
46
47
60
40
47
64
49
50
53
50
59
37
50
48
46
57
33
55
43
65
48
54
49
42
44
50
45
47
59
45
55
47
46
45
55
67
60
48
57
55
52
43
49
45
43
49
54
54
56
46
56
66
49
45
23
48
65
53
56
52
61
42
46
52
59
59
60
55
54
48
33
48
64
52
50
48
49
49
49
28
49
43
61
70
54
54
57
54
54
56
42
45
46
43
52
53
49
35
77
53
52
54
43
55
30
48
50
54
52
47
43
36
51
50
53
46
52
49
56
55
43
54
62
56
54
56
51
55
53
53
39
51
48
55
47
29
50
49
48
60
52
50
43
52
59
49
60
52
59
61
40
42
48
64
55
49
53
53
52
53
55
61
44
61
44
54
48
60
54
44
46
61
45
45
55
46
51
60
52
56
48
50
49
49
53
42
46
54
54
50
46
59
48
45
53
52
51
60
52
47
54
48
37
54
44
49
39
44
62
63
49
36
55
65
49
48
53
53
46
44
53
62
43
72
50
45
51
52
52
56
49
62
35
50
44
51
53
51
49
48
57
65
53
36
49
50
40
43
41
59
48
49
35
60
31
40
56
56
44
57
58
45
55
38
44
51
53
56
68
55
57
42
56
61
55
56
46
47
51
52
53
41
37
42
47
57
57
48
59
43
59
32
52
51
52
53
52
49
52
58
50
55
70
51
50
59
48
46
52
52
41
57
55
53
44
56
56
66
48
43
60
46
50
50
53
65
57
56
53
51
46
50
60
52
27
53
45
44
65
52
47
55
68
52
60
49
46
57
49
51
63
53
50
62
42
56
50
41
52
52
49
49
47
58
47
50
51
61
43
54
50
54
57
51
65
46
47
54
52
45
42
48
53
57
50
55
55
46
29
48
50
52
51
59
54
40
37
52
54
58
43
50
42
50
47
48
51
59
48
52
64
49
57
45
51
49
62
55
49
63
48
45
52
52
37
52
41
62
48
48
56
38
47
30
61
49
51
45
34
