44
69
55
49
51
42
53
40
47
54
47
54
59
54
47
65
57
46
60
55
57
59
52
49
51
56
52
43
51
41
60
43
31
60
43
50
54
57
51
41
47
33
49
60
45
57
49
57
45
56
48
56
49
38
35
58
40
43
57
57
53
36
53
58
46
62
51
56
55
44
53
35
48
47
36
48
60
59
54
56
51
66
62
61
47
72
48
59
61
48
56
41
49
59
29
57
49
50
56
49
49
59
54
59
45
58
53
43
41
53
50
50
44
53
50
50
54
53
34
51
60
45
52
43
40
49
54
54
62
50
54
50
36
45
46
37
58
58
58
52
56
49
46
56
50
66
55
57
56
49
56
47
41
59
48
57
58
50
57
56
54
50
56
46
54
52
48
47
47
21
54
44
43
46
49
56
56
59
49
47
54
47
51
52
47
51
65
61
50
40
45
48
49
31
53
47
53
42
50
50
44
40
40
59
42
30
47
52
56
56
52
57
57
42
55
51
48
51
65
53
51
45
49
60
57
61
49
47
43
48
37
46
61
37
46
52
47
64
52
57
55
43
49
60
48
53
74
66
40
52
45
55
56
28
47
51
56
48
53
50
47
45
55
52
55
59
58
59
59
54
52
35
50
38
45
62
47
44
54
53
48
48
51
69
52
58
45
60
54
53
41
53
55
54
39
53
56
41
62
47
47
51
42
53
42
57
55
47
59
61
47
67
56
57
51
45
38
53
47
47
43
50
42
56
56
47
58
41
49
41
48
28
59
54
51
49
40
53
64
39
61
58
64
71
51
37
42
43
54
68
54
54
80
55
50
58
49
47
57
53
52
52
74
66
53
51
32
58
58
52
54
57
60
41
28
53
46
54
51
55
36
49
47
44
59
49
55
36
61
56
40
54
52
74
56
53
54
48
33
42
44
55
55
49
52
61
52
58
51
52
38
56
66
31
44
35
53
48
55
60
49
46
51
45
46
44
52
41
46
60
64
52
45
44
59
53
50
42
34
47
52
57
51
41
45
56
63
46
60
43
28
49
40
50
46
53
50
51
55
48
50
43
53
52
50
50
44
44
58
37
57
38
56
43
61
46
61
55
36
50
53
53
40
55
59
52
46
50
44
45
58
58
61
44
55
52
47
37
51
38
