56
57
50
54
53
51
36
54
46
43
39
70
49
51
60
51
56
48
51
56
44
50
51
46
47
46
50
49
46
55
52
57
50
42
52
52
42
50
47
36
31
45
58
55
47
48
52
50
51
45
32
56
50
47
55
45
44
50
50
50
57
55
70
40
51
54
48
63
59
45
52
53
57
52
45
42
49
48
44
62
33
50
47
53
43
43
53
55
56
50
52
50
40
27
52
45
63
58
44
41
46
45
37
55
45
51
51
58
45
50
56
46
50
55
52
48
44
57
45
54
49
53
46
58
54
52
53
54
68
40
49
47
51
50
52
48
55
53
60
55
42
66
47
60
59
62
42
51
49
51
52
54
71
49
54
49
56
55
64
51
51
54
58
46
55
52
52
47
46
50
50
69
47
59
57
38
51
49
48
52
49
58
50
59
61
55
51
57
49
51
54
40
41
55
50
49
45
49
53
55
58
66
78
58
33
58
41
50
45
51
55
64
53
67
59
46
62
54
44
48
53
47
44
46
39
52
49
40
58
71
56
46
44
50
68
45
58
55
45
50
59
54
51
47
49
45
41
50
40
53
35
56
44
63
43
59
45
51
62
55
45
43
50
64
60
43
60
43
51
41
43
49
37
37
48
51
42
50
47
57
58
44
56
42
52
53
63
52
49
51
48
49
42
47
54
43
52
50
36
50
60
55
55
42
49
57
47
49
50
47
55
42
49
34
52
37
58
42
61
51
56
41
63
51
67
57
50
47
49
50
54
47
62
42
41
50
65
56
52
58
47
65
54
45
56
42
51
58
39
53
48
55
64
57
56
45
41
60
56
54
68
52
56
41
54
51
50
54
63
58
50
53
68
62
55
45
61
50
52
46
35
69
62
51
38
49
51
55
57
47
53
50
58
48
55
54
51
36
48
48
58
57
63
53
52
51
59
50
55
51
45
34
43
62
49
44
36
47
52
49
58
52
53
47
46
53
50
42
46
49
66
37
52
50
60
55
49
55
61
51
50
59
46
42
46
55
55
48
45
49
62
34
58
62
59
58
45
45
50
49
47
53
55
50
54
58
51
44
52
28
56
47
55
50
41
59
48
47
48
53
64
41
41
36
35
57
37
49
63
53
50
49
52
54
42
48
49
46
42
55
