60
55
51
45
45
57
53
42
53
54
58
52
47
53
43
50
60
59
45
54
51
62
49
55
51
38
46
56
56
56
57
50
52
42
59
57
55
48
71
46
37
49
57
52
58
74
49
54
40
52
53
39
67
54
63
62
53
50
35
50
50
62
53
49
56
57
62
47
63
48
58
57
53
49
44
39
56
49
61
56
54
51
65
51
51
49
67
51
49
38
41
51
59
58
52
24
53
53
45
50
52
53
51
51
43
48
55
44
45
48
41
49
51
46
58
53
41
43
46
50
46
49
51
58
52
54
59
50
51
50
46
50
54
31
50
41
42
50
58
56
54
52
44
50
57
46
48
54
48
51
50
66
53
54
50
44
56
56
51
56
57
49
51
48
47
45
39
58
54
56
51
40
51
53
49
42
41
42
55
54
49
55
31
50
43
40
39
52
58
42
48
49
49
49
47
53
54
48
59
47
61
56
46
52
53
36
62
62
55
46
55
52
56
44
46
66
42
55
55
51
50
57
50
49
56
46
56
51
45
55
52
35
52
55
51
51
47
51
50
58
51
62
51
56
51
47
54
57
55
52
47
63
68
48
48
47
53
47
39
28
40
49
53
44
51
48
46
57
55
45
55
52
55
45
51
57
44
45
55
31
54
45
59
61
56
54
42
48
40
59
75
50
43
58
51
44
52
44
42
40
48
57
55
45
52
58
44
57
42
48
46
66
75
43
33
53
52
57
43
54
44
49
51
57
62
59
57
50
41
51
53
53
69
56
46
49
55
53
55
72
45
27
47
43
75
52
51
38
60
52
55
52
49
52
46
56
40
36
44
38
52
47
27
48
51
51
49
45
57
49
51
44
48
48
48
64
51
53
53
41
50
57
64
50
68
55
41
53
60
48
55
25
53
40
45
47
56
50
42
39
49
53
55
48
61
56
55
61
49
49
50
51
50
48
53
44
48
44
40
61
62
50
35
27
63
50
40
54
56
55
43
41
52
49
60
47
60
40
52
41
70
57
69
49
43
49
52
32
41
57
56
56
51
59
49
59
49
43
73
45
61
49
58
53
37
53
65
52
49
56
58
41
32
50
56
49
55
47
66
49
55
48
42
43
65
48
38
47
42
54
56
42
56
37
50
38
30
48
49
42
