53
40
64
53
64
50
49
54
45
45
51
49
68
58
51
55
41
43
53
53
59
52
32
52
57
53
45
51
56
61
54
43
53
53
53
53
55
51
55
59
27
48
43
50
63
54
51
49
49
53
44
49
58
39
50
48
44
51
56
45
45
45
49
50
43
31
57
60
44
54
47
42
52
50
47
55
59
52
56
56
55
52
48
55
55
38
44
62
38
64
60
57
44
47
70
59
40
59
52
50
44
47
48
66
54
36
60
53
53
51
68
66
49
68
57
42
19
58
43
56
60
59
42
47
58
53
53
59
60
53
43
50
52
48
44
27
52
49
60
49
52
58
63
57
51
51
60
46
47
63
28
57
59
41
46
50
51
53
55
57
52
75
62
44
30
52
50
51
46
47
47
40
47
48
42
58
47
48
46
49
54
40
38
34
46
35
46
50
47
52
55
47
49
48
56
57
51
49
53
47
47
62
53
49
56
52
44
52
55
54
50
45
62
49
46
55
53
43
52
55
39
48
23
48
56
47
51
56
52
62
61
68
58
52
57
48
48
49
49
57
52
52
41
59
67
53
41
48
51
47
45
45
44
43
46
54
52
45
53
53
58
43
45
50
39
56
53
53
42
56
58
51
47
52
44
49
54
53
61
46
38
59
47
38
58
48
52
57
50
63
64
46
54
53
50
49
42
54
50
61
57
63
56
37
49
57
49
55
60
51
43
70
46
63
74
63
48
62
53
50
56
49
45
19
48
69
47
48
51
51
50
63
60
50
47
41
54
35
59
50
51
44
55
54
44
46
49
46
55
52
44
54
44
50
39
51
46
63
48
52
61
48
50
43
48
45
49
42
49
49
48
56
37
39
52
51
50
56
59
38
52
40
57
51
36
51
43
51
62
52
54
52
50
52
50
55
60
57
44
53
44
40
49
41
41
48
43
55
55
43
53
38
53
43
57
38
55
55
57
49
55
40
49
52
53
47
49
55
45
55
52
41
52
53
44
41
50
34
51
51
58
66
50
53
53
48
42
57
42
36
54
40
50
41
51
50
52
53
39
34
47
52
51
77
48
40
49
53
32
50
60
43
51
48
44
43
44
51
57
61
45
45
53
55
46
38
46
42
46
65
37
67
55
52
51
65
62
54
52
53
