57
57
53
51
58
46
50
46
45
62
48
62
44
53
57
64
51
56
43
55
56
51
51
47
46
38
57
52
55
48
48
57
57
57
60
48
42
40
55
55
45
57
54
42
58
57
62
59
46
55
50
47
52
48
49
42
54
51
55
49
36
48
45
49
57
50
49
40
47
51
41
48
56
49
50
37
47
47
55
73
53
40
47
57
52
48
53
54
52
59
47
49
48
44
55
46
50
52
53
39
22
46
44
49
47
55
42
56
56
63
46
43
61
54
44
39
52
54
47
45
47
52
50
47
45
57
24
51
50
51
51
48
56
60
50
53
56
50
46
32
64
40
50
44
67
46
62
58
56
43
56
62
52
52
56
45
52
41
53
50
49
52
51
53
36
56
48
51
66
51
52
43
48
41
50
42
47
66
38
47
51
69
66
48
63
47
43
49
45
55
46
53
40
66
52
49
41
58
45
39
57
49
47
51
49
35
47
70
54
64
54
51
59
58
56
62
58
50
54
44
62
49
49
44
54
47
42
57
37
49
47
43
55
57
54
40
43
50
52
54
46
44
45
62
52
53
59
49
53
51
42
48
58
66
49
54
62
53
38
46
49
51
57
48
46
61
55
65
45
47
46
56
52
43
47
38
52
51
46
52
51
46
55
52
64
64
49
65
46
52
44
53
46
61
52
52
48
57
69
43
41
49
45
48
49
50
45
53
53
56
39
50
22
42
59
38
56
58
53
47
45
49
56
42
66
51
53
52
57
47
38
52
53
50
49
51
62
49
53
48
51
43
37
58
47
67
48
55
46
51
46
50
47
38
50
49
51
62
57
51
35
46
38
39
51
52
53
55
52
42
49
47
49
55
46
34
58
48
55
53
47
45
44
47
54
69
62
49
43
56
50
57
62
32
55
64
53
44
59
48
37
65
54
46
60
51
51
44
51
48
49
53
54
49
47
41
30
30
43
51
48
60
53
58
57
55
45
47
47
48
45
78
59
50
52
61
61
52
49
56
64
44
51
47
39
49
49
55
53
50
43
46
42
48
54
45
53
68
40
47
44
32
49
42
50
50
52
50
43
53
57
37
54
62
54
43
47
50
42
52
61
47
42
54
64
57
54
45
46
49
38
57
57
46
51
66
46
58
50
66
