55
57
49
47
44
47
51
28
39
44
52
61
52
49
59
53
71
39
53
39
50
49
63
43
63
46
50
41
40
48
50
42
42
62
39
54
34
60
32
45
35
46
66
41
50
54
38
49
50
44
44
34
49
60
51
41
49
65
40
47
41
58
66
43
51
47
31
43
47
41
53
45
52
50
41
51
43
71
53
43
42
55
57
54
52
48
45
59
45
48
54
51
52
30
48
52
46
60
48
44
22
66
50
45
46
52
56
52
51
45
51
49
42
57
54
46
38
56
41
46
62
32
60
44
62
49
52
55
49
56
51
57
46
38
53
48
49
45
70
61
45
47
55
54
54
37
50
50
50
52
47
57
48
53
58
40
41
41
55
35
58
47
51
64
39
53
55
53
45
53
48
51
61
47
41
55
50
50
53
45
48
35
51
50
38
42
47
47
44
46
57
49
39
45
52
49
45
46
52
50
48
63
39
50
50
55
49
43
49
55
60
54
60
40
71
60
47
43
55
38
45
52
65
55
71
49
54
52
41
36
47
57
41
41
61
51
47
35
49
51
45
56
39
56
52
34
54
49
64
44
47
47
49
53
36
49
34
62
45
53
49
56
46
53
39
47
55
39
45
60
29
50
39
48
59
60
41
22
55
49
48
38
49
42
60
42
45
49
56
52
55
50
44
43
46
46
47
56
33
30
55
51
55
50
68
58
56
52
40
50
33
43
44
50
39
47
49
47
53
50
48
44
52
53
47
56
49
49
56
44
35
54
56
55
55
58
40
46
40
54
56
64
60
42
49
52
54
48
34
66
53
74
61
55
47
39
45
52
38
51
58
45
59
50
24
49
51
54
48
24
46
49
51
52
57
56
56
56
51
48
48
44
52
44
54
58
38
53
44
44
56
43
49
56
41
47
39
34
52
50
55
54
45
49
43
45
46
59
52
54
56
48
27
58
54
45
48
50
44
49
65
59
44
43
37
51
48
38
52
44
50
68
58
70
52
54
51
49
62
70
40
47
60
52
56
34
41
58
57
65
50
28
55
49
46
50
47
58
49
60
43
38
50
50
52
58
49
46
56
45
58
51
39
57
54
60
49
51
52
59
47
47
52
53
47
54
58
43
58
48
42
64
42
49
48
28
60
51
38
46
