53
72
30
52
54
45
59
45
45
57
51
65
48
55
51
44
43
42
51
56
47
28
48
48
44
58
49
59
51
52
32
49
55
57
52
52
48
48
52
55
34
52
49
51
54
51
53
44
54
53
37
52
56
54
45
48
43
48
40
50
69
48
55
52
46
58
58
41
50
50
47
54
39
52
45
22
59
57
59
59
49
66
69
59
63
41
46
41
54
55
48
50
50
50
41
56
46
35
51
44
35
45
43
62
63
34
50
60
40
45
57
59
57
30
56
55
43
58
55
38
50
58
45
56
60
36
62
44
54
49
47
50
54
69
42
43
57
57
49
47
51
46
53
58
50
44
51
58
47
50
46
53
40
42
42
46
51
46
49
43
46
64
40
58
63
66
44
51
54
79
59
35
46
59
47
59
52
41
51
49
49
47
54
33
59
54
49
43
50
33
52
57
35
53
54
46
58
65
48
59
46
43
52
50
46
50
53
55
52
50
53
46
34
42
53
57
51
48
63
44
45
48
51
38
52
40
40
52
55
55
52
59
52
45
45
53
37
47
55
49
47
46
57
44
53
56
55
26
46
52
66
42
51
39
41
52
52
46
63
60
27
37
52
50
50
29
55
50
48
27
53
50
35
48
43
56
45
51
46
39
59
43
58
51
52
58
43
58
59
39
40
62
52
49
64
68
57
47
51
74
48
64
43
47
50
40
58
53
60
50
54
43
50
50
47
39
48
56
43
59
56
41
51
60
53
30
52
60
52
35
59
51
50
42
51
47
50
39
44
49
45
35
57
40
61
58
39
53
57
50
45
56
45
49
55
49
59
55
57
57
55
49
53
53
42
54
57
54
56
67
53
57
48
57
51
62
37
56
57
61
48
58
53
48
52
52
48
45
52
70
55
77
56
59
47
34
43
53
47
49
36
53
48
55
59
54
46
64
50
66
48
28
42
48
53
43
53
57
56
59
51
53
52
52
33
62
46
48
42
45
64
47
53
60
52
41
59
46
40
65
56
43
45
45
61
51
51
41
51
48
68
37
53
57
53
43
46
49
48
42
50
61
57
49
52
51
52
51
75
47
59
52
65
72
44
47
56
42
41
63
39
40
52
44
51
58
45
55
55
46
44
52
29
51
49
49
50
53
57
46
