47
52
36
55
30
28
28
51
32
48
22
41
54
34
46
34
46
43
42
52
33
28
30
61
34
52
29
58
51
29
54
52
55
64
47
43
32
41
57
49
51
44
66
64
56
24
57
25
33
28
49
47
34
61
56
51
48
35
48
55
37
32
32
39
47
24
33
49
49
48
43
47
22
46
51
44
61
36
49
63
52
55
49
51
58
56
24
54
59
73
59
55
25
60
49
45
34
47
45
21
20
68
42
34
48
34
49
30
52
45
59
37
49
35
31
51
53
44
56
39
24
52
49
50
31
32
45
54
27
45
30
29
50
57
61
22
50
52
37
36
36
46
20
39
39
24
48
57
37
46
58
36
28
57
29
25
47
33
32
56
44
28
51
31
47
49
47
49
37
32
34
49
34
45
25
41
40
80
57
59
42
54
41
58
44
29
44
62
28
28
43
54
37
27
56
34
26
54
29
43
43
44
31
51
57
55
27
43
41
33
43
39
51
50
57
62
27
30
33
43
20
35
53
47
55
44
52
35
41
47
37
31
33
53
57
57
40
31
52
36
49
50
59
62
44
48
32
48
35
45
51
52
45
30
58
26
47
46
37
32
31
52
24
34
32
31
51
60
38
29
61
57
55
41
35
25
30
61
30
40
39
44
44
65
45
17
49
53
34
36
35
38
53
64
50
33
47
37
59
37
46
24
49
42
36
48
47
49
52
48
31
33
70
35
27
36
32
40
19
34
42
38
36
50
22
28
48
57
52
29
53
31
54
36
27
47
57
53
17
19
46
33
41
41
35
31
21
50
38
54
52
55
45
44
58
41
44
44
52
26
59
37
47
20
36
38
31
23
27
40
40
42
26
37
33
50
61
48
57
45
50
53
30
50
47
36
20
49
41
34
53
36
40
28
22
34
53
43
38
27
43
49
48
49
39
36
57
38
29
32
22
45
32
38
54
19
30
37
27
62
27
49
44
58
30
55
44
34
31
37
38
43
47
51
35
31
48
62
45
51
49
70
59
40
28
46
54
39
59
45
62
49
39
44
21
51
27
59
29
43
41
57
26
59
63
28
38
55
21
22
40
59
40
59
49
20
39
48
48
30
48
51
59
53
58
61
59
43
47
47
60
55
42
40
51
41
60
50
51
46
