45
27
33
47
40
40
33
45
66
34
45
55
29
32
35
57
51
53
44
58
38
42
50
30
38
45
46
26
50
59
50
25
39
55
41
58
59
54
36
46
47
60
58
50
61
43
17
30
59
30
33
46
44
42
34
45
36
45
27
39
35
49
31
51
28
33
52
43
64
58
18
48
39
34
56
39
37
16
48
46
44
49
41
52
53
30
45
32
47
44
40
40
53
46
27
44
49
31
53
54
57
48
35
19
53
32
37
39
53
46
48
33
58
29
48
41
41
57
49
32
26
65
53
26
42
34
45
54
32
26
52
73
50
34
47
26
57
58
59
51
31
33
25
49
43
54
42
44
34
36
52
50
40
29
36
51
57
31
42
52
35
51
37
33
56
38
46
24
62
40
51
34
46
18
28
43
30
49
45
52
36
47
53
45
38
31
49
53
47
29
51
47
26
58
50
53
32
28
45
53
34
37
62
31
37
49
50
39
46
37
34
66
28
42
31
46
24
10
21
24
57
48
45
57
50
38
51
47
41
45
41
56
24
55
35
30
33
52
54
59
47
30
25
54
47
35
62
14
53
32
32
66
54
11
48
40
40
27
20
57
54
45
33
35
50
51
72
31
39
40
44
30
54
39
48
50
55
32
47
46
47
48
51
60
65
39
39
41
32
53
30
48
33
50
52
32
40
62
50
35
56
54
51
34
52
52
44
28
28
42
36
44
56
46
26
38
58
37
55
26
40
31
48
35
36
48
53
36
52
50
49
31
52
36
59
40
41
57
40
44
29
44
32
45
47
47
59
50
59
45
39
30
80
43
37
52
44
34
48
53
57
53
36
30
53
51
33
30
29
52
42
42
45
29
64
47
28
57
23
55
35
42
52
53
41
66
32
31
53
39
33
22
52
22
56
28
46
42
19
69
44
33
57
57
55
17
51
36
40
42
30
32
35
59
40
41
48
20
49
41
31
34
22
27
38
52
23
53
46
48
32
48
52
29
40
40
32
23
33
53
68
36
37
28
50
33
56
45
40
35
36
37
39
55
35
40
34
44
53
67
38
43
50
51
49
46
37
51
47
50
47
45
41
25
34
52
46
38
38
43
26
21
42
48
38
24
26
41
29
42
33
34
31
38
29
31
17
51
46
40
