32
37
54
35
50
33
44
51
49
29
56
48
44
37
55
51
54
25
31
49
52
47
48
38
42
52
59
69
24
37
28
60
47
62
41
31
46
52
45
36
42
27
48
53
50
38
25
37
52
54
49
48
56
42
43
26
55
43
36
36
27
39
39
65
39
46
38
48
41
31
43
36
51
46
60
50
36
34
26
45
33
42
30
33
55
49
34
45
52
52
33
55
31
28
52
56
50
57
46
51
50
18
69
46
53
57
41
60
47
22
41
30
40
37
32
58
26
50
33
35
34
31
67
34
50
41
42
36
42
62
43
32
41
23
35
33
12
49
34
45
51
46
47
52
45
28
27
40
29
32
39
31
64
53
46
35
51
16
20
51
30
45
30
54
52
41
44
23
35
41
32
22
53
49
51
38
46
59
31
39
26
49
38
36
28
43
24
47
47
34
47
48
58
35
28
49
62
56
48
51
30
55
51
47
31
39
55
60
29
39
36
41
27
57
41
42
40
48
24
43
37
34
14
43
35
25
37
34
57
36
32
55
23
56
57
29
48
51
28
32
54
56
48
41
42
31
35
55
30
51
69
49
46
40
65
44
50
23
29
53
14
52
59
45
48
51
49
53
31
36
30
33
52
28
28
35
54
51
47
50
21
26
45
27
53
38
8
42
57
50
56
38
53
54
52
65
45
49
37
28
57
46
34
48
52
37
19
40
53
57
33
47
45
51
43
40
29
47
32
43
41
38
57
57
47
27
33
33
23
69
26
59
54
55
50
55
29
34
31
38
52
44
37
5
48
37
43
50
47
59
38
51
29
52
46
31
55
34
51
40
71
30
43
23
41
49
52
40
24
59
45
56
56
28
58
55
49
31
34
41
60
47
33
49
53
20
52
54
35
40
41
43
30
25
51
39
52
24
41
45
51
53
42
18
36
61
54
49
32
35
53
53
30
47
52
52
44
23
33
51
28
40
48
39
44
58
43
61
48
38
30
29
46
36
26
58
26
51
30
29
29
50
25
36
26
58
38
68
25
52
52
36
54
56
44
49
31
47
49
70
29
44
45
38
31
50
50
49
36
36
31
44
51
21
46
27
49
37
48
61
29
32
49
52
44
59
49
40
58
14
40
56
29
41
59
44
36
49
30
40
