59
33
56
33
23
19
36
37
33
42
33
34
53
59
24
35
46
50
29
40
53
39
44
47
52
68
51
47
44
49
31
53
48
52
25
37
48
24
54
30
28
26
44
36
49
31
31
32
50
25
39
56
37
50
40
15
57
56
56
27
25
41
56
46
49
27
27
40
40
47
49
30
51
55
65
43
33
32
40
51
31
47
57
18
49
50
52
49
55
47
42
49
31
26
51
41
36
45
28
55
35
31
54
27
51
40
37
50
26
37
38
56
38
21
43
42
34
49
41
27
35
29
48
50
47
12
25
47
30
40
55
39
27
61
42
43
33
61
33
51
41
54
50
35
29
62
33
68
47
26
30
44
30
59
26
51
41
34
36
29
54
43
49
55
55
42
49
46
47
45
30
57
52
49
51
45
33
38
50
52
25
30
51
37
48
34
44
35
42
35
53
52
36
46
43
48
36
47
34
52
33
47
48
47
32
39
53
34
51
50
24
52
25
33
29
56
48
60
33
29
38
43
63
31
39
26
53
27
33
31
53
49
41
46
49
52
17
47
59
56
55
58
30
58
57
46
55
39
57
42
35
47
45
34
42
24
36
40
48
42
40
52
27
61
58
27
50
31
51
50
49
34
35
37
51
46
35
51
38
50
34
23
29
44
51
61
41
38
27
28
44
31
28
42
56
38
55
44
51
43
44
73
65
48
34
34
45
45
40
42
36
50
27
59
49
56
40
51
48
60
42
22
31
39
55
52
33
47
44
54
33
33
44
51
60
58
44
33
42
36
39
33
47
50
49
63
49
63
60
51
54
51
53
36
50
53
51
47
40
52
53
41
28
23
39
49
54
31
52
22
63
55
26
27
56
40
47
33
35
47
40
46
53
30
32
53
63
57
52
52
44
44
36
50
32
39
32
49
39
21
65
43
57
35
52
39
54
44
34
52
65
41
51
41
52
50
44
39
32
57
27
32
31
50
59
44
39
40
50
49
39
37
46
48
44
33
41
46
46
60
29
26
53
50
60
36
62
52
45
52
36
58
42
18
59
40
45
52
70
61
58
60
59
55
42
49
33
46
49
27
54
56
50
52
48
48
50
36
37
54
48
47
54
49
38
52
49
53
43
53
44
62
40
75
50
46
61
53
38
34
