48
45
56
59
49
22
47
31
46
56
49
43
32
58
38
40
36
53
23
24
39
50
57
53
55
52
49
32
22
51
46
46
56
50
59
33
29
51
24
50
31
30
39
45
55
56
50
54
66
44
38
56
48
42
44
43
35
38
34
50
48
40
38
36
30
28
31
25
15
33
43
51
33
38
35
28
55
31
38
49
50
33
52
56
39
34
44
42
49
41
42
32
55
36
29
30
54
44
36
58
49
37
51
33
45
55
45
56
41
37
55
41
43
56
31
39
59
27
64
49
49
49
32
54
32
37
37
52
32
51
62
30
24
12
53
39
50
39
31
32
53
52
44
38
48
24
55
51
38
48
32
36
54
47
41
32
15
25
30
31
55
30
40
43
62
23
46
50
31
53
43
45
38
57
48
55
41
37
34
25
63
25
48
19
38
32
52
62
32
54
36
57
27
54
24
38
32
34
39
47
55
33
36
33
48
55
30
37
37
43
31
40
39
35
24
46
59
48
53
49
42
53
50
39
39
55
51
43
38
30
32
42
51
35
51
57
26
24
51
30
52
42
41
55
51
56
34
53
62
31
66
55
52
51
48
35
34
45
58
54
46
64
49
31
54
60
32
46
58
39
26
53
25
43
31
50
49
36
45
40
33
37
44
30
48
58
52
52
35
31
54
57
64
27
48
39
54
68
44
29
41
30
47
42
53
40
36
52
24
54
29
49
43
58
45
53
53
49
58
33
48
51
41
55
46
49
52
48
38
38
45
11
30
56
59
30
56
35
38
50
45
40
56
58
17
49
52
56
37
56
40
56
52
31
54
27
54
51
55
43
26
57
52
51
31
50
45
62
26
53
65
31
46
31
32
47
32
59
30
35
19
48
33
48
43
51
47
41
55
39
47
43
41
58
53
26
50
50
32
53
35
26
56
51
52
35
50
29
43
56
53
35
42
44
55
29
45
66
30
50
49
26
31
43
47
23
46
31
41
40
23
34
40
38
41
48
26
29
53
48
48
47
58
48
34
35
57
40
47
50
36
48
50
57
56
59
48
53
27
48
49
53
46
34
30
37
26
33
31
19
31
41
33
35
36
34
34
38
34
45
7
38
31
45
20
32
37
28
42
35
32
33
45
28
34
47
42
37
32
54
