35
54
56
30
24
48
36
29
49
41
37
53
50
34
36
47
37
47
40
51
49
35
32
39
47
33
27
24
54
19
22
58
46
36
25
23
51
55
59
55
39
26
39
33
64
14
39
40
49
44
50
52
40
54
33
58
41
30
32
29
35
31
53
45
37
52
39
27
31
16
49
32
36
37
44
46
38
53
26
48
44
54
75
46
57
29
53
53
52
60
58
56
51
44
27
41
26
49
56
38
50
45
20
51
46
25
23
51
52
34
34
46
39
41
34
21
36
55
57
49
37
30
47
78
39
57
52
30
30
65
31
60
46
24
34
41
32
27
46
19
17
55
52
47
47
28
38
53
26
34
50
43
47
34
43
41
47
52
74
60
19
34
32
54
45
39
36
49
61
60
33
46
41
24
48
59
39
58
31
32
31
34
52
57
36
47
56
53
41
49
45
45
36
33
29
43
29
53
36
32
36
53
50
62
24
47
38
50
50
46
38
22
54
46
55
60
81
49
48
48
58
30
50
55
32
34
32
38
24
30
63
52
58
46
42
49
54
41
49
52
50
52
32
38
24
29
44
29
49
68
46
62
45
26
49
29
41
39
31
28
44
24
32
54
32
55
45
34
31
35
52
49
54
48
45
58
63
33
41
14
53
55
59
57
43
27
27
33
43
34
28
23
23
27
48
57
28
36
58
54
56
35
47
46
48
49
58
30
30
24
46
31
39
54
11
39
34
52
49
41
30
47
51
39
39
39
69
36
51
57
34
47
53
65
36
29
49
40
28
31
43
37
33
32
38
39
25
51
51
34
42
32
31
47
38
54
38
51
50
52
52
55
26
23
48
42
55
51
28
30
61
33
44
48
30
31
30
66
51
43
33
12
75
29
36
43
30
66
42
27
46
41
45
34
29
26
25
43
49
58
55
54
38
39
31
53
35
54
53
48
28
35
55
34
52
25
27
34
40
64
49
24
54
41
24
49
24
54
38
31
60
48
36
33
56
56
59
53
24
37
25
64
45
53
30
63
48
44
40
28
48
36
59
50
37
43
54
30
33
59
52
54
28
38
51
42
34
34
41
40
34
32
39
20
44
61
49
40
32
51
48
27
41
49
31
19
36
53
47
29
24
53
17
55
19
39
36
37
51
38
