59
31
47
34
36
52
24
58
55
60
74
47
51
33
46
40
39
49
52
38
38
60
16
53
29
39
48
51
58
56
33
52
49
37
46
47
17
54
26
30
34
33
36
42
48
42
34
50
44
32
39
56
27
35
51
44
41
58
27
30
49
52
29
53
48
24
50
49
32
27
31
47
41
45
70
34
41
41
45
24
42
49
41
25
57
27
29
41
25
35
60
70
34
33
57
20
36
21
49
41
40
40
56
63
31
47
28
34
33
45
53
47
52
51
28
41
55
60
33
9
44
33
46
65
33
35
48
51
50
36
35
32
63
24
57
53
23
34
34
29
47
51
44
43
34
50
45
54
41
30
41
40
32
31
56
41
53
52
31
69
48
36
38
21
50
40
40
41
33
58
44
52
41
45
71
49
49
63
52
24
51
40
41
31
44
56
55
20
28
51
54
54
36
48
28
47
30
38
32
22
31
34
25
41
57
47
44
34
45
46
23
56
46
29
42
32
38
52
36
56
63
55
34
36
30
39
34
17
40
38
51
51
36
40
67
56
42
51
59
54
50
42
50
47
61
50
36
35
49
29
51
54
39
45
45
15
32
65
42
41
28
52
23
39
28
64
56
40
49
37
42
46
38
47
63
52
44
44
33
45
38
52
47
33
52
50
42
53
42
48
40
32
35
41
47
59
37
47
47
43
52
48
17
40
58
42
50
41
47
43
44
44
47
56
30
34
51
36
45
39
41
52
41
51
40
36
45
45
34
50
38
50
55
48
33
28
32
49
39
33
52
35
51
57
34
33
60
31
59
57
37
36
48
47
32
42
42
45
29
29
28
59
33
35
38
27
33
27
44
36
28
48
43
53
29
43
70
53
34
38
65
56
30
60
34
49
30
36
53
30
53
57
50
55
37
47
49
58
37
56
22
26
24
28
76
55
33
33
55
48
48
13
28
50
38
40
31
59
54
39
50
57
50
42
32
48
45
37
33
29
45
15
54
43
51
32
33
28
66
46
27
47
33
55
55
35
33
23
39
48
50
36
49
29
44
50
39
37
62
37
49
52
44
51
49
46
54
53
63
41
37
38
37
35
48
40
24
36
54
28
47
37
54
59
37
37
60
18
32
62
46
33
45
12
47
60
60
53
51
39
