23
29
57
52
51
39
52
43
40
36
32
41
40
34
29
51
48
59
50
38
41
31
57
30
31
41
49
30
55
51
35
40
58
43
44
52
22
47
45
74
46
26
38
32
59
50
17
48
21
51
48
55
41
53
47
55
72
63
46
25
51
30
51
42
44
45
49
54
38
51
51
43
30
53
62
47
42
68
59
53
39
40
33
49
40
34
33
30
54
48
58
26
48
20
51
21
45
34
37
51
18
29
64
39
36
49
38
50
59
28
51
51
52
39
45
32
49
62
64
47
46
47
29
20
54
26
47
29
30
28
48
34
52
62
50
31
37
45
40
44
51
52
50
39
51
66
23
49
62
40
56
33
52
52
35
48
33
72
51
45
45
51
51
50
34
30
53
56
46
46
31
45
57
59
33
62
52
48
38
32
23
50
47
49
44
37
50
50
33
53
61
60
25
17
32
52
49
40
75
48
36
51
52
39
48
51
28
45
30
31
49
33
50
28
57
29
47
22
58
47
47
36
33
34
56
50
20
43
59
30
71
28
43
55
34
28
50
42
60
47
45
39
11
45
48
30
38
23
28
20
33
35
36
35
52
56
60
22
58
38
24
44
58
49
43
22
69
60
31
49
60
50
55
46
60
46
65
26
47
51
29
40
60
46
30
19
33
34
46
22
48
51
41
14
30
57
62
53
38
33
43
68
41
41
45
39
26
47
61
71
34
36
48
28
35
35
54
49
42
31
64
53
39
32
58
37
31
32
26
33
49
45
51
53
63
35
35
49
30
51
33
52
28
11
48
44
59
52
34
45
36
49
46
42
51
63
26
48
30
64
55
31
46
32
33
49
50
39
54
36
35
41
11
58
50
54
43
56
68
40
40
48
35
55
62
43
39
53
52
52
36
59
62
46
39
52
58
27
51
26
35
31
50
24
63
65
41
64
28
62
20
43
30
55
32
30
33
29
62
51
60
30
37
35
34
32
34
32
51
54
54
30
30
43
53
45
55
53
49
23
39
49
41
23
53
39
29
34
57
29
62
35
60
29
52
41
43
32
54
32
52
43
43
48
47
37
43
38
32
45
42
48
57
47
45
44
35
35
32
41
59
32
34
27
27
30
42
34
20
36
30
31
23
26
38
38
29
38
22
37
