25
40
68
45
55
37
63
64
25
60
53
25
33
53
44
32
50
29
53
39
44
38
51
40
29
54
52
56
28
44
38
16
76
9
33
42
50
49
54
21
57
39
38
64
60
47
31
43
45
47
29
40
41
37
49
51
66
48
51
47
45
33
23
45
39
69
69
52
33
47
37
34
52
29
36
28
28
42
42
27
52
37
30
53
33
61
62
37
37
58
28
38
39
36
45
52
34
54
64
22
46
44
60
45
55
60
32
48
53
56
42
47
34
32
53
49
42
23
34
43
26
45
30
38
57
49
55
44
41
40
51
58
38
46
56
50
36
50
54
30
29
48
53
29
31
56
50
41
32
29
47
48
50
64
37
50
55
32
63
36
49
51
41
25
50
34
43
34
41
52
42
52
32
51
30
31
51
57
70
38
51
42
39
51
32
40
51
52
45
25
41
64
31
35
42
26
56
52
54
30
54
29
34
21
52
36
47
37
31
34
34
22
40
44
38
54
57
40
53
51
35
48
39
53
58
37
48
53
54
43
51
31
72
30
37
60
46
23
45
47
54
43
48
52
64
15
58
27
58
50
46
36
54
53
48
57
55
31
30
56
34
50
52
36
37
30
38
53
21
29
53
36
58
66
23
31
40
29
48
30
30
43
49
27
50
47
31
21
38
31
24
47
27
54
46
36
39
47
25
29
37
43
45
35
47
62
43
12
59
38
36
49
32
43
47
37
47
40
50
42
59
46
50
46
50
43
58
26
35
32
50
31
46
9
35
58
38
53
40
37
37
28
54
46
30
48
54
47
53
33
37
30
37
37
42
45
31
55
40
63
44
25
38
49
35
43
43
60
36
27
32
34
47
46
44
52
26
37
53
34
6
45
45
33
44
27
34
53
36
29
76
29
29
53
34
38
34
50
42
33
45
16
52
33
47
33
45
42
29
31
34
37
39
58
60
46
44
53
32
25
53
49
52
50
22
26
33
66
40
36
46
37
46
26
62
51
57
31
59
40
25
50
39
44
46
39
45
24
47
54
47
44
37
38
47
33
31
28
46
51
52
46
55
28
31
51
40
57
25
61
46
42
49
34
50
52
36
56
44
37
42
65
59
22
52
43
49
53
49
33
22
28
59
29
37
29
51
26
36
30
