32
28
55
39
41
49
34
52
41
53
44
53
33
20
50
25
33
54
29
54
47
54
28
25
23
54
35
46
48
22
25
46
48
20
38
37
41
49
62
30
34
42
53
23
52
22
44
24
52
27
29
64
54
32
48
42
36
63
26
39
64
51
36
47
39
34
27
60
50
55
22
36
36
71
47
42
36
56
38
27
35
47
53
51
59
37
15
40
36
38
29
46
56
39
38
46
34
51
38
24
36
37
46
51
39
43
49
52
74
58
31
37
35
68
60
29
68
26
33
44
45
56
48
46
48
58
51
35
62
64
27
50
28
33
37
40
51
50
41
41
58
39
35
28
22
52
53
46
35
50
54
42
36
26
46
29
48
39
49
22
30
64
45
53
39
39
63
39
27
33
53
64
27
27
44
32
36
47
43
52
55
22
29
51
56
44
27
21
28
45
40
43
27
30
40
54
50
25
34
36
55
42
33
28
32
42
48
49
53
34
37
48
60
41
47
31
48
38
57
58
28
49
52
36
46
45
20
43
37
22
42
60
45
29
39
49
36
40
51
22
31
35
50
64
28
54
49
33
31
28
58
54
17
48
44
59
26
54
36
64
42
49
38
34
31
28
35
46
38
59
28
37
50
33
30
52
48
28
63
78
56
58
30
44
53
42
53
60
30
33
35
40
37
57
33
51
52
34
43
58
41
34
40
38
42
30
57
44
31
42
45
52
50
64
51
38
70
41
29
36
33
61
51
50
41
38
30
45
19
32
56
36
25
49
50
36
35
43
49
51
39
72
37
30
28
39
32
56
24
48
34
34
19
34
40
47
53
54
55
43
31
29
35
48
42
36
48
37
37
44
35
51
47
46
33
54
50
49
54
55
23
28
35
36
41
46
27
51
39
26
35
42
20
41
52
31
37
51
50
43
51
44
29
28
51
23
34
19
45
26
48
54
26
36
72
37
37
54
24
38
33
48
51
39
60
45
34
37
45
34
19
30
44
51
46
57
46
52
33
37
33
11
52
46
50
26
32
45
35
25
30
32
38
27
37
40
32
32
31
34
28
30
33
46
61
48
35
45
33
45
39
39
51
43
45
50
43
44
42
69
52
55
54
50
55
54
54
50
50
53
64
48
59
52
49
44
54
53
34
38
