12
36
55
32
55
49
14
48
31
37
26
56
31
38
49
62
50
56
54
50
66
57
51
28
28
74
52
34
28
36
42
47
49
35
63
47
37
31
29
39
38
62
35
58
32
46
49
32
50
59
60
31
24
33
56
65
51
39
30
55
49
40
29
53
50
47
59
52
30
40
32
46
35
53
34
60
37
25
14
35
57
45
62
53
38
60
36
40
33
31
47
34
51
20
51
34
21
32
43
54
26
57
29
51
33
63
40
43
56
48
55
52
25
38
52
53
28
33
54
47
48
19
31
35
57
49
36
20
51
42
52
49
48
46
52
42
46
50
75
32
47
49
34
37
50
58
24
49
35
62
54
61
34
53
27
27
57
33
17
23
33
49
38
28
47
45
26
48
57
43
38
31
54
50
31
54
51
53
48
38
34
48
43
52
51
56
42
32
30
49
23
29
52
30
52
63
54
37
52
22
25
50
28
56
42
17
34
55
24
25
29
64
47
40
51
35
58
63
49
49
49
41
49
39
30
59
52
49
34
52
54
33
49
54
59
54
42
46
52
52
41
36
45
37
44
17
36
47
40
37
72
51
49
37
26
47
29
27
55
49
35
19
43
55
55
29
43
59
27
62
56
42
34
63
54
47
51
33
60
31
40
36
54
39
34
54
50
39
35
38
65
39
26
33
35
36
53
48
30
54
65
41
66
24
49
54
30
52
54
50
56
32
37
46
39
57
66
52
21
53
54
54
44
56
28
52
55
29
50
50
38
13
32
35
37
52
26
47
64
65
47
54
17
57
28
21
34
38
33
37
45
32
76
13
10
28
20
38
61
54
32
41
42
37
50
38
44
45
42
60
57
35
34
33
32
13
48
28
45
37
18
55
51
49
49
22
41
46
55
33
57
29
53
17
38
45
47
58
52
25
23
44
47
31
48
48
45
62
36
37
41
54
47
51
29
35
47
43
30
47
53
59
38
36
60
32
31
42
25
29
51
37
50
59
38
34
40
37
57
60
48
29
53
34
37
46
33
23
28
54
45
47
45
46
55
63
43
27
40
47
45
35
44
45
31
21
35
49
62
41
39
49
50
58
60
35
33
53
54
56
32
50
37
45
36
51
52
53
33
30
58
11
44
45
53
47
39
50
58
39
