32
34
63
25
50
41
54
52
20
38
34
44
30
22
30
32
51
54
36
47
34
50
61
51
44
27
33
35
28
34
26
33
33
28
41
42
56
52
50
65
32
39
56
52
30
44
58
57
60
32
35
49
58
49
12
31
55
34
49
20
34
30
49
39
51
31
49
53
41
51
31
50
58
22
52
44
55
60
29
47
54
51
51
51
40
15
46
48
31
29
21
39
49
55
30
59
36
35
48
62
41
55
54
41
52
13
27
37
37
34
38
45
36
21
36
38
36
21
47
39
46
34
53
46
40
30
39
54
66
51
37
24
44
68
23
32
36
37
50
31
49
31
40
34
32
43
46
24
59
28
46
28
57
72
58
61
56
38
47
39
45
42
73
47
39
45
34
54
50
41
52
56
25
35
63
41
26
20
52
41
42
69
63
24
52
34
40
38
54
49
51
28
28
44
44
39
53
27
53
30
53
57
51
37
14
47
56
41
34
29
48
49
37
41
51
49
53
66
48
55
47
35
51
41
32
33
23
39
19
38
47
51
36
48
37
38
45
54
49
44
21
41
49
59
33
55
69
50
37
37
22
60
51
51
49
44
55
38
43
45
34
52
65
18
27
54
52
37
45
44
55
56
49
52
40
39
27
39
36
8
46
38
59
43
65
33
60
57
30
43
31
52
51
61
43
45
56
57
32
68
23
46
47
22
47
47
39
49
53
53
39
50
53
53
32
45
40
42
52
45
28
51
45
53
46
37
63
48
24
54
49
40
56
55
20
51
53
44
51
57
58
46
48
38
38
56
50
62
46
39
46
52
52
21
33
51
41
52
34
70
35
50
46
55
29
11
51
49
48
33
54
38
44
64
59
35
33
46
45
36
29
17
42
62
55
56
31
45
50
38
46
50
63
31
35
40
36
41
49
12
30
49
49
68
62
50
56
50
44
32
42
34
50
33
29
47
36
56
42
35
28
56
59
36
47
41
61
33
50
43
47
64
53
27
53
57
52
39
40
30
14
44
42
40
17
35
47
42
21
60
28
33
60
49
41
51
48
43
54
54
36
40
47
55
36
47
59
57
40
33
59
34
49
62
51
34
47
29
29
45
40
29
28
31
52
18
55
26
24
31
27
37
21
34
45
37
32
33
44
26
