47
42
35
41
52
45
45
37
57
44
21
53
37
46
43
36
55
52
40
33
51
32
54
54
29
25
33
27
25
31
69
38
41
50
38
43
38
41
28
53
49
61
52
46
33
45
44
45
34
77
23
51
50
49
41
65
42
44
60
46
48
50
51
53
39
48
45
51
68
37
52
29
56
26
45
45
31
54
50
38
55
33
21
53
37
6
20
51
54
55
49
48
51
56
49
39
62
23
36
49
37
36
37
35
51
56
50
42
53
44
51
66
50
54
58
59
45
56
51
51
44
59
47
52
50
35
31
41
37
49
44
47
27
31
30
47
39
47
39
48
33
34
29
47
55
30
40
32
46
38
42
36
58
30
50
36
51
36
28
51
56
32
58
39
13
64
49
54
29
35
47
34
57
25
66
50
54
64
51
50
40
72
26
55
57
30
55
54
33
30
30
18
28
30
32
43
52
54
36
44
34
41
74
59
34
25
63
50
25
53
22
24
45
58
51
61
45
43
38
56
36
53
33
33
4
43
65
40
57
55
53
62
42
36
55
38
39
52
53
38
57
55
18
54
51
36
59
32
51
64
65
54
55
44
51
49
53
35
55
21
47
45
40
46
23
63
52
62
56
12
58
58
33
40
46
64
36
49
32
29
33
29
24
33
48
35
57
31
43
50
32
59
45
31
42
49
48
32
32
23
35
56
58
52
35
55
29
52
35
57
35
44
27
45
63
34
48
53
52
34
39
28
58
59
42
24
24
48
46
48
60
62
58
34
43
39
60
34
29
52
40
37
44
42
19
18
48
17
53
51
44
44
60
49
29
49
63
47
42
57
47
58
63
53
29
43
49
33
54
62
28
17
33
31
49
59
31
68
57
52
35
26
37
56
33
44
41
29
30
49
41
52
13
31
23
52
41
48
29
58
43
42
54
33
29
55
59
32
35
50
46
26
27
44
43
50
27
26
27
56
51
33
39
43
30
64
53
33
31
60
67
46
57
41
50
27
62
35
26
64
33
44
53
50
38
47
31
26
49
47
23
35
46
38
24
22
47
41
44
46
46
44
33
28
25
28
37
33
48
50
46
40
39
35
44
58
42
55
45
47
26
47
51
38
63
54
34
24
30
33
37
24
32
37
31
44
40
29
37
36
