32
66
28
47
31
37
44
59
36
37
38
58
32
57
56
25
34
46
32
58
55
21
34
41
56
14
40
30
48
54
54
50
41
52
54
24
58
48
30
45
44
49
49
55
26
45
37
36
40
28
48
25
31
50
23
36
46
61
50
52
51
42
53
54
29
45
68
41
36
50
49
35
51
32
33
49
34
54
30
30
34
50
21
47
31
21
31
27
49
31
26
41
28
56
42
43
45
41
45
47
58
24
50
42
40
51
44
55
34
38
29
32
56
51
42
30
64
60
35
63
25
55
42
35
40
40
33
44
49
56
38
46
48
29
51
49
26
58
49
37
46
25
24
39
34
36
49
40
31
34
37
31
48
65
48
29
37
55
40
41
42
26
42
47
29
52
28
49
58
51
42
53
63
50
37
36
60
53
29
33
29
33
27
46
47
35
24
48
40
57
54
45
28
55
43
34
48
36
47
24
41
56
56
34
42
29
28
37
44
35
58
13
47
26
50
45
40
55
33
67
34
43
32
38
51
29
52
30
64
60
34
47
48
53
46
35
52
43
51
25
47
48
33
47
43
51
47
47
49
37
49
36
40
55
41
52
34
27
50
48
49
32
49
52
34
27
43
57
51
52
34
52
48
48
47
55
51
29
45
29
43
58
62
44
48
30
43
62
34
42
36
53
45
52
35
44
50
24
45
37
42
27
29
62
17
27
28
50
53
50
36
29
45
32
53
51
39
42
35
30
24
61
11
52
60
18
30
54
49
50
48
47
47
53
56
49
29
57
49
42
23
54
47
46
34
46
46
45
53
56
52
41
46
37
28
30
38
47
39
50
31
44
29
34
50
60
52
52
33
36
36
38
50
54
52
37
60
51
35
35
29
31
59
56
32
56
54
50
26
48
36
59
31
35
39
51
53
31
46
59
34
34
42
61
51
32
46
57
49
49
50
52
48
51
33
56
34
42
69
63
37
50
28
52
35
52
46
52
36
61
34
45
33
15
45
48
48
22
55
53
23
51
48
21
48
52
42
43
35
22
62
48
35
38
52
54
41
39
44
48
34
53
55
56
16
34
22
57
38
32
38
52
58
44
50
57
63
30
32
48
62
56
52
30
37
31
41
60
39
51
46
34
40
53
65
56
51
52
54
52
