39
36
55
33
55
49
34
48
29
32
35
56
13
38
49
62
50
56
54
50
66
57
51
32
32
74
52
41
40
43
42
47
49
31
63
47
37
24
20
12
38
62
32
58
14
46
49
31
50
59
60
37
26
31
28
56
65
28
34
51
55
28
36
49
53
35
50
47
31
29
39
59
35
52
32
46
53
32
31
24
60
37
57
45
62
53
33
39
30
40
38
29
30
40
60
47
32
35
51
34
34
43
25
54
14
57
35
36
51
63
43
56
40
48
55
52
33
31
38
52
53
34
51
20
54
47
21
32
48
26
57
49
51
29
52
33
49
48
52
40
46
50
25
75
47
49
28
37
50
58
49
35
33
19
62
31
54
35
36
20
42
61
46
42
32
53
34
27
24
57
34
27
33
49
17
23
45
48
57
33
38
43
54
50
51
53
48
28
47
48
26
43
38
31
52
31
54
38
51
56
34
42
32
49
30
23
52
29
30
63
54
52
37
25
52
22
50
56
55
64
47
28
51
42
17
34
35
58
24
25
63
29
49
49
49
49
52
49
54
49
54
40
59
41
54
39
30
42
59
34
46
52
52
41
52
45
33
36
37
44
17
36
40
47
72
37
26
51
29
49
37
47
27
55
49
55
55
35
19
43
29
43
59
27
34
62
56
33
31
42
63
40
36
39
34
39
54
47
35
51
60
54
54
39
50
38
26
65
53
48
54
33
35
65
36
41
66
49
30
54
52
54
50
24
30
56
46
32
57
66
37
39
21
56
28
52
29
53
54
54
44
52
38
55
50
13
32
35
37
26
50
17
52
21
34
38
33
37
47
64
32
13
65
10
47
28
54
57
20
28
38
32
41
37
45
38
76
57
61
54
34
42
50
44
45
33
42
13
60
28
35
32
48
18
45
22
37
55
51
46
33
17
49
45
49
41
55
57
25
29
53
38
47
58
23
52
47
48
44
48
45
62
31
37
41
36
29
30
38
32
54
31
47
51
42
35
25
29
47
43
47
53
59
37
38
36
40
60
37
51
34
50
59
34
57
60
48
37
33
28
29
45
53
46
27
40
35
23
54
31
21
47
35
45
46
41
39
55
63
43
47
45
44
50
35
45
49
62
33
49
58
45
60
53
36
54
33
11
56
32
