50
44
41
62
43
30
24
36
51
24
52
50
42
34
55
52
27
28
29
37
31
35
54
26
35
37
39
38
55
30
48
62
48
48
21
48
53
37
33
47
49
36
33
43
50
38
59
62
34
31
44
35
52
38
57
45
51
42
53
26
48
55
48
58
43
58
52
50
51
61
62
62
32
66
33
68
37
47
57
39
30
56
49
28
26
47
58
24
51
17
50
32
52
47
54
52
60
55
34
30
37
22
28
38
47
56
48
63
56
44
35
51
65
57
55
46
50
46
51
47
32
35
28
28
38
43
30
39
38
55
45
51
49
50
62
31
39
65
34
49
47
34
22
59
52
34
52
50
46
36
55
53
31
48
55
49
28
44
45
31
55
32
52
19
44
50
40
51
52
44
29
27
53
32
38
53
34
56
50
33
50
61
36
34
32
38
49
52
35
59
67
31
50
48
55
37
59
53
58
64
27
35
39
43
47
52
43
33
47
42
49
66
53
32
34
38
41
56
22
60
17
21
24
18
48
42
47
59
36
46
41
46
56
52
54
53
46
36
31
36
54
44
32
27
57
46
40
51
48
41
30
23
58
11
24
55
55
31
55
29
35
34
37
51
30
45
29
39
52
51
40
40
59
30
40
27
53
52
55
30
33
24
37
50
54
38
52
36
46
45
41
25
31
18
30
35
54
35
26
51
58
28
40
58
34
60
45
59
30
47
52
43
29
57
50
30
72
43
30
43
36
32
30
37
42
64
66
28
56
56
40
53
44
34
32
45
36
49
57
34
51
46
60
50
56
32
52
53
52
55
31
52
35
43
32
45
31
34
55
51
55
52
30
32
38
29
50
36
37
52
55
63
30
47
51
33
52
47
49
50
58
38
46
49
40
23
46
32
32
45
32
23
38
41
43
43
47
28
37
43
30
31
40
53
53
60
59
47
38
29
58
45
48
53
34
34
34
58
33
62
40
35
40
44
40
54
48
42
57
31
37
25
27
50
54
38
29
31
31
49
66
22
41
45
48
40
31
47
30
21
38
24
55
37
33
53
47
40
42
50
50
46
55
26
40
29
51
45
28
35
28
55
62
39
55
49
47
41
60
46
41
50
44
54
71
57
46
57
51
39
43
57
44
51
54
62
60
46
53
66
