54
43
49
48
46
59
67
39
40
54
40
48
42
60
49
24
33
31
48
28
48
33
46
71
30
50
28
28
25
19
27
17
56
39
53
47
22
60
30
46
31
36
38
54
44
58
39
22
37
51
41
42
52
46
53
21
36
57
42
4
13
34
51
44
39
37
34
60
41
42
44
53
50
37
32
38
28
33
52
58
50
52
52
58
61
39
51
26
34
42
43
48
55
50
29
26
34
58
25
42
61
50
19
58
50
28
43
57
51
37
54
52
34
33
47
50
43
55
29
48
38
50
14
58
45
65
58
70
48
29
36
33
45
40
40
59
58
41
54
42
50
22
40
34
37
54
31
38
33
27
47
39
27
34
49
38
47
37
63
51
41
51
44
30
30
38
24
50
44
34
49
41
43
53
37
47
50
48
44
32
48
50
41
34
24
28
57
59
39
37
32
31
40
56
32
54
59
31
58
30
64
56
28
57
40
29
39
51
49
44
51
46
48
52
59
50
53
38
57
37
38
46
48
28
53
28
71
38
52
30
54
52
42
72
38
27
25
37
49
31
61
40
39
30
52
38
27
34
52
53
48
69
52
35
70
52
48
32
62
53
56
67
24
39
48
61
67
33
52
24
46
27
76
24
40
43
34
52
44
43
48
63
39
11
35
78
28
51
37
44
4
36
65
31
43
53
32
19
45
44
44
50
31
48
48
48
26
51
29
26
46
44
22
32
57
56
47
52
27
53
36
49
57
44
44
39
65
50
31
47
36
49
52
36
53
49
49
29
53
36
53
51
41
34
27
46
33
53
43
6
34
38
24
71
46
48
38
32
30
58
53
42
35
23
14
40
31
47
52
46
64
30
37
53
38
36
41
39
60
32
53
35
44
34
64
36
34
53
18
26
40
30
30
38
29
28
53
43
49
38
48
39
59
53
51
46
30
29
42
54
27
56
40
36
29
36
38
46
48
34
51
48
50
29
54
16
65
58
32
50
42
42
57
59
48
50
42
44
35
42
44
44
53
42
50
31
59
58
33
62
36
28
52
39
49
31
62
41
22
70
32
47
27
52
28
37
53
38
50
52
53
52
55
36
45
46
57
55
47
52
41
33
58
52
55
29
54
43
52
26
54
35
32
39
50
36
54
55
48
53
