31
14
38
46
22
36
52
64
44
56
18
52
26
26
44
48
76
46
31
39
31
46
35
35
54
19
34
54
63
26
47
29
38
43
29
53
50
49
38
36
59
10
51
56
26
33
40
14
52
49
49
40
47
43
48
29
49
50
46
51
70
56
53
54
49
27
39
59
44
32
51
52
39
48
55
22
39
43
23
46
40
38
52
55
34
41
45
59
66
50
52
46
61
47
53
52
30
55
45
48
59
28
28
29
48
26
43
24
53
23
67
49
59
45
41
59
42
63
20
50
31
41
42
42
28
49
36
51
40
28
39
44
62
22
56
43
37
68
65
58
59
43
51
42
41
47
56
32
31
51
38
32
52
46
46
58
31
29
39
43
48
47
25
45
43
57
25
48
35
52
24
45
47
30
61
32
46
54
51
43
44
21
49
47
43
50
53
37
51
56
39
51
59
52
43
39
34
39
52
27
29
28
33
52
25
47
50
52
47
37
27
48
57
51
42
15
56
35
48
31
47
51
27
35
45
37
47
46
35
33
52
36
51
51
29
37
53
43
55
25
39
49
53
25
41
54
24
39
14
48
40
52
64
43
48
30
50
56
36
44
24
78
42
23
49
32
31
41
66
52
50
26
31
42
31
48
31
60
35
31
36
51
57
48
27
64
49
34
36
49
53
47
44
34
59
24
44
49
49
51
37
38
45
29
56
47
24
36
31
40
24
55
39
51
21
47
54
43
59
40
59
48
48
38
59
35
55
31
36
29
25
23
51
38
62
58
22
52
50
47
39
50
30
31
56
41
31
27
43
41
51
47
29
40
46
34
39
32
49
35
36
34
57
35
54
57
53
36
42
53
34
46
39
32
40
47
32
56
48
58
8
29
38
50
48
61
26
16
38
40
52
55
41
45
36
44
32
21
45
66
36
46
44
28
37
39
50
37
50
35
34
37
49
52
45
47
27
38
45
51
70
50
43
26
29
32
37
54
49
57
30
21
50
41
58
33
41
46
26
29
45
55
22
50
57
59
49
23
51
40
49
32
27
45
45
36
55
30
53
56
52
51
57
51
56
66
43
36
32
60
41
36
53
50
15
48
40
27
38
51
22
31
32
30
43
43
56
31
36
48
47
53
55
62
56
43
53
46
57
42
