44
30
55
33
43
47
59
37
38
55
32
24
22
34
31
37
26
49
45
33
63
58
52
57
54
38
29
54
56
39
45
46
41
45
38
44
15
40
55
40
53
35
41
59
29
49
47
36
34
45
55
25
35
52
32
56
34
49
47
43
44
30
50
48
51
35
52
52
39
76
56
44
43
49
40
51
39
34
39
32
33
47
42
51
45
33
43
57
52
59
48
59
45
31
56
34
56
51
29
50
37
47
48
46
34
21
51
50
44
53
57
32
55
47
47
30
30
53
39
60
50
39
44
44
48
47
46
55
54
46
63
43
56
50
58
32
47
48
39
36
49
63
42
26
24
34
47
46
41
49
60
30
55
34
31
55
53
47
31
35
49
62
34
34
48
41
51
14
51
21
30
30
43
53
41
20
25
39
61
26
51
52
70
35
36
40
58
55
46
45
49
36
36
57
49
51
44
30
52
41
50
50
42
64
35
40
32
39
29
52
33
61
58
35
48
12
46
64
31
28
46
28
51
47
66
32
26
41
48
33
54
31
29
47
53
41
22
45
37
38
52
38
54
30
53
29
47
61
36
31
35
43
56
24
37
51
38
51
36
37
47
55
53
45
40
59
54
27
38
49
54
35
34
32
41
59
11
25
48
43
48
42
54
56
36
60
69
30
54
44
49
40
28
51
35
54
43
32
22
33
46
15
37
32
54
40
48
50
38
31
45
50
34
48
39
38
51
26
39
26
50
32
40
53
35
36
35
37
43
51
28
49
54
72
27
14
29
33
22
57
52
42
43
51
36
37
45
34
49
28
31
49
42
64
39
36
29
55
35
50
36
39
35
42
23
47
47
34
24
61
46
28
42
45
29
53
51
56
51
32
64
58
47
51
28
59
21
47
41
54
31
65
47
54
47
55
41
40
36
54
45
37
26
53
50
54
69
56
30
42
46
50
47
30
36
37
60
45
37
27
32
35
52
61
42
60
45
46
35
35
35
58
21
44
29
51
41
32
57
48
46
67
48
40
42
31
33
43
45
32
30
42
56
40
36
53
44
49
48
35
43
17
35
39
34
45
54
32
33
31
61
46
22
13
41
36
37
43
39
20
28
72
45
40
50
51
35
62
39
55
46
48
57
37
50
53
53
53
60
57
