41
21
32
61
47
48
52
31
33
54
35
52
38
41
44
55
40
42
54
45
48
43
33
47
52
27
29
46
50
43
36
36
42
36
45
58
31
27
57
57
49
41
40
49
41
40
30
34
33
18
31
45
29
54
56
44
53
40
48
47
52
54
43
46
41
37
62
69
26
37
32
58
30
32
54
52
33
77
53
51
28
35
36
54
44
33
62
29
21
46
40
58
64
48
59
43
44
37
49
48
22
44
57
32
44
45
27
36
41
22
27
39
43
31
40
40
46
43
46
45
34
59
49
64
26
49
29
57
37
21
31
61
32
48
41
71
36
44
57
31
23
31
36
41
53
57
51
24
53
62
33
47
53
67
28
25
43
56
60
40
38
35
54
26
28
44
39
52
36
33
30
32
43
49
34
61
27
49
46
43
44
44
55
35
45
57
46
57
44
50
44
43
31
53
34
50
62
30
56
44
47
37
47
33
53
34
31
47
54
24
33
35
32
52
52
42
49
42
39
44
51
62
55
17
62
64
46
54
55
40
49
58
54
38
26
50
51
64
32
50
53
51
50
40
47
23
47
52
23
52
33
22
47
56
39
30
43
47
46
46
35
35
52
53
32
53
51
51
45
39
67
55
41
45
48
38
31
55
29
42
39
49
21
43
44
39
30
32
32
60
19
30
23
55
38
31
32
48
40
33
45
50
34
22
56
50
46
31
36
24
33
54
35
50
44
56
50
51
48
45
29
27
59
17
46
52
28
62
52
44
59
28
28
37
32
63
39
59
49
46
23
41
37
52
49
66
48
55
57
28
37
60
37
45
35
25
62
55
27
52
53
40
25
44
31
55
42
31
54
56
34
47
44
48
28
41
28
57
27
40
26
50
52
49
44
44
62
37
51
38
50
56
37
43
46
60
43
17
55
22
62
46
42
62
60
48
28
26
31
54
34
49
26
36
38
37
33
32
41
37
51
25
30
51
29
49
31
34
49
38
24
55
34
36
25
32
55
22
48
30
50
31
25
45
30
50
37
50
36
24
76
25
35
47
22
50
57
45
48
58
26
38
36
51
23
53
26
26
64
54
60
35
60
27
59
53
55
54
49
50
24
40
28
46
35
50
54
32
44
40
30
44
52
38
35
38
41
46
25
24
