49
51
36
36
51
43
44
47
38
42
32
33
41
50
35
54
48
48
52
50
30
56
48
53
40
44
42
52
52
60
47
41
56
65
28
56
59
45
36
57
18
24
56
47
53
47
41
49
30
34
30
48
72
31
31
26
41
31
7
33
35
39
30
25
63
59
38
55
54
32
38
56
64
52
52
24
47
56
14
43
55
43
36
43
61
32
26
30
62
25
54
30
49
36
49
52
52
53
35
50
42
57
43
33
51
44
51
60
47
46
13
23
54
39
35
35
29
58
42
49
50
36
32
36
46
20
58
45
28
39
52
59
42
35
52
42
59
35
54
59
34
41
58
20
36
39
50
66
50
39
32
57
31
31
40
48
30
30
23
46
39
49
53
31
42
51
32
31
25
30
49
34
36
79
28
34
27
35
26
39
35
32
54
43
38
56
53
56
55
35
56
48
45
38
36
30
44
37
52
46
45
50
48
49
56
56
36
54
36
48
57
40
47
27
49
31
28
20
31
51
50
45
55
41
49
53
38
36
44
49
36
28
50
31
46
34
30
29
40
37
44
57
29
46
46
65
36
28
51
38
34
54
55
49
33
46
51
30
33
29
36
43
49
54
40
37
58
16
37
60
49
63
51
57
32
40
41
56
23
61
49
47
47
69
55
43
45
57
54
46
27
63
58
43
46
47
50
60
45
43
49
46
59
69
38
33
43
50
25
39
33
34
34
19
64
47
37
36
32
37
30
40
26
51
56
55
37
12
14
42
35
24
57
47
47
55
35
69
16
49
42
29
42
31
23
31
33
26
33
55
41
58
48
45
47
51
37
58
47
54
48
62
56
37
26
49
30
55
32
34
34
30
34
46
48
26
49
44
49
28
60
47
31
54
37
46
33
32
56
29
32
51
48
57
29
52
56
43
31
45
42
18
33
66
55
17
47
44
52
32
43
68
60
42
47
51
29
50
36
36
26
32
58
44
67
64
30
39
56
50
52
50
32
49
46
37
32
50
23
42
48
35
50
44
33
48
50
54
54
69
40
24
50
54
47
52
44
32
50
53
46
50
54
40
41
57
59
52
54
36
31
34
37
57
30
34
51
44
62
53
46
52
15
45
50
41
38
42
38
31
40
33
55
27
38
43
54
46
39
39
