59
40
47
39
38
52
16
58
55
60
74
47
51
29
46
39
33
49
52
38
37
60
17
53
26
33
48
51
58
56
42
52
49
44
46
47
32
54
39
30
34
27
36
42
48
27
34
50
30
24
32
56
27
35
51
44
41
58
31
41
49
52
29
53
48
34
50
49
41
45
24
47
42
45
70
25
41
27
41
35
34
49
41
33
57
20
29
36
25
21
60
70
41
40
57
31
28
33
49
51
28
40
56
63
41
47
33
34
9
45
53
47
52
44
33
33
55
60
35
35
32
24
46
65
23
34
48
51
50
36
34
29
63
34
57
53
30
31
41
36
47
51
44
43
21
50
45
54
41
33
41
40
32
24
56
40
53
52
31
69
48
41
38
31
50
40
40
41
56
58
44
52
41
45
71
49
49
63
52
20
51
28
36
48
44
28
55
51
30
54
54
47
38
32
22
31
34
25
34
23
41
29
38
57
47
44
45
36
46
56
46
42
32
34
52
56
36
63
30
55
40
51
39
34
17
38
36
36
51
35
40
67
29
56
42
51
59
54
50
42
50
47
61
50
49
51
39
45
54
15
45
65
32
23
42
39
37
41
28
52
28
64
42
38
56
40
49
46
47
44
44
63
33
52
45
52
38
47
33
52
42
50
42
40
53
48
59
47
32
47
35
41
47
37
43
52
17
48
58
40
50
47
42
41
43
30
44
34
44
47
56
51
52
51
36
40
45
45
39
41
41
45
36
50
38
34
50
55
33
48
49
52
51
57
28
32
39
60
33
35
59
34
57
48
33
31
47
37
42
42
36
32
45
59
29
44
53
43
29
28
33
70
35
38
27
33
27
36
53
28
48
43
29
34
38
65
56
60
34
30
49
53
30
53
57
50
36
30
55
37
47
49
58
56
37
76
55
48
22
48
26
24
28
55
50
33
33
13
31
59
50
28
38
57
40
54
50
42
39
32
48
45
45
54
37
51
66
33
29
15
46
43
47
32
55
33
28
27
55
48
50
49
33
44
39
35
33
23
39
37
37
36
49
29
52
50
44
51
62
49
46
54
53
63
41
48
40
54
47
54
37
38
37
35
59
37
24
36
60
28
62
37
46
45
47
37
60
18
32
60
53
33
51
12
39
43
36
50
59
42
