35
63
34
37
29
41
46
23
19
45
36
26
51
52
14
44
48
29
44
28
52
34
28
25
44
54
35
45
50
24
23
9
33
52
32
45
47
35
33
44
46
33
55
47
35
57
60
30
37
27
40
28
50
34
43
47
61
27
25
52
40
33
56
53
57
52
51
36
43
57
57
58
66
57
42
34
34
46
33
49
46
59
29
44
42
34
29
69
46
21
52
27
59
22
39
11
38
37
30
52
47
24
34
42
25
33
35
13
42
38
37
44
48
46
45
56
60
62
52
30
53
51
44
40
46
49
55
34
25
32
28
57
57
19
34
49
50
43
45
31
52
41
68
40
51
42
33
39
35
27
19
47
34
45
41
32
29
36
40
17
44
50
58
46
27
30
17
50
18
74
25
52
30
43
42
26
54
34
43
52
55
46
79
60
49
29
58
43
43
55
47
45
45
36
49
32
32
65
46
48
55
32
30
36
45
32
55
47
36
55
24
58
38
54
40
42
59
14
33
45
50
44
31
44
53
36
48
42
52
32
47
51
44
42
33
42
33
56
38
46
30
53
46
40
29
28
38
52
41
50
48
34
32
34
36
50
50
55
48
48
62
34
42
46
57
19
36
53
45
53
49
39
36
48
41
63
20
50
34
57
43
46
40
49
43
43
38
42
43
32
59
69
40
45
60
43
49
47
35
44
34
54
57
38
49
51
47
44
53
30
65
51
51
49
49
39
32
51
60
44
55
48
31
56
57
49
34
49
31
50
36
49
37
47
41
44
48
46
37
65
29
43
53
70
19
24
48
34
41
58
61
35
48
24
55
58
30
29
28
62
48
35
35
26
29
48
55
40
45
51
52
47
51
61
38
46
66
46
29
18
53
44
27
47
38
28
63
21
22
28
42
53
51
49
54
34
28
45
39
23
25
54
47
32
19
45
25
48
38
49
40
32
44
30
23
32
16
65
35
40
55
45
58
39
58
50
38
55
47
59
31
45
38
56
65
36
34
54
31
41
41
53
55
14
33
40
50
38
39
60
37
42
64
39
34
32
30
70
53
22
58
56
30
65
29
50
35
30
33
43
34
34
46
13
14
45
33
38
42
46
29
36
34
62
47
63
33
28
37
41
42
38
31
29
37
25
35
33
28
29
