34
50
46
22
46
39
33
47
32
58
48
30
36
31
52
50
51
42
68
57
50
59
46
34
29
31
22
57
41
50
43
62
11
55
46
39
23
46
60
19
50
48
42
51
59
44
27
51
40
60
39
55
52
49
58
45
37
41
63
53
47
36
45
56
30
36
31
40
38
37
51
55
64
39
29
49
45
31
52
33
56
49
31
51
44
44
34
39
53
23
52
35
28
35
32
51
60
30
55
30
44
36
45
52
51
40
35
10
53
33
40
59
55
49
53
22
33
56
57
40
59
23
56
24
28
34
24
39
31
46
53
51
49
31
36
48
30
34
49
31
32
53
38
54
70
50
17
50
51
32
54
54
50
63
29
59
43
58
36
45
27
39
44
26
42
60
31
27
45
57
32
55
44
50
43
53
34
48
47
44
52
33
18
44
37
24
31
51
46
37
46
46
51
34
47
59
36
54
55
47
22
46
53
37
55
26
29
29
42
23
22
41
43
40
56
31
13
49
32
35
49
50
55
46
54
49
30
13
13
26
44
54
43
47
39
59
43
25
29
55
22
44
54
24
57
51
40
41
46
53
50
36
36
45
63
41
28
42
49
41
28
52
60
44
68
28
49
62
41
43
56
55
32
48
53
60
54
37
29
76
24
22
46
32
49
50
41
50
41
40
52
17
38
47
35
43
41
47
38
33
33
64
34
44
30
52
55
46
49
46
15
33
33
47
51
52
34
37
29
49
37
57
28
42
32
57
43
54
47
43
20
34
70
25
47
26
45
47
43
35
36
50
55
36
57
50
31
43
46
55
34
53
37
48
38
38
61
58
52
34
41
57
55
12
54
49
54
53
61
37
52
51
53
47
47
54
50
48
30
30
29
49
51
49
44
30
37
54
37
48
39
34
53
28
38
51
50
34
39
33
58
40
39
54
35
51
35
46
62
55
29
52
58
50
50
19
50
31
62
37
41
45
21
52
35
48
54
49
41
40
52
52
37
29
25
40
60
36
26
46
31
36
34
47
58
29
20
36
43
62
35
53
45
46
48
60
34
44
46
22
29
50
33
43
35
32
29
48
42
39
53
34
40
43
57
33
46
34
47
44
38
48
46
59
57
15
38
29
38
53
53
35
35
52
35
36
26
33
59
30
