51
42
60
49
59
52
22
39
62
32
33
42
51
34
44
40
29
53
57
41
38
47
46
66
28
52
33
37
46
49
35
35
56
54
31
34
39
51
50
27
47
58
41
40
45
51
30
8
55
38
38
51
35
40
59
53
36
35
47
65
40
53
28
49
59
48
47
38
47
38
57
38
26
52
30
25
53
33
40
35
64
45
62
49
40
53
22
65
34
43
41
42
31
21
52
41
54
48
51
41
60
32
20
53
40
37
49
38
31
46
43
65
47
36
39
30
32
45
37
48
40
47
58
37
62
56
34
53
58
46
50
37
56
19
45
64
48
33
53
51
44
56
53
49
52
54
31
35
28
37
51
26
41
43
18
46
53
60
49
64
51
41
48
53
41
57
42
31
49
39
48
40
34
24
29
55
33
37
25
38
26
56
28
33
46
45
49
51
35
29
42
46
39
47
39
50
49
31
61
56
18
50
61
34
36
50
50
29
60
35
40
30
34
35
34
45
34
41
34
19
34
40
51
36
50
42
64
56
58
40
50
59
11
34
53
46
56
54
49
54
61
48
38
50
46
37
47
58
52
52
54
63
31
44
18
36
54
48
49
28
51
46
23
53
35
53
30
39
33
63
44
43
29
48
39
36
39
27
59
52
52
31
29
30
36
38
25
36
56
56
61
41
42
40
52
71
51
45
33
48
39
65
37
49
33
47
44
62
53
33
55
47
57
40
48
46
51
52
45
51
32
55
38
53
38
50
55
44
29
37
50
33
41
29
30
55
35
55
48
41
28
34
53
56
25
50
60
49
54
47
43
43
57
65
34
47
53
31
49
45
54
52
31
41
45
53
78
43
55
52
21
47
75
53
51
54
39
27
38
29
32
23
59
44
28
35
68
40
38
28
46
43
21
54
36
18
44
38
66
47
36
44
39
52
46
27
41
41
65
45
38
54
54
32
37
19
55
57
47
46
48
35
19
58
52
31
47
47
18
31
55
57
31
44
43
30
37
54
31
41
56
31
33
51
57
29
18
44
31
35
46
45
51
47
49
52
32
34
49
61
33
47
49
45
32
28
34
51
48
59
45
41
22
34
52
45
47
46
49
41
46
53
34
62
33
36
32
35
42
31
38
22
35
33
36
45
29
36
31
31
