56
34
39
36
59
49
49
44
42
48
36
47
49
33
39
37
53
52
44
46
30
59
25
40
46
48
40
52
41
37
49
61
44
59
50
55
41
60
17
29
18
26
41
43
52
28
33
54
56
52
53
34
35
33
34
42
42
41
43
13
49
32
40
47
55
22
40
33
38
43
57
39
30
40
29
49
48
64
28
48
39
31
34
43
49
56
55
51
46
52
57
47
34
42
48
21
44
23
31
53
45
28
62
38
52
48
53
47
46
38
49
42
46
35
31
63
44
46
52
50
52
55
45
33
42
32
26
57
39
40
32
33
52
41
35
49
53
37
21
40
37
30
28
40
45
56
33
31
33
50
78
24
54
20
24
55
31
63
43
34
54
61
50
46
52
32
63
25
36
45
35
49
43
50
27
41
36
36
51
47
50
43
50
57
37
53
48
53
45
40
51
11
42
38
53
40
57
46
45
34
50
53
59
49
38
43
40
45
26
29
30
43
37
44
54
34
52
54
23
50
55
41
25
35
49
50
59
52
46
38
35
31
42
49
46
43
60
36
48
57
32
33
77
41
59
34
46
40
40
27
72
39
51
57
11
54
32
45
38
32
32
60
61
56
55
39
31
63
54
53
49
29
37
28
29
38
41
60
47
40
39
64
30
47
43
32
44
36
57
45
54
67
41
48
53
66
49
27
46
46
43
54
42
16
58
37
51
50
52
43
30
54
30
20
27
60
46
34
37
23
33
63
49
32
50
35
27
24
58
35
31
47
41
47
63
31
39
42
57
42
51
37
53
38
43
77
66
69
49
45
45
48
52
26
41
58
52
34
34
46
49
61
75
49
63
53
46
52
41
24
51
56
28
50
32
44
53
47
63
19
36
34
59
50
35
50
58
35
42
54
46
43
48
71
29
53
57
45
37
31
38
43
51
37
27
63
56
42
51
42
61
38
58
54
56
63
54
55
43
44
28
50
36
42
32
26
45
30
56
26
44
37
33
33
46
50
32
52
45
31
30
40
39
24
46
59
27
45
20
47
52
34
54
45
60
42
44
22
50
37
30
30
29
38
31
34
39
27
30
32
21
22
25
33
36
45
24
39
30
25
34
28
27
31
27
32
26
27
33
38
39
18
43
31
33
49
37
34
33
29
