51
25
49
40
27
50
53
44
71
52
29
38
54
46
36
15
38
66
46
49
41
31
47
30
24
44
38
69
15
45
45
45
29
38
48
37
48
48
56
48
53
41
61
52
37
32
64
47
44
56
32
49
50
57
32
16
28
41
31
31
30
37
59
42
41
33
56
49
47
45
49
36
24
59
48
27
23
51
47
52
60
52
30
46
54
44
28
17
52
33
43
44
32
22
54
62
32
13
38
35
45
46
56
65
39
38
61
55
37
52
71
46
55
15
25
55
27
57
20
43
62
41
41
45
75
54
62
50
51
60
64
52
28
49
70
36
35
50
59
28
52
35
49
47
53
52
44
50
37
55
46
52
28
39
47
38
32
47
25
25
51
48
32
43
54
44
31
60
30
48
47
52
49
53
47
77
30
53
21
37
49
58
38
52
31
42
51
44
24
45
34
52
52
41
27
60
56
43
46
18
46
48
58
51
50
30
32
18
53
36
38
38
12
58
27
53
38
57
42
49
50
31
44
36
36
25
44
45
38
14
38
55
58
37
52
47
57
46
65
48
62
42
50
43
50
32
56
44
37
65
39
25
39
44
54
46
48
32
33
55
60
44
45
54
35
48
31
55
30
42
25
46
49
15
50
41
41
44
27
30
34
35
49
38
39
33
29
32
43
47
21
30
21
49
46
35
47
47
39
50
53
35
57
33
28
48
44
62
57
9
44
31
54
52
51
46
39
44
45
52
50
54
27
24
41
54
45
50
23
32
31
49
29
20
45
58
33
37
57
35
51
50
46
57
53
44
51
58
35
36
56
49
35
52
51
40
69
59
68
34
48
55
47
56
47
44
34
45
49
37
22
66
31
34
41
46
48
32
27
51
33
34
34
42
34
44
50
53
45
34
46
28
26
49
42
62
25
31
65
32
53
38
55
51
51
50
33
47
23
47
55
38
29
32
18
49
49
40
48
59
25
55
55
60
50
44
52
49
49
53
63
55
46
39
47
51
44
30
39
52
51
31
42
60
45
50
56
34
36
40
35
38
36
44
59
27
26
13
33
35
50
34
55
50
50
48
55
32
23
38
55
35
39
35
21
31
37
38
46
41
31
38
48
47
33
25
22
25
43
28
41
15
30
28
26
36
22
42
36
33
