47
52
24
40
30
40
46
47
32
33
54
49
31
41
54
20
30
27
48
32
39
29
48
17
28
30
35
28
34
31
53
32
53
51
52
44
33
51
31
27
36
27
51
42
37
24
50
53
72
36
32
36
48
24
33
55
51
38
32
45
38
38
52
40
39
30
34
47
64
31
23
46
47
53
56
36
52
24
35
40
44
43
52
37
58
51
39
38
32
26
8
51
49
37
29
35
42
40
43
39
60
55
57
34
26
52
48
46
33
47
34
58
39
53
38
52
54
50
50
41
33
44
59
57
38
17
60
44
39
41
53
49
51
42
64
47
55
27
10
59
31
44
53
33
28
65
36
48
51
55
33
16
41
31
54
43
39
59
48
35
57
45
31
27
44
52
24
50
48
44
52
49
56
59
39
51
34
47
39
36
39
21
51
32
41
30
29
39
62
51
27
46
42
20
38
49
51
66
36
59
45
47
37
52
29
48
54
27
10
47
35
76
27
58
35
40
29
47
38
38
47
42
42
35
43
51
49
54
31
38
35
39
62
46
53
22
26
35
49
31
61
54
46
31
35
67
62
52
39
30
51
27
23
37
46
29
54
35
49
32
36
60
31
59
33
52
54
28
47
32
15
51
39
43
42
58
28
22
27
45
43
38
39
47
55
27
63
49
48
52
47
40
55
50
38
34
61
46
23
26
33
41
59
32
52
19
59
26
51
70
40
44
57
28
47
24
48
52
36
31
32
80
49
42
30
31
38
48
34
33
42
43
54
34
50
33
29
36
47
48
47
41
44
54
30
34
27
27
34
48
57
34
25
42
47
52
57
64
69
32
51
46
58
58
31
41
32
50
37
58
43
34
56
62
60
48
52
51
57
31
47
43
29
56
55
27
37
36
45
49
30
41
46
57
32
62
42
50
55
57
53
33
39
46
47
34
11
49
52
36
22
55
64
34
45
56
64
61
53
53
35
48
31
49
39
51
44
40
63
42
39
51
42
53
52
26
48
44
50
25
55
53
48
57
40
52
53
46
48
29
56
36
50
46
44
62
30
7
46
53
24
34
33
49
52
34
71
22
29
50
49
33
62
56
58
47
55
53
48
55
62
44
54
44
42
56
34
37
54
43
53
53
51
61
47
47
55
45
57
38
