47
41
53
72
33
33
48
37
31
56
37
32
21
49
25
20
32
43
39
38
36
43
43
34
27
45
56
33
53
54
30
37
38
45
47
56
46
53
51
46
50
42
42
36
39
24
49
32
23
59
69
47
27
35
31
37
56
27
52
51
58
52
40
47
27
37
41
35
46
55
38
38
40
55
46
43
36
32
53
35
34
53
41
52
30
30
50
18
39
24
48
34
31
49
37
30
31
48
33
29
34
29
34
54
68
29
51
49
43
42
35
39
52
42
30
62
47
46
26
53
45
55
39
24
33
36
35
54
56
36
48
20
32
35
28
31
45
53
23
48
38
53
48
27
50
37
43
24
46
46
38
57
42
40
57
53
67
31
45
29
40
34
55
30
30
57
53
56
52
37
35
55
60
57
42
46
33
58
56
29
34
58
48
39
52
31
43
40
59
56
51
51
50
42
32
37
46
50
25
70
57
50
55
39
54
32
23
37
57
36
30
37
76
48
52
57
33
49
41
64
61
36
41
52
35
31
55
45
21
56
36
27
36
50
64
15
38
23
50
66
32
63
50
29
55
45
26
52
36
68
34
51
33
41
41
29
48
35
19
27
30
42
55
38
34
53
48
41
48
47
12
35
30
50
41
32
36
43
43
45
48
37
41
60
32
31
28
15
53
52
65
46
43
31
21
53
58
38
19
34
38
35
28
31
29
54
20
35
29
65
44
41
48
33
52
41
43
28
25
33
57
45
29
19
65
47
52
28
31
50
38
47
35
58
51
31
37
70
59
32
16
48
38
50
36
26
48
43
39
44
39
34
32
47
48
56
57
67
50
39
36
16
50
48
54
66
36
33
61
36
35
49
42
47
57
52
28
29
42
32
44
30
48
46
47
63
59
40
59
52
37
26
43
32
52
33
32
33
35
41
23
34
55
51
40
61
37
38
31
12
43
27
42
53
51
55
34
55
31
51
14
45
31
54
53
46
49
36
41
25
32
58
29
32
31
49
47
64
74
49
23
48
29
54
58
64
50
49
42
63
49
53
58
66
58
55
74
56
46
60
44
55
53
48
59
60
52
50
49
52
52
56
43
48
63
54
44
50
57
50
44
30
62
48
56
43
51
43
44
48
42
59
47
45
50
55
49
74
36
46
