32
31
63
35
50
41
54
52
21
28
40
29
33
41
31
19
51
54
34
47
25
50
61
51
44
20
38
34
44
34
30
22
30
32
36
42
56
52
50
65
34
39
56
52
27
44
58
57
60
33
35
49
58
49
28
26
55
33
49
33
28
41
49
32
51
30
49
53
32
51
35
50
58
12
52
31
44
55
34
60
47
54
51
51
51
20
34
40
30
39
31
41
48
49
31
55
22
29
59
48
15
62
55
54
41
46
31
52
29
21
39
37
30
36
35
41
13
27
45
37
47
34
46
53
46
38
36
40
54
66
21
36
38
51
36
21
39
34
68
50
31
30
49
39
40
32
37
24
43
44
59
23
46
57
32
72
58
61
56
38
47
36
39
45
37
73
31
47
45
54
50
41
34
46
52
24
28
28
56
42
39
63
52
34
25
35
69
41
63
40
54
26
20
49
51
44
44
41
39
42
53
53
24
52
34
53
57
47
38
28
56
41
28
27
48
49
51
49
53
66
48
30
55
47
51
37
14
51
34
29
41
37
41
39
47
35
48
37
45
54
32
49
44
41
33
49
59
55
23
69
19
50
37
60
38
51
51
51
36
38
21
49
44
33
37
22
55
38
43
52
65
54
52
44
45
34
18
27
37
45
55
40
56
49
52
39
46
59
27
39
36
43
65
8
60
57
38
52
33
51
30
43
43
31
45
57
61
68
47
47
56
47
39
49
32
23
53
53
50
46
22
53
53
40
42
52
39
51
32
45
53
45
46
37
45
48
54
49
56
55
51
53
44
51
57
58
46
48
38
28
38
56
50
63
24
62
46
40
46
52
20
52
51
41
39
21
52
34
70
33
50
35
46
55
51
29
11
33
49
38
48
35
54
44
64
59
33
46
45
29
42
62
55
36
17
56
31
45
31
35
36
50
38
46
50
63
40
49
12
30
44
32
41
42
34
49
33
49
68
29
36
62
50
35
56
50
50
28
47
36
56
42
56
33
59
47
41
43
27
39
40
61
50
47
30
64
14
53
17
53
47
21
57
52
44
42
40
28
35
42
33
43
60
60
49
41
51
48
36
40
54
40
54
47
33
34
55
36
51
47
34
29
40
29
28
31
18
26
24
31
27
37
21
34
45
37
32
33
44
26
