54
39
8
57
38
35
34
57
49
42
34
34
19
44
39
55
45
34
25
18
34
37
56
32
34
47
33
37
35
64
23
30
33
57
40
45
53
23
25
36
46
47
54
46
21
54
15
33
22
23
47
34
42
58
30
29
47
70
28
52
50
28
52
32
56
59
53
46
55
18
51
33
50
36
24
58
49
43
44
32
47
43
56
24
21
34
31
40
17
43
62
62
18
35
39
50
35
26
36
52
20
41
36
52
49
30
26
34
22
42
29
71
55
48
47
33
53
40
42
47
46
39
35
36
51
36
37
38
48
44
29
40
29
58
29
41
38
37
50
53
39
49
36
57
29
36
56
40
40
36
34
38
31
46
49
38
51
58
32
32
27
41
54
52
34
46
46
52
42
35
50
52
26
41
44
35
28
46
25
41
21
31
57
60
44
23
58
34
31
53
45
37
51
41
51
35
25
50
25
60
60
20
47
49
22
47
36
34
45
34
42
51
63
51
52
44
51
37
48
37
44
53
62
59
29
62
56
25
27
70
48
49
43
41
53
49
47
64
15
57
39
47
32
37
21
59
42
59
47
45
53
49
26
33
35
33
35
53
49
31
58
51
45
50
45
35
33
47
48
50
44
39
48
31
48
47
37
35
29
41
56
50
52
49
49
16
35
34
35
37
44
49
36
49
34
48
43
37
47
35
52
19
58
41
61
52
31
50
31
49
30
51
30
35
37
32
66
27
41
38
28
48
56
54
54
60
39
54
33
34
51
44
42
56
50
29
32
40
36
31
37
41
53
57
53
15
52
41
41
24
20
53
41
30
56
50
25
41
34
57
50
55
51
35
43
31
50
46
45
71
55
54
52
51
49
28
41
28
50
50
22
24
43
52
34
30
30
60
40
36
42
21
42
50
26
41
55
57
55
55
51
35
53
38
51
40
57
39
47
50
38
48
36
30
66
41
30
29
46
50
52
21
46
34
50
36
34
45
52
27
52
28
47
47
55
39
42
30
43
31
48
55
29
46
43
49
33
57
52
41
50
29
45
44
51
63
31
22
47
53
30
36
37
36
53
33
47
46
48
13
44
37
41
39
30
28
50
36
33
45
56
44
46
23
31
56
51
57
48
44
58
37
54
47
48
50
50
53
53
55
