47
52
35
38
35
38
46
47
35
24
54
49
43
41
54
32
39
41
48
34
23
32
24
30
24
40
30
40
32
33
53
31
53
51
52
20
30
51
27
32
36
39
51
42
29
48
50
53
17
28
30
72
36
48
35
24
28
34
31
55
45
38
38
32
44
33
31
52
47
27
27
64
46
47
53
37
56
24
36
32
33
52
43
52
37
58
51
51
38
32
40
39
39
30
34
31
49
42
40
43
39
60
55
23
36
57
24
52
46
33
47
34
58
39
35
53
52
54
50
40
44
50
44
59
38
32
57
26
8
51
60
53
49
51
42
64
47
37
29
55
35
34
59
26
53
28
48
65
48
51
38
41
55
33
41
54
43
39
59
38
48
57
17
44
45
44
39
41
27
52
50
44
52
49
56
59
39
51
34
10
47
31
44
33
39
36
33
16
39
41
31
62
35
31
27
24
51
46
48
51
66
59
45
47
36
37
52
21
51
48
32
54
47
76
30
27
29
58
39
27
40
42
20
38
47
47
49
43
36
51
29
27
54
38
62
10
35
35
46
29
53
49
61
38
38
54
46
67
42
42
62
35
49
31
35
39
52
22
51
26
35
46
31
54
49
60
59
31
35
39
30
33
27
52
54
47
23
37
29
51
35
32
36
43
42
31
58
45
47
55
63
28
49
48
32
15
52
47
39
28
55
22
27
43
50
38
61
39
46
33
41
59
52
27
59
40
38
51
34
23
26
32
70
19
26
28
24
40
48
36
44
57
31
32
47
42
30
31
38
34
52
80
33
49
54
34
33
29
36
48
42
47
48
44
43
50
47
41
54
30
48
57
47
52
34
27
57
64
27
69
34
34
51
46
25
42
58
58
32
32
50
58
31
56
62
41
37
60
52
51
43
57
31
47
34
43
56
55
36
45
49
48
41
46
57
29
27
62
42
50
37
55
57
30
53
32
39
46
47
33
49
34
11
52
22
36
34
56
55
64
53
48
31
45
64
61
53
35
49
39
44
51
63
42
40
53
52
26
48
39
44
51
42
50
55
53
25
40
48
57
29
36
50
30
52
7
53
24
34
46
48
33
56
46
34
29
44
33
62
46
53
49
52
71
22
50
49
62
56
58
47
55
53
48
55
62
44
54
44
42
