38
26
26
51
49
47
25
31
36
50
49
46
60
46
32
52
33
22
47
33
27
39
49
56
42
41
32
47
47
24
31
56
41
50
58
40
42
20
46
45
27
50
44
46
49
51
36
43
56
46
50
56
50
44
28
50
43
41
47
38
55
55
39
61
32
57
59
42
37
29
39
13
38
38
64
45
57
34
31
31
64
53
28
48
45
39
50
56
43
41
36
54
48
49
19
54
54
33
70
37
70
56
35
49
46
52
38
56
51
30
66
48
48
52
50
28
38
55
31
31
55
70
61
38
20
48
20
29
57
49
52
53
48
28
34
23
53
51
43
46
43
45
36
48
51
59
39
49
43
39
39
29
38
55
46
38
58
49
30
58
31
62
50
30
40
49
34
32
18
26
49
52
31
46
27
34
24
56
38
64
40
48
27
61
52
66
45
52
28
27
26
42
62
49
70
58
34
20
50
25
37
43
46
36
58
49
47
35
25
31
31
25
52
40
54
57
41
58
55
20
50
54
37
65
45
54
36
53
38
62
37
52
52
53
37
35
50
20
51
33
30
48
50
52
39
37
40
46
16
47
47
62
52
49
33
58
23
28
56
29
55
38
63
62
55
34
63
52
57
46
48
31
33
56
27
49
56
51
15
31
62
53
49
44
15
46
24
38
22
64
56
56
53
38
33
35
47
49
47
45
54
29
25
43
55
35
54
34
56
57
24
51
45
51
54
63
56
22
35
45
50
43
49
55
28
52
42
39
38
44
20
29
47
50
31
31
54
52
37
51
48
43
59
55
46
46
38
47
33
28
29
35
54
57
27
49
37
55
47
40
31
39
54
46
53
46
51
50
54
45
37
42
57
39
28
51
47
58
54
34
49
48
59
47
49
46
54
56
56
33
58
58
38
34
58
41
44
37
27
46
30
48
34
52
47
52
52
51
55
29
39
49
51
48
39
26
48
28
47
44
40
27
25
35
43
40
40
52
36
37
45
32
57
35
14
32
35
61
53
57
34
37
39
29
41
25
32
32
20
33
37
63
57
40
37
49
59
28
59
50
36
36
40
38
56
32
54
17
24
32
39
40
40
34
29
29
54
22
35
23
25
38
34
24
39
45
21
27
36
44
29
35
48
46
29
28
38
40
28
33
