36
42
28
41
52
45
45
31
57
44
37
53
40
46
47
36
55
52
40
35
51
37
54
54
21
37
43
33
32
29
69
38
41
50
25
43
33
41
27
53
49
61
52
46
25
31
44
45
38
77
38
51
50
49
41
65
42
44
60
46
28
48
50
51
53
39
48
45
51
68
37
33
52
45
56
45
34
45
54
50
38
23
29
55
26
31
33
53
51
54
55
49
48
51
56
49
39
21
37
62
49
6
37
20
37
51
56
50
42
53
44
51
23
66
54
58
59
45
56
36
51
44
59
36
35
50
51
50
35
47
52
49
31
41
37
44
27
47
31
47
30
39
39
33
47
34
29
47
48
55
46
30
38
40
42
32
58
36
30
50
51
36
51
56
36
58
39
64
28
32
49
13
54
29
47
57
66
50
35
54
34
64
25
50
72
51
55
57
40
26
55
30
33
30
18
54
30
43
28
30
32
52
54
41
36
44
74
59
34
63
34
25
50
53
45
58
25
22
24
45
43
51
38
56
36
61
53
33
43
65
57
55
33
4
53
40
62
55
39
42
52
53
36
57
55
38
54
38
51
59
51
64
65
18
54
55
51
36
49
32
53
55
44
47
35
45
46
63
52
21
62
56
40
58
58
40
23
46
12
33
36
32
29
33
29
24
64
33
49
48
35
31
57
32
43
50
59
31
32
32
23
45
42
49
48
35
55
56
29
58
35
52
35
35
52
27
57
44
45
63
34
39
48
53
28
42
24
52
24
34
58
59
48
46
48
60
62
34
34
58
43
39
29
60
44
19
52
18
40
37
42
17
48
53
44
51
44
60
49
49
63
47
42
57
29
29
47
43
58
63
33
28
17
53
49
54
33
62
31
49
31
35
26
59
37
68
57
33
29
52
56
44
30
13
31
41
23
49
41
41
52
52
48
29
33
58
43
29
32
42
54
35
26
55
59
50
27
27
26
46
44
27
33
39
43
43
50
56
30
51
64
53
33
60
67
31
46
57
27
41
26
33
50
62
35
64
44
31
26
53
49
23
35
46
38
24
50
38
47
47
47
41
22
33
44
28
28
37
46
46
44
33
40
39
25
48
50
46
44
58
35
42
55
26
38
54
34
24
30
33
37
24
32
37
31
44
40
29
37
36
