46
27
57
52
51
39
52
31
42
32
32
23
40
29
43
51
48
59
50
40
41
36
57
41
34
41
49
29
55
51
35
40
58
43
44
52
38
47
45
74
46
31
30
31
59
50
30
48
22
51
48
55
41
53
47
55
72
63
46
26
51
38
51
32
44
45
49
54
17
51
21
43
25
53
62
47
42
68
59
53
39
40
30
49
42
38
51
30
54
48
58
33
48
40
51
34
33
30
26
51
20
21
64
39
45
49
34
50
59
37
51
51
52
18
45
32
49
62
64
47
46
47
29
36
54
38
47
28
39
29
48
20
52
62
50
26
29
30
28
40
44
51
34
31
52
51
37
66
49
62
40
45
56
52
50
52
39
48
72
51
45
45
51
51
23
33
50
53
56
46
35
46
45
57
59
33
62
52
33
34
30
48
31
38
50
32
44
50
23
50
53
61
47
49
37
60
52
33
49
75
25
48
51
17
52
48
32
40
36
39
51
28
49
45
50
30
57
31
47
58
33
28
29
22
47
56
47
50
43
36
59
33
71
43
34
20
55
30
50
60
28
47
34
39
45
28
42
45
48
11
30
38
23
28
35
52
56
20
60
33
35
58
44
58
49
36
43
69
22
60
49
60
50
55
46
38
60
24
65
47
22
51
40
60
31
46
26
29
30
19
46
48
51
33
34
41
57
62
53
46
38
43
68
41
41
22
14
45
47
61
30
33
71
39
26
34
48
54
49
36
42
64
53
28
39
35
35
31
58
32
26
49
45
51
53
63
37
35
49
30
31
51
32
33
52
48
35
44
33
52
28
45
49
11
46
51
59
63
34
48
64
36
55
46
32
33
42
49
39
54
26
30
31
36
58
50
54
43
56
50
35
68
41
48
55
11
40
62
53
52
40
52
59
62
35
46
52
43
58
39
36
39
51
27
50
63
65
41
26
64
35
62
31
43
24
28
20
30
55
62
51
32
30
60
33
29
30
37
35
51
54
34
32
54
43
53
45
34
55
32
53
49
30
30
23
39
41
23
49
53
39
29
57
34
62
60
52
29
41
35
43
29
54
32
52
43
47
37
32
43
38
45
42
48
43
48
32
44
35
35
32
32
34
27
27
30
42
34
20
36
30
31
23
26
38
38
29
38
22
37
