51
42
60
49
59
45
33
36
52
33
30
62
42
36
51
44
37
40
53
34
27
57
47
46
35
22
39
32
66
46
33
34
49
56
29
41
38
28
54
52
50
47
33
37
58
45
35
35
51
31
34
55
39
51
40
59
53
36
35
47
51
65
27
53
49
59
48
47
38
41
47
40
30
57
8
52
25
38
38
35
53
64
40
28
38
45
38
53
26
65
30
33
40
35
43
62
52
54
48
49
51
40
22
60
53
34
40
49
41
38
46
43
65
42
47
31
21
41
41
39
48
40
47
32
58
62
20
56
53
58
37
31
46
36
56
45
64
30
32
48
53
51
45
44
56
53
37
37
34
49
50
37
19
52
33
31
54
37
35
51
43
53
60
49
28
64
26
41
51
41
48
53
18
46
57
49
41
39
42
31
34
24
33
48
40
29
55
37
56
25
33
46
38
45
26
28
49
29
51
35
39
42
46
39
31
47
50
18
34
36
49
61
29
35
34
56
35
50
34
34
61
34
50
19
40
36
50
60
40
50
30
45
42
40
41
34
51
64
56
58
50
11
34
59
53
46
56
54
48
49
54
61
38
52
31
50
46
37
47
58
52
54
44
63
18
36
23
54
48
49
28
51
46
53
35
30
39
36
53
39
33
39
27
31
63
44
29
30
43
29
48
59
52
52
25
36
38
36
52
56
45
56
33
61
39
41
42
40
37
33
71
51
48
65
49
47
44
53
62
55
33
47
52
57
32
40
48
38
38
44
46
29
37
33
41
51
29
45
51
30
35
41
55
53
28
50
55
50
55
55
48
53
56
50
34
60
49
25
54
47
43
43
34
57
31
65
47
31
53
49
45
45
54
52
41
53
43
21
78
39
27
29
55
52
32
23
47
75
28
35
53
51
38
54
28
21
38
59
44
36
18
68
47
40
46
36
43
39
54
44
27
38
66
41
38
32
44
52
46
41
65
37
19
45
54
35
54
55
19
31
18
57
31
47
55
31
43
46
30
48
37
31
56
58
52
31
33
47
29
18
31
35
47
57
44
54
46
45
41
51
32
57
44
51
34
32
47
49
52
49
61
33
28
22
47
49
34
47
45
46
34
51
41
34
33
36
32
35
42
31
38
22
35
33
36
45
29
36
31
31
