14
55
50
39
53
51
38
40
26
32
55
26
29
47
32
33
38
75
48
31
20
22
27
30
34
53
61
29
44
39
46
58
64
63
32
59
41
36
43
58
49
56
41
52
47
43
60
25
34
52
64
45
49
49
61
49
42
52
64
28
44
54
27
53
41
41
71
50
42
24
49
31
50
30
61
44
22
53
50
55
39
41
26
68
35
35
43
28
63
54
54
44
48
49
32
46
34
47
30
40
52
48
46
34
45
58
35
21
37
26
38
30
56
51
50
50
21
59
53
54
39
45
50
53
44
34
43
35
46
59
38
48
38
53
31
55
29
54
49
51
35
37
50
50
48
60
30
17
31
32
52
44
46
45
42
45
47
43
28
39
38
55
47
51
60
34
48
14
23
46
49
42
59
31
35
45
52
29
28
48
50
18
47
19
55
32
28
29
39
55
46
45
51
56
33
43
30
56
33
26
43
55
36
34
44
43
47
43
55
28
32
37
32
52
46
36
41
34
37
50
25
37
29
18
37
43
38
34
49
43
5
43
42
42
41
60
49
28
43
48
49
38
27
51
30
51
50
49
42
41
71
48
39
45
42
47
33
47
57
44
49
46
34
45
27
57
52
36
36
33
30
74
47
35
32
53
54
49
40
56
53
43
25
29
7
54
33
17
49
17
49
44
39
46
30
38
61
43
37
58
37
55
51
33
41
59
54
32
54
23
28
21
23
38
48
33
42
50
34
28
44
46
48
44
49
32
52
57
48
55
48
40
48
36
38
34
54
36
53
47
58
67
27
38
35
31
32
7
55
45
19
51
51
42
44
24
54
30
49
32
30
54
26
30
34
52
39
31
39
28
29
53
27
38
24
34
45
31
60
50
37
51
23
33
48
50
58
39
61
36
56
61
59
70
44
60
46
31
41
37
37
53
45
36
36
28
54
74
30
35
37
41
47
65
57
19
51
26
28
47
61
51
12
39
52
21
43
26
31
29
42
51
57
41
50
53
31
39
48
54
48
54
42
45
29
48
27
55
40
32
59
51
33
37
56
47
55
50
47
42
32
42
42
41
50
53
65
47
33
26
41
42
40
55
51
51
50
30
38
52
53
54
48
52
49
42
56
45
32
48
68
53
56
55
52
40
55
48
50
41
