29
28
68
45
55
38
63
64
16
60
53
9
33
53
44
42
50
21
53
39
44
31
51
40
45
54
52
56
33
44
23
45
76
52
33
37
50
49
54
34
57
29
38
64
60
47
36
43
45
47
29
40
41
37
49
51
66
48
51
47
28
28
42
27
39
69
69
37
47
52
30
42
52
33
37
53
28
61
36
34
62
37
22
58
32
38
39
48
45
52
34
54
64
32
46
44
42
60
45
23
55
60
53
56
42
47
34
43
53
49
45
57
26
30
49
55
38
41
38
36
30
44
29
29
40
51
58
46
31
56
50
50
32
54
48
53
56
50
41
29
32
47
48
36
49
50
64
37
41
25
50
55
63
51
34
43
52
50
52
34
41
51
42
32
30
57
70
31
51
38
39
51
32
42
40
25
41
51
51
52
45
64
31
42
35
26
56
52
54
30
29
54
34
21
52
36
47
34
44
37
54
31
34
22
57
40
40
38
35
53
39
37
31
51
30
48
53
58
48
53
23
54
15
43
51
27
72
37
60
46
45
36
47
31
54
43
48
30
52
64
58
58
50
46
54
34
53
36
48
57
55
37
56
50
52
53
53
30
38
58
21
66
48
29
36
23
31
30
40
29
43
30
49
50
27
31
21
31
47
38
24
47
54
27
46
47
36
39
25
29
43
37
12
43
45
38
36
35
47
32
62
59
49
43
47
47
37
40
50
26
35
42
31
59
46
9
50
35
46
50
43
58
32
50
46
58
40
38
53
54
48
37
54
37
28
47
46
30
53
37
30
37
33
31
40
37
42
45
55
63
25
38
35
44
49
43
43
60
36
27
46
52
32
53
34
45
47
44
44
76
26
37
34
53
6
38
45
33
50
27
34
53
16
36
52
29
29
29
34
34
47
42
33
33
45
45
33
42
29
31
34
58
60
37
46
44
53
53
39
32
25
22
26
49
52
50
66
46
33
40
46
62
51
57
36
37
26
59
31
40
50
25
44
39
39
45
47
46
54
24
44
47
37
38
33
47
46
31
52
55
51
28
51
40
57
46
28
31
61
25
42
46
49
34
36
50
52
56
37
44
42
65
59
22
52
43
33
49
53
22
28
49
59
29
52
44
60
49
59
37
29
51
45
49
60
51
64
26
36
30
