55
53
50
53
53
23
32
29
57
53
41
56
43
34
11
55
49
45
42
65
44
48
44
38
30
65
44
50
43
11
37
43
55
23
37
31
40
27
54
26
57
43
31
51
27
34
49
33
43
50
47
52
51
38
30
38
34
49
45
35
47
42
57
19
34
37
23
43
42
53
31
42
30
28
33
8
36
47
47
32
27
50
29
56
50
52
43
45
59
38
57
63
41
66
45
38
70
31
47
30
37
42
39
34
36
49
35
33
39
54
32
49
52
21
25
51
64
23
19
34
49
48
54
35
44
20
31
31
34
57
38
56
51
34
22
38
56
39
32
52
23
55
41
46
39
32
29
59
69
14
37
23
30
46
48
31
14
11
52
37
30
37
42
45
53
49
51
44
37
70
46
55
52
43
46
36
35
41
42
57
42
40
70
34
31
36
33
44
37
42
25
41
49
29
55
31
21
53
30
45
50
40
38
33
51
57
35
66
53
22
54
49
54
34
51
44
35
56
41
48
57
43
38
58
45
37
43
36
52
32
48
25
31
39
57
37
54
50
25
28
35
34
35
31
36
50
35
39
33
48
40
61
36
49
47
46
50
32
48
44
31
39
24
50
54
52
28
33
46
45
39
47
33
38
54
35
38
27
24
51
26
47
49
51
64
53
51
47
35
46
49
42
40
56
47
40
50
41
44
58
41
43
49
42
29
24
28
54
50
24
55
23
47
43
45
44
24
29
74
56
40
41
23
47
48
60
51
32
41
40
18
36
41
36
33
57
60
41
34
20
54
35
52
30
47
35
52
50
52
34
35
61
54
50
16
61
28
55
54
65
46
28
58
65
40
27
30
23
38
54
32
45
45
32
49
18
44
49
49
49
27
41
35
31
33
50
49
49
56
49
29
53
50
67
56
28
71
44
56
64
50
38
26
29
62
33
56
42
37
45
31
35
39
51
34
53
54
26
52
31
50
55
39
50
46
47
23
29
44
54
64
40
38
53
67
54
47
29
37
33
28
30
66
39
51
35
48
53
44
37
24
57
29
52
29
53
42
40
47
56
46
61
33
35
27
39
34
32
49
41
60
62
37
41
57
55
56
42
51
56
33
52
43
53
51
53
57
54
48
46
47
59
44
45
44
62
41
52
51
41
