32
48
21
25
29
41
41
41
59
9
46
19
37
46
24
45
40
42
45
51
34
47
31
25
47
56
28
46
50
47
21
66
48
33
51
47
41
47
27
55
49
47
47
54
36
32
48
35
47
58
47
26
27
25
41
28
55
27
57
53
44
32
58
43
26
31
34
52
32
38
43
51
45
50
41
64
28
52
34
34
46
28
36
31
39
50
29
27
63
41
45
35
28
53
33
25
25
54
49
35
36
50
49
34
44
29
47
46
32
39
32
46
25
59
38
62
50
53
37
51
37
23
59
56
52
33
57
43
58
33
48
32
60
48
36
37
36
28
54
28
44
40
32
25
63
29
23
33
46
48
32
30
71
48
36
53
30
31
32
33
52
73
33
52
17
23
55
29
50
21
37
54
25
47
38
51
49
57
52
53
51
26
52
39
41
21
28
23
55
45
41
49
36
44
20
57
36
51
55
21
31
53
37
26
41
38
32
40
29
39
46
60
67
49
44
36
32
36
50
35
60
27
43
32
29
23
48
53
34
49
56
36
35
46
53
56
29
45
46
36
37
31
37
22
70
33
51
54
33
57
49
46
30
25
47
30
47
52
52
14
20
55
52
32
37
54
42
29
30
26
48
46
22
46
34
67
32
71
45
27
21
30
49
50
49
45
47
24
37
12
53
49
47
32
18
57
58
12
36
33
33
46
39
45
34
38
37
47
33
22
69
46
60
51
29
47
45
32
51
35
49
52
53
53
39
46
51
35
46
38
64
42
22
29
34
27
48
51
50
55
47
51
54
50
57
54
31
30
55
28
41
46
32
49
49
53
59
63
52
54
61
60
40
45
26
31
57
28
39
37
58
57
47
49
25
49
63
39
63
28
43
29
46
24
24
38
48
56
53
49
58
49
33
42
34
47
19
59
71
42
36
32
44
46
31
51
38
52
56
53
47
50
41
49
36
55
55
52
54
26
48
42
15
55
52
33
34
47
34
48
52
35
63
47
40
42
30
35
53
60
49
50
29
34
54
31
41
38
48
46
32
43
54
37
38
20
39
37
51
61
35
38
47
35
22
26
49
49
47
29
38
48
49
54
63
30
30
54
22
47
65
29
47
34
37
35
48
39
42
52
25
26
46
47
32
37
55
32
22
31
