31
47
51
52
35
54
48
44
37
34
30
34
63
30
50
64
51
53
58
23
19
50
60
27
57
49
45
51
48
26
51
44
25
52
53
34
24
40
37
52
50
54
38
26
52
37
55
44
36
37
47
25
45
42
37
48
28
30
64
32
56
47
39
56
28
60
60
54
43
46
60
33
47
60
20
34
11
50
45
36
45
32
18
44
24
27
39
65
36
29
43
33
64
45
34
55
57
39
37
35
54
40
28
29
60
34
57
33
52
46
34
50
53
23
43
48
21
52
47
28
55
33
37
52
65
55
46
31
27
44
35
42
73
43
59
62
58
36
56
35
41
33
29
34
33
48
53
52
62
33
49
31
52
49
31
47
52
53
39
47
33
34
60
52
35
58
50
53
34
54
21
30
36
23
44
49
57
28
55
46
25
29
56
47
56
31
48
37
26
64
58
36
59
53
31
48
64
46
28
51
55
24
45
45
50
26
55
41
18
49
38
58
54
53
48
52
39
71
36
48
35
48
41
39
54
33
35
26
56
23
47
49
35
35
43
37
36
50
49
21
34
34
48
56
53
46
38
28
32
34
28
46
47
38
29
39
26
46
53
59
53
44
56
49
46
46
67
29
43
57
48
29
47
65
50
29
46
28
33
35
40
43
47
34
48
43
67
34
28
36
28
42
36
32
39
47
27
53
16
66
36
28
46
56
48
31
27
29
60
48
45
56
52
64
52
52
50
40
29
32
32
58
31
31
46
44
59
57
34
40
48
43
45
29
58
48
57
51
58
29
33
55
37
65
51
73
52
46
52
51
48
43
60
19
31
58
40
32
46
51
42
49
51
34
47
31
48
24
37
40
33
31
31
44
59
43
19
29
45
52
53
27
59
48
68
48
34
59
38
44
36
21
67
40
12
58
52
51
45
47
62
34
39
52
59
48
33
41
41
53
22
44
47
52
13
38
39
30
26
56
67
30
40
54
41
50
59
47
53
28
30
31
49
37
51
69
37
31
54
35
22
49
48
32
49
41
39
52
24
65
14
49
43
30
51
40
44
33
31
29
21
26
54
48
29
50
25
49
51
37
46
53
64
41
27
27
28
37
53
51
44
60
33
31
68
34
43
28
42
47
39
31
42
33
28
47
22
23
31
24
