47
44
49
49
35
37
25
34
15
33
53
53
21
34
37
5
35
62
50
48
48
44
46
48
51
54
60
47
25
35
47
57
41
47
45
30
46
43
56
58
56
54
32
28
55
40
29
62
44
42
45
42
49
52
52
50
29
37
52
35
50
48
37
40
53
54
51
54
47
53
53
56
29
40
41
43
58
56
34
50
32
32
37
50
45
46
54
69
62
8
33
28
40
35
29
55
35
51
48
49
30
52
34
54
57
58
33
19
50
37
57
32
32
63
69
56
54
16
50
35
46
39
41
37
58
52
53
63
48
50
51
44
51
47
40
22
20
40
34
46
45
32
27
50
50
36
51
54
29
32
43
32
37
54
70
48
46
35
52
48
41
68
17
45
32
30
28
43
49
30
63
64
49
45
57
36
55
20
45
24
31
50
49
45
44
55
44
56
52
45
41
54
47
38
49
41
33
45
53
29
37
48
30
32
38
61
26
44
31
44
29
49
28
22
38
33
54
36
60
57
53
38
52
28
37
35
58
24
55
41
30
32
21
50
66
45
48
52
32
56
22
52
37
40
61
48
27
36
56
18
46
48
50
53
52
48
27
49
61
16
31
46
48
42
51
50
50
22
52
63
49
65
49
63
50
47
30
51
37
50
51
42
52
31
38
46
49
47
48
27
31
46
30
49
31
42
30
60
56
20
45
51
33
49
23
52
35
48
55
23
37
23
31
47
46
50
34
36
32
41
26
30
40
45
55
44
48
35
25
26
58
48
43
54
23
36
36
41
50
32
32
52
62
50
24
31
45
55
35
29
79
32
35
29
27
40
37
57
51
50
53
30
49
73
42
23
50
54
43
18
38
48
29
35
41
30
52
46
44
49
24
26
35
33
54
39
32
52
28
52
29
16
49
45
53
37
46
31
13
60
51
54
54
40
52
47
38
56
55
52
49
32
39
33
54
51
57
43
50
52
22
46
37
48
45
30
36
55
27
47
39
45
59
50
39
41
45
51
55
28
23
51
34
41
50
27
49
36
44
33
55
33
34
51
59
44
50
52
52
38
50
59
11
57
65
49
55
43
21
63
37
33
35
43
30
39
48
52
54
37
31
34
35
20
34
34
44
35
45
28
28
31
25
35
40
30
34
28
12
30
