29
58
29
31
53
32
47
45
49
15
34
57
39
51
52
42
30
41
57
47
63
46
51
56
44
35
43
57
53
46
55
69
38
41
27
56
49
59
52
42
25
57
12
50
41
21
29
36
50
33
24
37
47
41
66
37
44
44
31
36
40
49
63
26
33
57
35
49
49
52
21
42
40
33
22
39
37
36
46
51
39
23
27
28
52
29
42
48
72
48
46
45
39
42
28
55
12
19
51
53
51
52
46
51
64
60
44
51
30
37
36
31
32
53
49
43
27
45
41
45
27
37
44
31
39
29
47
56
25
40
32
38
49
32
30
43
49
56
48
21
48
37
36
21
13
38
34
41
31
31
45
34
39
64
34
35
79
31
45
34
35
48
55
64
33
54
50
35
63
32
33
53
53
57
41
48
36
28
35
46
37
44
46
50
37
31
50
21
20
67
10
41
26
54
29
56
31
16
38
49
33
48
26
42
32
50
39
51
42
64
49
39
30
51
36
28
36
33
33
26
42
55
27
41
33
41
40
56
30
17
37
47
53
51
39
38
51
52
33
50
38
58
54
29
50
39
47
59
43
34
32
24
38
60
37
51
30
35
42
35
47
47
32
49
53
50
52
53
55
42
13
54
42
49
36
46
32
47
44
31
18
42
36
60
33
51
43
58
52
35
60
55
22
44
63
33
38
44
38
47
55
52
38
37
41
45
56
42
56
61
18
50
56
50
58
41
48
63
48
65
49
50
48
48
38
59
47
23
50
47
37
41
56
51
32
56
55
31
49
38
49
49
38
22
38
26
48
48
29
48
44
51
27
27
33
62
36
34
34
44
33
32
27
55
44
34
38
30
36
33
49
51
50
49
49
56
45
54
48
48
39
42
29
39
34
55
48
51
53
34
27
41
51
55
55
42
38
57
35
51
34
30
24
54
43
40
29
58
36
22
66
50
52
35
51
42
53
29
40
60
25
37
44
46
51
36
61
25
54
53
45
26
63
36
45
49
45
51
45
40
43
40
45
52
19
47
42
49
49
45
47
54
56
48
53
28
30
51
61
55
53
48
59
47
48
38
55
57
50
50
44
55
53
48
54
52
42
46
50
45
51
53
63
48
63
53
49
51
45
55
57
46
45
45
39
62
48
51
58
49
