35
35
26
55
25
46
53
28
30
39
42
23
49
8
32
69
39
25
27
29
41
49
52
50
46
25
48
49
59
66
39
35
37
29
43
54
34
34
65
33
58
31
48
56
41
38
16
36
51
41
33
48
62
38
52
45
51
44
47
43
50
53
37
55
47
45
51
54
31
51
49
49
27
57
28
52
52
31
16
59
48
48
45
41
35
56
58
44
60
31
52
30
35
34
50
48
27
45
43
22
47
39
54
28
57
77
42
51
36
55
48
40
28
51
52
44
36
46
43
41
48
51
25
43
42
58
38
23
26
64
34
57
46
49
28
40
45
29
46
68
41
43
44
65
35
25
39
40
29
41
34
29
43
36
56
30
47
21
36
52
33
47
33
44
30
27
39
36
26
52
52
37
49
34
40
30
33
20
40
39
49
46
20
31
50
40
19
34
28
49
46
62
68
53
49
45
47
30
30
51
46
29
36
28
50
19
44
25
25
47
25
30
30
65
35
43
25
56
53
33
34
33
52
51
40
38
45
47
52
43
49
51
28
49
49
34
57
48
32
22
37
50
37
42
47
47
28
32
23
55
60
36
47
25
42
54
37
29
50
59
60
21
30
31
57
46
60
43
38
27
32
43
41
39
30
59
15
44
47
42
49
46
54
36
50
47
57
23
63
45
33
58
36
37
48
29
50
54
33
63
39
55
47
34
31
33
34
28
26
38
52
30
60
28
45
27
43
51
37
41
32
61
16
36
56
42
48
68
47
50
58
49
39
24
49
49
50
25
34
41
55
47
34
49
49
49
45
55
58
51
55
45
31
34
68
43
55
45
23
42
47
48
50
56
49
56
41
53
28
36
51
31
50
54
32
58
51
60
48
28
32
38
28
50
49
47
27
39
33
42
25
59
36
42
47
44
53
35
58
43
46
28
37
49
53
38
48
30
65
48
45
38
50
42
19
48
52
48
54
55
27
48
49
51
30
36
49
23
57
47
42
28
54
56
39
34
21
45
59
42
50
56
36
31
47
40
49
62
50
52
47
56
52
27
38
40
51
46
36
40
29
53
49
25
63
61
35
57
46
37
59
59
33
60
36
32
44
48
41
53
47
32
57
53
37
43
45
63
29
32
29
50
32
39
56
50
56
50
48
51
