48
51
36
45
41
33
52
48
48
49
20
38
55
50
56
46
45
49
57
58
19
50
60
45
44
38
41
35
42
25
52
28
33
36
44
49
27
45
34
53
30
46
40
53
59
59
40
26
42
48
36
41
37
36
13
44
23
47
29
30
31
49
29
19
48
36
53
67
23
33
41
38
41
43
38
45
45
60
64
35
35
35
52
31
54
24
38
35
60
47
46
46
50
53
30
55
41
42
37
41
34
43
50
48
32
43
55
54
52
50
55
53
46
55
36
46
37
51
58
43
32
38
54
33
44
60
23
50
35
27
60
30
32
32
40
54
44
55
51
39
35
30
28
61
26
46
30
58
47
47
44
36
44
44
54
56
57
43
62
33
44
29
34
31
55
36
61
54
28
19
41
44
45
29
47
40
36
45
58
55
59
46
54
51
29
30
41
52
27
21
32
52
40
53
48
69
32
55
53
52
31
53
60
59
53
55
40
43
61
21
56
41
47
30
54
51
58
48
33
52
39
36
59
52
34
25
32
52
31
29
37
36
38
47
32
33
53
39
59
40
50
30
49
55
49
44
53
53
54
36
42
41
31
36
61
52
37
28
42
49
64
37
37
45
23
35
39
41
29
38
34
64
34
50
44
51
43
54
52
58
52
36
32
32
35
30
38
36
36
20
57
35
27
49
55
27
56
52
57
28
53
41
62
14
52
53
48
28
53
42
35
34
63
30
53
51
52
30
47
47
26
49
34
63
24
24
31
38
57
23
49
42
41
33
49
54
23
49
53
42
45
38
48
52
56
39
52
28
59
33
26
68
40
53
29
49
32
23
63
32
47
53
43
52
31
33
54
33
49
49
60
59
50
36
33
28
53
43
38
53
22
50
46
58
39
65
59
46
46
49
35
38
59
25
34
65
30
33
34
60
38
48
48
50
57
30
37
58
26
49
50
47
31
46
32
30
31
59
38
24
37
55
70
56
42
34
30
54
58
29
45
34
33
50
60
36
42
26
63
57
47
52
32
44
51
40
60
34
31
51
70
25
66
52
28
38
69
51
31
51
22
44
31
52
48
60
51
43
57
47
48
42
49
41
53
53
51
64
41
48
55
47
45
33
31
47
41
42
31
68
53
52
53
44
45
47
39
41
49
51
