35
42
36
41
52
45
45
47
57
44
30
53
41
46
39
36
55
52
40
31
51
36
54
54
40
34
36
28
31
37
40
69
38
41
47
50
35
43
37
41
53
49
61
52
21
37
46
44
43
45
33
77
32
51
50
49
41
65
42
44
29
60
46
48
50
51
53
39
48
45
51
25
68
33
37
52
27
56
45
45
54
25
31
50
38
38
28
38
55
53
51
54
55
49
48
51
56
33
45
49
39
34
62
23
49
37
37
29
51
56
50
42
26
53
44
51
66
54
58
31
59
45
56
33
21
37
6
20
23
51
44
59
36
36
35
47
50
52
51
49
50
35
31
41
44
37
27
31
47
47
47
30
48
39
55
39
46
33
34
38
42
29
58
50
47
51
51
56
30
40
58
32
39
36
64
49
54
47
30
57
36
66
36
50
28
32
54
64
13
29
50
35
34
25
51
72
55
57
40
26
30
55
54
30
33
30
43
52
18
54
28
30
41
74
59
63
32
36
44
34
34
50
25
25
22
53
45
24
58
51
61
53
45
43
43
38
65
57
55
56
53
62
36
55
39
33
52
33
53
57
55
54
51
4
59
51
64
40
65
42
54
55
36
51
38
49
53
55
47
38
45
46
18
63
52
62
36
56
32
44
35
21
40
23
12
33
58
36
58
40
32
29
46
33
64
49
48
29
24
33
35
57
43
50
59
31
32
45
31
42
32
49
32
48
56
23
58
52
35
52
35
55
57
44
29
35
35
45
27
63
48
53
52
34
34
39
58
28
42
59
48
48
24
60
24
46
62
34
58
43
39
34
60
52
29
40
37
42
48
44
53
51
44
60
19
18
49
17
49
63
44
29
29
47
42
57
43
47
58
63
33
28
17
53
33
49
54
31
35
62
31
49
26
37
33
59
29
68
30
57
52
56
44
13
31
41
49
23
41
41
52
29
33
52
48
58
29
32
35
43
42
26
27
27
26
54
55
59
27
50
46
44
43
50
56
33
51
64
39
53
43
30
33
60
67
46
31
27
26
57
33
44
31
26
49
23
41
50
62
35
64
53
35
46
50
38
24
22
38
47
47
33
28
28
47
41
44
46
37
33
40
39
35
26
38
54
34
24
30
33
37
24
32
37
31
44
40
29
37
36
