50
35
35
30
34
54
27
40
40
50
49
53
38
30
37
41
41
52
54
58
31
53
33
56
53
49
34
30
54
52
42
45
52
52
46
32
26
29
19
44
37
23
57
42
33
30
35
31
53
39
60
36
41
49
37
43
23
45
53
38
56
34
36
61
30
37
60
36
21
53
27
45
36
29
27
47
30
50
34
31
50
49
45
38
42
40
48
30
25
14
34
59
48
23
49
50
28
38
44
52
33
53
30
35
28
32
39
31
45
28
40
30
35
58
32
48
35
48
38
57
30
26
27
26
49
77
50
50
30
34
41
51
54
31
34
22
30
41
67
52
30
25
53
5
41
33
46
47
31
29
27
36
51
45
56
54
51
57
34
33
44
33
49
52
30
42
16
37
52
32
35
53
42
51
50
27
37
52
49
46
33
17
52
54
27
39
52
32
26
60
46
15
55
60
36
57
54
42
27
34
26
49
52
63
45
42
49
37
56
26
54
51
50
51
52
58
34
51
24
48
55
46
28
58
57
57
55
38
22
51
34
54
68
38
25
46
50
61
33
37
57
13
41
56
51
50
50
59
54
36
30
30
41
30
48
53
30
56
57
66
31
52
36
46
34
64
38
56
50
25
44
29
51
37
34
32
31
48
42
37
36
44
33
22
15
53
40
40
49
72
53
44
53
49
48
40
43
49
31
46
60
33
39
46
37
32
37
30
35
44
24
40
55
23
44
51
35
27
42
68
50
42
50
45
46
25
52
31
37
59
38
49
50
17
40
35
37
52
61
36
52
33
40
34
53
47
23
47
45
56
27
48
30
60
58
42
27
35
28
27
32
46
44
39
64
56
49
40
39
52
49
37
58
39
29
37
30
44
44
51
35
55
17
56
59
50
47
33
35
39
37
33
37
45
38
21
39
53
51
48
31
34
28
28
33
29
51
43
20
49
28
47
34
50
32
47
48
49
45
59
33
34
45
44
50
47
40
34
59
46
47
16
59
53
56
51
25
56
38
54
52
56
33
27
30
28
47
49
12
29
39
28
52
41
56
52
40
44
42
45
26
51
38
51
54
41
23
46
71
27
46
48
46
42
43
35
49
53
49
59
46
47
47
50
52
46
46
47
56
36
64
63
56
36
49
52
54
37
63
42
