50
36
24
34
43
27
28
29
51
37
52
50
42
31
55
52
26
35
39
38
30
35
54
21
33
37
36
33
55
34
48
62
48
48
31
48
53
37
44
47
49
35
38
43
50
38
59
62
26
32
33
47
52
39
57
45
51
42
53
30
48
55
48
58
43
58
52
50
51
61
62
62
28
66
26
68
37
24
57
17
32
56
49
34
30
47
58
37
51
22
50
38
52
47
54
52
60
55
35
32
35
28
28
28
47
56
48
63
56
44
43
51
65
57
55
46
50
46
51
47
30
38
38
31
39
39
34
55
47
45
51
49
50
62
65
34
22
49
34
59
36
52
31
52
50
28
46
55
53
31
48
55
32
49
44
45
52
55
50
19
40
44
29
27
32
51
52
44
53
53
38
34
56
33
36
50
34
50
61
32
49
52
38
35
31
55
59
67
37
50
48
27
59
53
35
58
64
43
47
52
39
33
32
43
47
42
49
34
66
53
56
60
48
38
41
22
17
47
21
59
24
18
42
36
46
41
46
56
36
52
31
54
53
46
54
57
51
36
44
32
23
27
46
40
58
48
41
55
30
11
24
55
35
31
55
51
45
29
34
37
52
30
29
51
39
40
40
30
59
40
53
27
55
52
50
30
54
33
52
24
37
38
36
46
45
41
35
25
51
58
31
18
30
54
35
40
26
28
34
58
60
30
45
59
29
47
52
43
30
57
50
72
36
43
30
32
43
42
64
66
30
37
28
44
56
56
40
34
53
45
49
57
32
36
34
51
32
46
60
31
50
56
52
53
52
35
55
52
55
51
43
52
32
45
31
34
55
30
50
52
32
55
38
29
36
37
63
30
33
47
51
52
47
49
50
38
58
40
46
49
46
23
41
47
32
32
40
45
32
23
38
43
43
53
28
37
53
43
30
31
29
34
60
59
47
38
58
45
48
34
53
58
62
40
34
33
40
44
35
40
48
31
54
42
57
50
37
54
38
25
27
29
31
49
66
22
31
41
48
45
55
37
40
53
31
47
30
21
38
24
33
40
47
42
26
50
50
40
46
55
29
51
45
28
35
55
62
39
28
55
49
47
41
60
46
41
50
44
54
71
57
46
57
51
39
43
57
44
51
54
62
60
46
53
66
54
58
62
40
49
