51
51
39
28
26
48
59
39
42
47
70
52
35
63
57
52
37
65
47
55
47
53
35
35
44
71
46
31
31
52
53
47
39
41
45
29
36
36
45
36
58
63
32
27
46
48
49
60
36
69
41
64
28
49
53
40
40
54
47
60
51
44
29
29
51
54
35
33
50
37
44
46
36
26
36
38
38
50
52
43
63
41
49
30
55
34
60
29
38
49
50
54
36
50
49
61
37
61
43
35
57
34
57
47
59
30
54
51
47
58
52
31
45
22
60
34
54
53
33
38
53
48
48
57
17
56
56
48
35
37
59
41
40
51
41
60
44
54
37
48
34
32
45
33
38
55
50
48
53
37
27
19
30
47
33
36
41
45
60
64
49
53
29
38
32
45
50
48
40
34
54
58
43
48
51
38
22
37
37
25
41
51
25
26
31
64
47
43
34
28
53
46
56
20
42
50
58
20
66
55
33
52
47
51
36
34
55
32
22
53
38
20
34
50
47
29
22
53
44
47
56
40
32
48
38
45
34
46
54
47
48
51
50
51
64
32
49
45
34
41
34
43
21
48
55
34
50
29
39
64
38
58
35
52
44
29
41
35
71
50
56
57
30
45
54
36
31
34
47
51
63
37
56
21
23
35
34
27
38
26
49
26
50
51
51
48
37
36
43
41
54
52
51
41
45
37
30
53
27
54
42
34
26
50
41
48
38
57
38
36
46
52
20
52
53
48
26
30
35
23
33
27
31
40
31
28
57
52
51
45
50
21
35
28
50
24
45
42
40
31
17
46
28
45
56
28
38
34
50
44
32
49
35
49
37
46
23
45
71
74
47
65
44
41
42
40
41
52
28
29
30
35
33
66
60
40
57
60
62
52
57
48
27
42
30
49
29
51
49
31
48
29
43
24
34
50
55
47
46
55
31
47
38
39
21
42
36
30
13
56
36
46
53
53
39
32
58
45
51
38
52
59
33
47
15
50
52
41
23
31
60
37
53
44
50
45
50
53
40
35
53
45
34
19
59
31
53
31
43
54
35
30
54
51
35
28
53
28
53
45
57
41
51
11
49
37
54
28
57
52
52
57
26
55
32
25
26
41
41
41
50
53
60
52
52
46
55
50
43
43
47
55
51
66
45
62
40
48
50
63
