48
50
35
40
21
58
67
56
54
57
40
31
44
34
40
25
53
30
48
35
51
61
57
51
43
51
21
36
46
35
48
50
31
39
47
46
40
22
42
67
72
47
29
30
40
24
55
33
33
53
37
59
65
32
39
46
17
27
27
29
57
49
52
47
32
51
58
47
52
28
53
42
54
39
42
54
42
51
25
34
54
57
61
48
34
26
48
55
60
53
47
54
30
43
33
45
58
40
61
60
28
71
32
33
33
55
47
52
33
61
46
40
43
42
45
47
52
36
21
33
52
39
25
21
50
45
53
40
32
55
42
31
41
47
56
38
26
28
33
23
39
49
49
63
59
25
49
53
24
31
52
34
47
33
49
22
32
11
33
50
36
32
26
50
55
26
41
56
41
67
63
35
56
38
55
48
36
33
53
41
39
42
54
34
69
51
48
32
51
16
46
39
40
66
64
41
56
33
43
47
53
45
30
47
51
52
16
50
32
49
25
40
45
53
47
54
38
51
47
45
28
49
36
49
38
38
48
45
54
37
41
29
50
44
53
41
52
38
36
42
34
20
57
40
41
47
40
62
31
47
52
27
53
29
48
39
46
43
52
34
22
41
53
57
34
40
40
41
63
32
56
51
29
60
42
30
66
59
51
53
41
45
31
31
57
35
45
31
51
40
52
57
60
28
29
25
40
48
27
49
43
74
34
18
45
44
35
62
42
27
52
49
44
31
30
33
67
49
21
42
29
19
28
31
34
50
54
32
31
51
38
37
46
34
67
27
64
47
45
21
37
32
42
47
57
55
55
40
44
55
44
15
34
33
32
55
53
51
38
38
34
56
27
25
53
49
41
63
47
27
49
57
35
49
46
57
37
36
42
51
36
46
37
22
45
66
57
48
28
35
45
52
55
47
59
28
40
31
37
33
38
38
38
41
51
49
48
35
52
54
34
60
56
52
48
33
54
47
45
44
34
26
35
45
33
51
31
53
33
33
53
27
32
50
61
45
35
26
58
27
28
41
41
48
28
51
39
36
40
45
43
41
51
50
27
58
31
49
57
19
72
53
30
40
45
63
38
25
37
36
31
64
55
41
43
38
41
46
50
46
48
53
51
7
36
33
37
28
21
34
40
46
39
41
30
38
30
36
28
17
