50
57
48
27
56
35
54
48
63
72
46
29
25
32
45
57
45
47
55
64
47
29
32
49
32
53
27
52
36
46
44
35
50
56
44
47
56
55
34
39
49
24
43
40
47
37
49
39
54
39
60
34
31
42
38
32
55
53
42
54
57
43
24
48
43
60
52
58
47
34
39
25
38
38
50
32
39
37
33
46
28
49
47
43
56
47
47
46
59
29
65
17
39
26
55
48
28
39
27
48
29
44
38
27
55
28
37
49
43
25
28
28
39
48
20
52
45
28
30
50
43
25
38
51
41
47
34
57
44
55
46
63
39
34
30
50
20
67
48
65
32
17
37
58
59
19
27
48
39
63
31
45
53
36
24
54
29
32
55
53
45
51
32
24
36
22
48
57
43
44
32
54
41
61
59
35
54
30
30
32
55
54
26
30
57
44
48
28
45
33
51
47
34
31
33
49
54
53
48
41
61
58
28
43
37
26
43
29
44
58
58
43
44
40
35
28
37
51
53
33
20
53
48
53
45
50
21
52
59
39
55
52
45
26
46
49
48
64
37
58
39
63
55
34
32
53
52
66
37
37
54
48
50
37
40
33
60
48
66
32
34
48
22
50
32
23
55
31
47
42
52
53
58
30
42
26
21
28
48
35
42
49
41
36
39
25
29
25
31
47
56
35
25
46
35
56
30
61
52
37
55
28
43
44
46
43
51
30
48
24
55
34
58
29
47
41
27
39
40
40
47
56
25
59
70
52
46
50
52
39
49
63
50
52
29
41
49
52
60
24
55
48
25
53
51
62
42
33
37
70
33
42
49
32
51
47
39
55
60
68
47
53
49
50
57
47
40
46
51
53
22
33
49
50
17
55
55
53
30
26
42
64
52
38
49
59
48
57
28
57
49
23
51
61
43
47
30
30
51
44
39
50
35
52
51
50
33
52
49
53
31
20
37
31
36
47
63
45
42
55
21
39
43
20
44
20
37
27
33
22
53
37
47
41
51
38
48
32
35
42
36
35
27
45
47
42
48
38
51
28
33
54
50
54
52
42
63
62
57
38
55
31
47
52
55
37
44
40
32
43
29
33
32
35
56
44
56
39
52
45
34
27
25
36
31
27
30
25
34
34
24
39
30
44
38
29
41
38
42
20
