41
23
46
72
33
54
53
37
62
35
44
40
38
45
52
52
66
36
32
32
40
39
41
36
49
53
64
47
52
17
32
51
57
27
51
42
32
39
38
28
38
48
55
53
29
55
40
28
33
53
30
36
58
30
35
38
48
52
50
65
44
23
41
45
47
57
39
31
35
57
43
54
27
44
23
34
56
54
42
47
50
43
50
56
40
55
38
25
44
35
47
34
54
50
54
29
29
48
45
37
52
56
54
25
58
27
51
29
45
39
35
54
35
30
45
49
47
25
49
51
35
50
33
38
5
53
44
53
23
61
43
54
64
32
36
43
52
49
44
49
56
43
21
24
47
30
49
31
49
29
33
42
35
32
39
38
60
48
37
51
48
50
50
23
52
50
25
49
18
49
61
72
49
56
23
16
51
40
20
47
44
56
51
47
52
46
33
55
43
28
46
51
39
31
42
53
57
34
40
29
51
38
27
39
43
55
28
57
33
47
60
41
49
44
54
46
36
31
47
64
51
32
37
49
30
36
42
54
50
35
33
67
38
52
33
65
70
50
34
29
39
37
38
51
59
27
57
51
47
46
33
54
55
50
36
31
25
37
60
52
38
29
39
51
54
49
47
30
30
49
39
50
49
56
44
34
34
27
38
28
38
41
57
29
43
55
42
62
42
60
30
64
54
20
33
52
31
45
49
53
44
19
52
46
52
49
51
58
22
43
54
59
35
53
28
19
41
33
50
34
52
59
27
35
34
33
43
49
31
46
55
41
38
33
35
57
61
48
50
35
35
46
33
38
52
29
53
14
62
46
37
65
42
45
51
46
49
53
35
35
50
52
46
31
47
30
50
43
50
28
39
31
52
48
36
28
30
31
52
35
33
27
57
11
31
31
53
32
65
55
45
47
54
32
48
53
58
56
25
43
35
51
50
44
51
21
32
26
45
39
52
64
25
53
32
47
45
27
29
21
26
35
23
48
45
44
43
46
15
27
23
30
51
21
40
39
31
35
45
38
46
33
30
34
30
58
37
40
52
47
34
59
27
21
35
38
25
27
12
52
37
36
55
49
29
9
45
23
36
31
54
43
18
35
39
53
43
34
29
47
40
50
57
55
58
41
37
46
53
45
67
49
52
44
56
41
53
41
23
40
