48
37
33
43
68
59
48
44
28
49
31
51
53
43
48
52
50
49
59
38
28
39
29
47
18
52
21
38
55
30
45
44
22
27
27
59
58
18
61
50
48
51
31
53
39
46
58
60
39
48
53
54
38
51
48
47
33
26
26
52
73
45
38
59
38
49
42
49
30
26
40
48
42
23
56
60
38
54
52
31
45
37
52
59
51
27
50
30
56
63
39
25
42
24
47
32
50
47
46
50
30
62
44
41
34
47
37
23
40
34
17
57
52
25
58
44
20
48
32
22
49
46
56
28
32
47
45
53
50
33
45
28
40
35
30
46
60
62
47
53
52
56
52
27
32
25
36
48
48
60
48
59
48
51
50
34
49
48
41
54
57
48
57
35
29
26
30
63
46
36
32
46
27
41
23
34
28
59
57
50
49
55
21
28
28
45
33
37
45
57
39
54
59
24
42
35
47
41
54
41
47
39
37
45
33
33
58
29
48
49
57
50
30
52
26
30
28
59
38
18
35
52
36
55
48
53
48
59
45
49
31
39
31
35
33
49
25
18
56
44
41
47
56
52
55
56
56
59
67
36
45
34
59
34
33
46
38
46
45
61
38
45
30
41
45
44
34
51
47
23
33
39
33
17
56
63
50
38
53
34
46
32
22
28
61
36
48
33
40
35
50
55
54
25
31
60
46
55
53
44
50
52
29
40
49
23
51
46
58
30
53
30
36
41
30
38
42
39
37
48
4
50
25
36
34
40
61
63
39
30
42
41
33
33
56
46
47
41
43
51
55
39
16
58
41
31
53
16
65
65
41
17
49
30
29
34
44
52
47
51
58
39
53
67
34
48
46
32
51
43
60
52
55
44
11
33
54
44
45
36
21
52
28
27
45
32
31
32
31
52
32
31
52
50
50
48
53
44
43
53
33
26
35
30
39
30
34
33
36
32
39
43
53
35
35
38
47
50
43
36
53
37
47
52
47
43
51
29
40
43
43
34
36
56
17
38
24
63
58
50
36
26
67
19
43
39
47
53
48
50
51
45
64
31
29
45
52
26
52
32
34
49
58
42
58
57
51
39
50
56
28
46
45
53
69
49
47
40
47
28
38
31
47
37
27
53
24
42
48
34
43
38
57
26
34
49
44
41
47
49
