50
30
40
39
35
25
42
64
39
55
23
54
57
39
34
46
27
41
58
29
40
32
69
27
34
29
44
25
49
58
57
27
44
31
49
44
28
47
14
23
51
62
34
50
31
51
41
58
37
22
36
38
11
33
45
42
63
50
41
36
40
55
30
9
39
50
63
54
47
34
53
41
29
56
39
50
24
48
55
40
38
52
49
40
29
42
55
40
28
51
60
55
28
31
35
45
22
41
46
50
37
26
33
50
55
28
20
44
29
36
44
26
35
36
49
33
38
34
57
52
36
58
21
36
61
30
33
58
40
58
52
37
45
27
35
38
38
68
36
48
55
46
60
42
24
24
60
50
14
48
50
7
55
32
55
27
43
60
44
64
44
28
63
39
41
60
49
60
35
21
41
55
31
53
38
65
37
39
59
55
44
60
57
45
33
28
39
32
49
59
57
48
62
30
55
53
33
54
47
39
64
47
51
31
47
33
34
48
32
27
49
38
60
24
43
36
33
56
36
56
31
33
39
48
40
34
49
39
46
32
37
33
30
43
52
60
57
34
27
33
36
52
27
54
27
32
44
41
42
48
44
57
46
29
54
45
49
28
40
45
63
45
33
43
33
51
50
28
25
54
69
58
29
36
60
39
28
40
32
29
37
24
59
54
50
32
38
37
57
48
49
32
78
54
50
51
51
35
57
25
47
52
50
51
31
37
25
53
50
45
25
53
32
47
29
38
48
62
47
24
35
50
48
48
22
58
53
26
49
45
48
27
33
29
38
36
52
52
40
65
39
53
35
32
36
50
53
29
33
54
44
45
44
51
34
51
42
60
24
39
29
57
36
28
58
50
48
59
43
43
35
22
31
35
60
48
45
59
31
51
37
41
44
36
62
59
47
48
50
25
38
48
37
52
34
49
28
52
47
23
37
43
18
62
44
53
53
36
52
54
44
49
39
38
45
47
56
47
45
49
51
54
27
50
48
44
46
39
45
48
52
25
47
48
29
35
30
34
58
26
48
63
38
54
32
40
63
41
23
54
34
55
37
55
47
57
31
54
51
54
58
24
33
56
52
60
42
64
45
48
56
23
57
60
50
31
50
51
31
20
37
56
45
26
50
36
29
25
49
52
51
35
28
53
35
53
53
52
27
35
