44
36
55
33
43
33
59
37
23
55
30
33
47
37
38
32
24
49
45
22
63
58
52
57
54
34
31
54
56
37
45
26
33
45
38
44
29
40
55
40
39
46
41
59
38
49
47
36
15
45
55
53
35
52
41
56
29
49
47
43
44
34
50
48
51
25
52
52
35
76
56
32
34
49
30
51
39
35
39
44
43
47
40
51
45
34
43
57
52
59
48
59
45
39
56
32
56
51
33
50
42
47
48
46
33
21
51
50
44
53
57
31
55
47
47
34
29
30
37
53
60
50
34
39
44
48
47
46
55
32
54
30
63
43
56
39
50
58
47
44
48
39
49
46
32
36
63
42
47
46
41
26
49
24
34
60
55
55
30
34
53
47
31
31
49
62
48
35
41
34
51
34
14
51
30
21
30
43
53
41
61
26
51
20
25
39
52
35
70
58
46
36
40
45
49
57
49
55
51
44
52
41
36
50
36
30
42
35
40
50
32
64
52
39
61
29
58
48
33
46
35
12
64
28
51
31
46
47
66
28
41
32
26
48
54
33
31
47
29
41
53
45
52
22
38
37
54
53
38
30
29
47
61
36
31
43
35
56
24
51
51
37
47
55
37
53
45
38
59
54
38
36
40
27
49
54
35
34
41
59
48
32
43
48
11
54
56
60
69
30
54
25
42
44
36
49
40
28
35
43
51
32
22
33
54
46
15
54
37
32
40
50
48
45
50
48
39
38
31
34
38
51
26
50
39
26
40
35
36
32
35
53
51
49
37
43
28
27
14
54
72
57
52
42
29
33
43
22
51
36
37
45
34
49
28
31
42
49
39
64
36
55
29
50
35
39
42
47
36
47
34
35
61
46
23
42
45
53
51
24
56
51
64
28
29
58
32
47
59
47
51
41
54
65
47
54
28
21
31
47
41
40
36
55
54
53
50
54
45
69
56
42
46
37
50
26
47
36
60
30
30
37
45
37
52
61
42
60
27
32
35
45
35
46
35
58
35
21
29
41
44
51
57
32
46
48
40
31
67
33
43
48
32
42
45
42
40
36
30
56
53
48
35
17
44
35
49
39
45
32
43
34
33
31
22
54
13
41
37
43
39
20
61
46
36
72
45
40
50
28
51
35
62
39
55
46
48
57
37
50
