55
36
26
51
35
35
38
49
52
56
49
33
32
54
34
33
45
57
57
47
41
44
48
48
40
47
27
57
54
44
40
60
63
57
48
46
36
20
47
47
62
55
52
40
57
38
42
38
32
32
35
25
53
57
52
56
39
50
59
37
58
32
51
49
31
35
39
26
57
35
56
50
33
33
30
28
30
49
32
42
52
35
30
31
43
30
33
40
50
29
25
62
43
30
30
17
52
31
46
36
29
31
48
38
38
37
51
49
32
31
57
45
32
51
51
52
27
25
43
46
52
54
59
42
31
52
35
52
26
21
35
36
29
55
50
41
46
49
37
31
39
33
52
36
32
31
32
61
57
30
28
62
38
17
43
49
65
46
6
28
34
69
28
41
60
37
38
43
30
44
44
45
59
43
28
29
41
29
31
42
59
41
46
51
24
49
27
75
51
35
47
59
53
36
72
53
58
37
60
47
56
23
42
27
49
42
48
26
53
41
36
31
48
36
50
52
46
29
28
49
50
41
58
53
26
25
30
6
45
57
42
43
50
36
31
48
26
47
38
40
39
46
50
44
47
49
50
51
18
38
14
38
47
34
51
57
57
38
58
29
53
36
7
31
49
37
36
23
53
38
46
60
59
50
22
44
63
33
47
31
59
65
51
38
44
31
41
34
35
29
28
28
43
31
40
30
53
35
40
40
45
23
28
48
35
61
51
34
61
52
29
54
58
44
33
29
29
28
53
33
64
48
44
45
47
31
35
31
50
35
25
50
58
31
36
58
28
51
42
36
38
47
42
40
48
32
30
31
42
36
53
45
51
51
45
29
57
61
48
41
49
12
49
23
57
45
48
57
43
28
34
67
49
36
47
46
47
40
34
35
26
36
9
53
35
31
27
48
34
56
71
32
49
56
46
49
25
49
41
29
52
45
49
36
42
40
29
32
42
54
35
47
39
39
49
55
45
45
34
38
60
35
59
45
41
33
50
32
47
35
47
33
52
63
35
32
52
15
42
38
57
52
45
37
50
36
55
30
43
46
55
33
49
26
26
16
54
54
49
40
42
55
48
37
53
51
46
49
57
57
52
52
45
50
50
47
54
57
43
52
49
62
40
65
53
49
57
63
37
39
56
50
40
54
39
58
44
58
46
59
