52
50
70
58
42
52
45
48
38
35
33
34
27
36
35
47
46
53
29
51
61
33
54
34
54
46
69
57
46
38
42
41
53
37
54
52
30
30
52
43
29
40
42
49
59
58
58
37
29
50
57
29
40
46
23
27
47
51
55
42
52
39
34
31
46
41
43
31
51
50
33
27
41
27
6
59
46
26
53
49
39
53
53
39
52
49
48
27
53
54
33
51
44
48
33
51
45
32
30
39
49
48
49
39
49
50
54
49
43
38
31
42
57
47
50
34
36
45
19
43
46
47
31
40
55
56
30
32
31
49
45
46
56
60
41
58
17
26
62
36
36
51
52
60
51
34
29
50
29
62
33
48
41
54
32
52
25
43
72
35
49
31
27
21
31
32
41
53
33
67
50
52
52
30
28
50
39
49
39
62
52
52
36
14
55
36
29
49
43
48
52
12
47
37
41
26
22
32
52
49
28
47
39
26
34
60
27
36
29
32
40
55
45
31
47
36
36
50
56
55
50
32
56
40
40
58
47
23
47
56
46
51
48
54
63
52
36
54
55
46
49
44
56
42
37
17
36
52
37
59
31
37
56
38
46
54
54
36
30
36
52
62
28
58
69
54
53
31
52
20
27
34
45
25
58
42
60
32
38
49
35
45
35
58
44
62
34
56
52
30
46
19
24
37
62
32
32
45
52
33
29
37
70
38
41
36
57
41
27
27
51
28
52
45
33
44
33
60
31
29
54
35
61
34
36
41
27
52
57
53
39
50
44
38
45
47
19
42
35
49
35
34
24
54
59
53
50
35
39
24
41
47
37
51
32
36
61
37
54
31
37
50
28
29
20
43
39
54
45
39
48
49
8
51
42
28
50
51
51
30
33
59
47
29
43
40
37
49
41
34
39
24
51
52
35
63
55
46
29
44
39
53
48
44
46
33
43
19
31
44
43
24
47
28
51
59
49
36
44
57
45
50
35
35
29
29
34
56
46
31
26
49
48
37
57
50
54
27
57
54
29
54
27
39
53
47
46
24
21
46
50
47
57
42
48
30
60
50
62
41
36
30
52
34
56
40
58
49
51
50
52
57
48
47
54
47
49
53
54
47
47
52
56
51
48
55
48
59
41
62
40
59
40
45
51
55
56
52
39
47
