33
47
49
33
56
56
31
37
51
44
5
49
41
40
25
37
39
48
24
40
51
35
49
29
37
43
36
31
36
36
38
41
57
57
50
36
39
23
37
52
56
38
26
52
34
30
36
41
49
52
34
46
24
56
47
54
49
29
23
38
47
49
59
36
47
42
34
36
51
52
43
67
36
65
50
42
37
48
45
44
38
53
54
58
42
42
52
53
59
36
63
28
53
51
27
35
51
40
32
51
32
40
35
17
39
41
46
44
33
29
32
33
33
44
48
41
44
58
15
27
34
59
28
25
42
30
24
46
34
23
52
46
30
56
23
34
53
49
34
40
56
49
53
40
47
43
30
53
48
32
60
51
36
34
61
30
60
28
51
49
17
53
41
11
27
24
33
49
39
28
35
54
57
35
49
21
37
54
31
17
39
56
42
45
33
55
53
50
31
31
27
35
52
30
60
53
39
35
53
6
47
28
37
50
39
33
29
41
40
25
20
40
24
60
52
48
43
43
39
32
45
55
56
37
30
53
30
32
33
28
41
44
31
55
43
40
44
56
37
51
47
51
53
30
56
53
19
47
50
47
26
45
53
71
38
34
45
38
56
43
39
42
45
50
55
49
50
52
30
37
24
34
52
33
49
32
35
46
42
53
40
28
43
52
62
51
19
31
49
44
29
53
19
52
30
49
49
45
35
30
30
14
37
44
27
48
35
37
29
31
38
48
48
29
37
22
50
49
53
19
60
53
54
50
64
50
56
49
23
44
42
27
64
60
28
53
65
35
50
32
46
56
43
30
38
62
59
45
25
26
52
43
31
45
9
46
36
55
54
30
30
28
56
15
41
54
29
41
29
53
62
43
52
35
49
55
27
18
48
59
14
46
49
35
47
43
37
29
55
62
31
47
50
51
29
25
44
52
31
50
30
23
25
52
50
52
40
50
33
52
38
44
46
23
53
44
34
43
45
51
46
51
71
51
51
55
65
31
41
48
48
33
24
33
49
60
45
40
30
35
22
37
49
51
42
31
29
56
55
48
50
39
63
30
39
50
34
56
36
53
39
45
53
35
49
48
57
43
27
50
54
48
49
51
57
55
50
48
50
76
38
53
44
50
57
55
47
40
61
44
56
62
53
55
52
56
45
58
54
37
