55
38
49
59
24
47
50
50
50
30
78
56
75
50
47
31
37
44
32
31
50
57
67
35
37
11
59
50
37
42
43
21
38
62
46
42
56
32
28
48
64
30
59
37
46
43
60
40
53
44
50
53
57
60
36
34
54
45
37
29
47
30
31
34
53
45
65
66
52
40
54
51
48
50
51
53
35
51
34
30
37
33
45
46
47
50
53
27
52
52
36
56
31
44
39
48
41
64
59
50
44
65
32
70
38
55
31
53
30
51
44
34
31
53
45
43
20
54
51
40
38
57
33
37
34
60
50
48
27
31
54
41
58
49
63
52
49
33
41
32
34
53
34
41
22
57
47
39
51
35
35
52
48
31
49
33
57
57
25
52
47
38
50
49
56
53
57
35
34
51
34
51
40
46
49
43
64
53
34
51
44
32
40
30
43
54
29
23
30
34
49
36
35
36
50
55
62
21
42
58
40
51
38
74
35
33
42
34
51
57
55
52
57
58
54
51
48
52
58
52
41
55
61
37
68
50
53
36
40
45
34
47
43
53
53
29
47
49
54
43
46
30
56
29
34
31
34
52
34
32
51
25
27
55
50
51
31
20
35
30
47
48
27
36
46
29
34
37
32
49
44
50
37
32
36
42
52
31
56
33
56
38
29
36
62
35
37
37
41
58
51
36
37
16
33
44
28
34
32
74
49
56
73
56
21
24
46
35
42
36
53
56
48
47
49
56
64
70
54
45
29
55
57
29
30
23
19
39
61
60
51
37
33
53
47
49
35
30
53
30
55
50
45
29
55
19
49
56
54
31
52
44
54
33
32
50
41
38
50
55
40
31
31
40
25
36
36
38
46
29
44
60
17
48
31
28
36
47
12
31
29
55
46
48
58
47
50
53
61
49
28
55
32
46
34
44
54
43
49
31
44
51
34
32
16
45
56
39
32
34
46
32
49
43
32
24
53
41
49
49
33
57
33
57
55
28
53
40
27
32
49
42
37
27
33
43
46
56
34
40
55
49
52
40
30
61
50
56
52
63
52
38
50
47
56
38
59
40
37
21
31
53
35
46
40
29
43
63
53
58
49
35
56
32
50
56
56
33
29
43
60
49
26
32
32
51
59
38
55
60
32
51
29
39
35
33
39
37
31
35
