40
36
26
37
38
31
58
37
64
38
55
35
29
50
54
32
47
44
34
57
25
38
43
41
29
65
55
53
57
33
38
48
56
17
55
67
48
50
33
30
49
42
30
28
23
37
45
57
72
63
39
33
64
54
65
34
42
27
28
34
47
29
52
48
40
43
69
43
27
50
60
31
33
41
52
54
35
63
37
52
24
33
33
37
34
44
31
24
26
50
46
51
77
75
34
45
40
32
43
41
59
28
35
30
32
63
43
54
31
38
30
52
39
49
53
33
63
30
47
37
54
51
49
48
59
57
37
46
58
14
27
46
31
52
67
39
42
31
31
38
48
27
54
51
50
49
56
37
37
28
50
56
47
34
19
36
55
34
44
54
28
35
24
39
39
47
33
55
57
53
49
34
28
52
59
45
28
57
29
33
56
57
60
51
31
28
49
37
32
35
45
41
22
49
48
30
55
43
55
33
41
49
50
39
51
54
46
35
57
54
40
47
47
63
36
37
45
53
53
53
56
19
50
54
51
18
45
53
32
36
42
56
37
46
21
46
49
39
31
62
37
56
28
81
41
56
43
17
55
33
30
18
39
31
48
45
25
51
44
40
33
44
65
24
52
41
31
53
51
47
33
35
43
49
24
29
34
33
26
35
52
43
64
62
43
58
47
19
31
28
50
51
42
67
39
35
57
52
36
51
25
35
61
36
49
36
32
23
43
52
46
46
36
42
40
36
34
56
52
40
37
32
43
60
57
28
37
52
35
47
60
52
30
32
38
48
55
32
54
31
54
47
25
49
36
48
44
51
55
52
37
33
55
56
53
47
31
30
41
43
47
23
21
45
28
21
60
54
26
47
53
31
50
64
48
18
45
32
25
51
47
37
27
56
37
20
48
45
31
34
63
30
62
53
26
24
43
54
28
33
55
19
53
34
32
26
54
46
39
66
42
20
37
50
33
39
37
52
54
44
19
58
44
30
54
39
24
24
46
45
44
54
49
56
48
50
25
43
48
36
50
62
36
54
41
59
50
51
60
35
49
31
55
58
54
18
26
19
42
31
70
33
52
42
54
55
52
56
40
56
42
32
37
48
42
19
22
46
42
32
53
30
57
63
33
35
24
31
55
62
44
56
56
54
51
43
39
57
57
48
