39
61
54
15
44
44
61
68
53
49
39
34
36
24
29
32
44
77
60
43
31
46
46
44
24
42
33
52
60
56
34
43
36
55
38
32
39
19
44
35
39
35
60
30
53
35
32
52
36
44
57
48
54
39
24
48
34
12
48
55
37
36
49
49
46
18
25
32
39
59
49
61
46
31
65
25
39
52
44
46
38
57
51
52
39
49
36
52
33
61
24
34
67
49
47
53
30
23
39
60
51
41
39
27
26
31
50
36
63
32
50
51
52
32
34
38
32
24
51
55
27
47
28
33
56
43
44
55
66
47
25
57
44
32
60
24
42
48
48
39
29
62
41
51
52
49
21
53
34
24
38
34
43
30
52
39
32
45
45
52
22
37
47
28
46
34
63
30
31
49
31
35
32
31
42
45
33
55
64
33
46
49
35
39
45
53
40
39
34
33
49
55
47
43
50
43
44
54
33
48
29
53
47
26
50
52
41
42
48
43
45
21
58
56
46
48
56
61
30
44
37
62
65
54
48
43
42
49
55
36
36
35
45
42
49
51
28
53
45
31
51
27
31
35
14
47
36
30
51
39
44
30
44
32
37
51
59
14
53
36
15
32
45
40
39
54
46
34
42
31
39
33
39
32
29
52
37
30
50
44
20
31
27
57
57
53
65
41
43
44
44
49
51
51
60
36
61
47
53
53
48
32
36
32
33
70
49
57
42
59
39
53
70
44
43
55
47
47
56
32
53
32
59
57
48
35
33
51
36
32
50
50
56
51
22
37
47
43
61
35
30
49
48
31
37
55
58
52
52
50
34
55
60
48
46
36
34
41
42
54
46
27
29
65
39
42
45
51
35
45
54
30
33
44
60
52
36
16
60
31
59
34
36
53
43
55
51
44
60
43
22
52
56
43
49
55
30
43
49
46
58
56
55
15
32
62
55
57
14
35
45
24
37
60
36
66
55
51
38
60
55
67
44
53
60
21
28
50
44
42
33
48
47
47
35
33
48
27
32
39
34
45
52
54
46
63
27
51
41
45
49
55
51
53
37
47
31
27
52
52
53
59
47
56
42
47
47
33
46
33
31
45
41
56
33
22
41
34
41
24
11
25
33
33
55
34
40
18
36
25
38
33
54
26
40
34
35
26
37
31
