56
55
39
17
59
49
49
44
42
48
29
47
49
18
39
26
53
52
44
46
28
59
33
40
46
34
35
52
33
37
49
61
44
59
50
41
41
60
13
32
40
22
41
43
52
40
33
54
56
52
53
38
39
30
34
42
42
40
43
29
49
49
28
47
55
48
39
31
34
43
57
43
34
48
21
23
64
49
31
28
38
38
49
35
56
55
51
46
52
57
47
42
31
48
44
33
53
42
32
45
62
26
52
32
48
53
47
46
42
33
37
46
63
21
40
44
46
52
50
52
55
45
57
30
28
40
33
39
40
52
31
33
41
35
49
53
37
24
20
24
45
31
34
50
56
50
32
25
36
78
54
43
55
27
41
63
36
43
54
36
61
46
43
52
63
37
45
11
42
35
49
50
38
51
40
34
38
43
47
50
50
40
57
53
26
48
53
45
40
51
53
29
30
37
57
54
46
45
50
23
53
59
49
45
25
35
35
43
31
42
36
44
32
34
33
52
54
50
41
55
41
49
40
40
50
59
52
46
38
49
27
11
32
46
43
60
48
38
57
77
32
59
34
32
46
72
39
39
31
29
51
57
54
45
37
60
28
61
29
38
39
56
55
63
54
30
32
53
49
41
60
41
27
47
43
16
40
64
47
43
44
36
43
57
45
30
54
67
48
53
66
49
20
46
46
54
42
27
58
37
51
50
52
34
30
54
60
46
37
23
63
49
33
32
35
50
58
27
47
24
35
41
47
31
63
31
57
37
39
26
42
42
51
53
38
34
43
77
34
66
69
46
49
45
45
48
52
41
58
52
46
49
61
24
75
49
63
28
44
53
52
41
51
56
50
32
19
53
47
34
63
36
59
50
35
35
50
58
54
42
46
29
43
48
71
53
57
37
31
45
43
51
63
56
38
51
61
58
37
27
42
54
56
42
38
63
54
28
55
36
43
26
44
50
42
32
45
56
44
33
30
46
26
52
45
37
59
33
47
50
52
32
45
31
60
30
40
44
50
39
24
46
27
45
20
48
34
54
42
42
45
22
37
50
46
30
44
30
56
29
54
38
31
53
34
52
39
27
30
32
21
22
25
33
36
45
24
39
30
25
34
28
27
31
27
32
26
27
33
38
39
18
43
31
33
49
37
34
33
29
