46
52
44
47
34
63
48
57
59
51
36
40
34
32
63
51
58
50
41
53
52
80
47
53
68
52
56
51
52
57
50
61
53
47
44
52
48
56
46
59
45
53
56
53
52
54
40
58
56
53
42
51
54
65
50
37
48
51
47
55
55
48
57
53
52
52
45
42
45
42
52
50
50
42
51
50
38
51
60
46
57
44
59
42
58
67
42
59
52
46
54
50
50
63
58
48
35
56
56
54
41
59
60
56
46
53
63
50
53
35
48
46
42
45
49
51
48
46
49
40
63
51
59
48
50
53
52
49
53
47
47
46
54
38
49
44
54
48
44
53
53
54
49
41
47
51
52
55
50
55
60
40
63
51
59
54
58
55
57
39
35
48
44
59
46
58
47
54
48
51
52
42
45
37
39
54
52
45
44
43
58
54
47
64
59
51
53
60
48
44
42
43
47
41
47
43
49
43
47
50
58
45
50
47
45
64
58
53
49
46
51
60
47
50
58
52
55
54
48
47
52
46
49
42
46
42
52
53
59
61
29
43
29
42
38
42
49
44
34
42
57
42
59
56
44
61
54
58
54
52
30
28
32
36
35
33
27
19
34
33
18
23
34
40
29
23
36
25
38
30
41
32
35
32
30
31
51
29
36
40
31
35
36
31
39
25
35
41
39
36
22
27
44
25
33
28
44
30
49
31
25
25
39
35
31
24
29
36
34
39
35
38
44
48
30
33
36
23
37
33
23
42
40
30
24
23
56
30
31
33
41
34
24
35
53
31
41
17
29
40
21
44
31
22
34
31
27
17
20
24
32
46
46
15
31
22
31
43
31
34
14
28
24
37
36
28
35
46
33
22
39
31
31
34
25
38
38
33
40
17
31
28
35
42
26
30
35
28
40
27
32
37
53
39
32
34
29
36
36
32
28
40
30
31
33
30
30
39
34
14
41
41
39
31
43
42
42
28
21
33
16
35
49
29
29
26
24
32
40
35
35
50
39
33
41
40
16
30
45
31
34
35
34
34
29
19
18
45
36
31
29
32
28
18
31
34
27
26
34
47
29
36
34
30
27
13
31
45
28
31
41
41
25
33
20
22
37
54
23
22
31
38
45
24
31
34
36
26
39
31
36
35
36
36
30
27
12
22
35
25
