30
44
25
36
35
37
16
38
51
48
23
38
34
30
23
26
39
31
26
26
39
21
17
35
39
26
42
42
31
38
28
30
28
42
39
22
29
22
13
27
22
27
39
36
41
35
31
32
34
30
24
36
40
29
28
31
31
41
32
55
34
17
29
39
53
22
31
38
25
38
32
31
36
45
39
34
34
40
29
34
31
32
48
27
38
35
32
28
38
39
35
38
30
46
35
29
33
33
27
35
33
47
14
33
26
29
39
38
31
36
52
30
29
40
30
34
20
33
35
30
42
32
36
32
31
39
31
42
34
21
34
17
41
25
38
30
29
39
23
31
37
40
30
30
16
27
28
25
33
9
27
38
32
33
20
27
30
32
45
33
34
21
32
33
32
27
28
47
34
33
43
27
31
30
31
19
31
26
17
34
47
37
46
30
26
35
8
43
32
31
11
37
33
31
36
27
38
34
29
56
34
25
40
31
25
38
30
32
15
31
28
27
33
37
34
37
41
30
33
30
30
47
30
46
36
39
33
36
30
21
30
29
34
38
15
35
39
25
38
25
30
34
32
38
40
14
42
29
40
26
43
36
29
32
29
27
23
19
33
33
30
29
36
16
28
38
30
32
33
34
31
27
33
34
45
28
35
21
28
38
29
28
34
32
37
31
42
36
26
29
36
33
37
34
35
31
38
27
34
53
30
15
32
36
34
13
30
38
32
27
19
33
26
37
40
32
31
36
29
45
37
31
40
37
31
42
21
39
26
56
39
19
31
39
25
30
37
30
26
37
30
30
36
25
14
34
42
30
33
26
39
53
34
30
29
31
39
37
41
55
33
38
23
31
29
30
20
24
40
51
37
35
38
22
36
27
32
19
40
26
33
19
37
29
40
32
29
38
40
30
37
13
26
33
28
43
53
35
30
38
30
30
28
39
33
41
35
35
30
19
23
25
51
27
41
29
37
40
46
35
35
30
34
41
30
32
29
35
49
36
36
31
40
43
34
24
42
32
39
28
32
29
41
25
33
41
31
32
22
26
27
33
30
29
32
23
24
38
37
43
30
32
31
32
35
33
42
35
51
47
29
43
18
31
50
38
26
30
43
39
33
44
4
30
34
31
32
35
38
38
40
31
40
26
28
28
28
44
33
33
