50
41
51
45
45
46
47
47
37
58
46
50
69
55
49
47
51
57
46
48
48
55
48
47
33
49
49
63
48
47
37
52
53
44
55
55
48
62
47
39
52
50
45
53
38
48
53
48
53
48
58
45
51
61
46
55
52
53
49
59
37
46
52
59
58
57
42
51
47
75
75
56
47
66
62
43
49
55
45
49
45
37
54
30
55
56
26
80
46
50
44
41
56
59
54
40
53
51
41
53
54
47
55
64
30
51
61
58
44
30
63
66
54
57
69
54
59
45
54
44
53
43
50
55
38
40
49
46
27
60
49
49
49
46
31
45
33
51
47
54
42
50
60
57
64
58
48
47
51
49
46
44
47
58
43
51
67
57
64
47
53
54
57
34
53
47
64
60
72
50
52
40
57
47
49
50
48
44
42
57
53
63
59
57
56
62
35
51
41
51
50
56
48
42
57
55
51
48
56
52
54
54
50
54
56
30
58
38
59
61
53
48
50
54
37
53
51
57
47
48
54
48
50
50
55
46
46
47
56
46
53
51
46
47
41
61
55
46
34
48
57
69
48
39
73
52
66
27
49
57
19
27
50
23
32
40
35
32
20
33
30
33
39
38
37
23
39
31
32
34
35
22
42
28
31
27
26
38
39
38
31
14
21
35
18
29
30
29
39
22
33
27
30
31
32
36
32
32
33
35
26
36
35
31
34
31
21
40
30
32
38
28
36
33
30
44
30
25
28
33
35
37
38
29
37
34
47
36
28
42
43
41
22
34
36
31
30
31
29
35
32
33
31
33
44
38
28
45
41
38
31
29
47
38
36
36
31
31
24
32
32
47
34
41
28
25
38
26
28
33
38
30
38
32
12
32
29
31
32
45
38
20
31
34
42
38
23
42
27
38
28
35
33
31
29
36
32
39
43
29
41
27
42
32
31
37
29
18
34
39
22
40
31
35
23
19
38
39
45
27
41
38
35
30
40
34
30
33
38
33
32
31
26
34
32
41
37
24
35
32
31
27
28
40
26
29
27
36
35
33
33
20
29
49
21
41
44
26
41
33
32
37
35
43
35
26
24
32
31
31
17
39
34
42
35
35
32
24
32
38
54
24
31
27
31
31
29
36
27
26
41
48
26
35
27
30
39
39
34
29
