37
51
24
36
34
15
41
31
29
44
41
41
28
9
24
38
42
36
21
31
32
36
42
30
35
27
35
37
34
36
36
25
36
26
34
38
38
41
39
35
42
29
18
30
40
27
42
29
22
36
28
31
37
41
34
30
37
38
25
27
21
31
47
32
35
32
30
37
35
24
30
29
27
47
35
34
34
26
38
16
29
48
32
46
28
37
40
31
34
34
32
34
18
41
35
27
28
29
27
30
35
38
42
34
57
35
39
37
31
36
21
30
32
36
30
30
41
25
40
31
34
32
38
39
38
24
36
37
21
48
37
28
12
38
36
36
21
25
36
40
36
34
33
43
24
34
39
41
17
30
32
27
31
27
33
34
33
44
46
28
36
33
42
37
33
34
35
37
43
38
8
30
35
28
32
41
24
37
48
45
29
43
25
28
22
39
28
22
35
42
33
34
36
27
37
30
44
24
39
24
33
14
40
33
32
45
38
32
26
15
32
35
53
35
21
28
39
32
31
32
31
15
32
39
23
33
34
6
41
34
37
35
27
32
30
37
35
40
33
41
39
43
24
38
30
38
14
35
18
29
35
44
37
57
52
48
50
57
36
75
48
46
50
22
64
52
63
52
60
49
52
46
23
47
51
58
47
45
62
48
56
52
47
41
50
27
52
62
43
50
51
41
68
57
28
50
50
52
59
40
55
54
55
32
58
54
44
68
58
49
48
58
59
50
50
39
49
51
62
53
57
63
50
63
51
56
49
58
59
47
57
59
43
64
48
51
49
58
66
46
39
58
46
38
46
45
53
45
50
56
67
52
49
61
53
48
40
50
56
57
44
52
52
51
49
43
26
52
53
64
52
58
50
48
53
45
63
55
58
46
45
42
50
47
58
59
53
51
47
35
43
37
47
47
58
58
43
55
40
50
47
55
50
50
56
53
46
56
48
40
48
57
49
50
54
52
55
29
50
48
38
51
55
40
51
43
50
51
45
59
62
65
56
50
55
50
54
52
44
43
47
42
26
52
58
58
64
55
39
59
50
50
47
50
46
45
57
50
45
52
52
45
45
47
49
47
48
53
58
49
51
58
51
48
55
53
51
52
52
42
62
49
51
43
39
50
43
48
47
46
41
45
39
44
51
49
52
56
59
50
