34
33
23
20
51
31
33
41
41
34
24
45
30
30
31
48
38
28
33
43
35
32
33
49
22
37
46
36
39
35
32
17
49
33
49
35
38
35
44
21
34
29
31
35
40
28
19
27
33
29
29
22
38
25
35
35
34
26
38
22
37
36
31
33
36
31
23
40
13
39
23
37
25
29
44
51
21
33
33
12
30
40
34
46
38
55
40
40
33
36
41
46
47
39
32
36
33
37
32
26
49
38
30
29
29
36
26
35
44
11
50
30
29
26
39
30
28
29
39
30
30
41
30
8
35
27
54
17
33
27
27
31
36
42
30
27
31
37
22
35
34
32
33
42
35
30
22
28
33
45
36
18
20
13
40
28
30
34
45
29
30
40
40
31
28
39
38
32
34
36
31
37
39
32
31
49
25
25
30
34
39
28
46
27
6
53
20
29
46
32
28
31
37
22
35
17
30
31
33
41
29
31
29
35
19
29
36
27
34
38
30
30
51
31
30
21
32
40
5
37
37
33
40
44
22
41
30
33
42
31
45
28
32
44
39
33
37
30
63
35
28
39
44
41
39
38
16
35
16
37
53
49
42
46
55
40
48
49
44
44
56
45
59
51
45
53
47
39
54
56
42
53
64
49
53
46
63
46
78
45
37
47
33
62
58
58
60
45
42
51
43
43
67
49
45
41
55
50
47
41
37
39
40
38
52
50
52
54
49
58
47
52
63
56
49
68
43
44
56
54
43
58
34
54
54
29
52
38
60
61
50
60
51
50
55
47
44
45
67
56
54
52
60
51
43
45
48
48
49
42
44
49
48
48
52
55
46
53
45
46
52
37
52
32
47
50
43
53
62
49
54
54
46
59
22
57
53
57
51
51
46
65
54
49
44
43
44
54
59
56
59
52
48
63
48
55
51
47
48
54
46
44
58
51
33
47
45
50
55
53
42
32
40
48
60
53
53
56
57
47
56
34
41
44
49
48
44
44
51
49
51
53
49
62
49
55
59
65
47
38
45
54
43
57
50
63
47
47
48
55
48
49
56
51
58
51
52
37
52
43
67
56
53
50
48
55
37
51
41
52
55
46
52
56
38
45
59
48
56
45
59
43
47
47
53
42
60
43
53
51
64
42
49
47
49
59
59
51
51
54
