50
53
57
50
51
37
63
48
45
45
44
43
54
51
33
41
48
57
39
43
39
51
43
38
50
44
54
45
59
38
54
36
43
50
46
75
36
56
55
47
52
48
37
59
48
51
49
55
43
52
45
40
57
43
50
52
44
28
21
69
36
42
41
51
49
43
44
62
50
46
47
51
44
50
51
42
48
45
42
42
48
60
49
45
48
50
60
50
41
54
53
52
45
39
56
54
61
45
54
36
53
39
45
36
54
59
51
29
54
38
49
55
52
50
41
46
45
56
55
41
59
47
51
47
48
52
51
55
57
38
29
49
52
44
54
47
47
48
56
54
51
45
47
53
55
42
54
36
66
56
29
64
55
60
60
55
43
54
32
68
50
45
47
51
50
47
44
58
45
52
49
50
55
57
48
70
53
44
52
50
52
59
54
42
59
53
46
47
42
47
53
55
48
49
60
42
57
65
46
50
37
46
49
64
45
43
47
48
42
19
58
48
56
50
43
51
49
51
40
46
55
54
52
45
47
41
55
43
49
46
56
46
48
52
43
61
41
46
45
51
44
48
54
52
48
41
50
33
57
55
33
37
47
35
34
30
21
29
36
40
33
36
34
21
41
24
34
42
33
12
38
36
41
33
22
40
43
37
25
38
40
26
35
51
28
41
29
28
30
12
40
38
24
31
36
25
24
35
37
22
41
32
38
52
25
38
33
36
25
46
39
20
30
28
30
37
39
32
31
42
25
25
32
34
27
39
28
28
46
33
25
29
36
35
46
32
25
27
34
39
34
31
24
31
33
27
20
37
42
33
33
29
34
29
33
37
34
38
29
41
35
40
29
21
39
30
22
33
35
27
26
23
36
28
40
31
30
30
28
37
35
43
28
18
22
41
32
38
36
26
30
27
36
35
34
36
41
52
36
50
33
38
35
30
30
41
29
50
31
33
33
25
26
18
37
35
38
28
34
32
26
38
36
34
39
41
35
17
23
30
29
35
31
45
44
46
28
33
29
37
44
33
37
29
35
31
36
40
29
37
31
40
33
32
29
43
34
36
31
35
41
33
32
42
54
31
32
33
34
36
35
49
37
46
30
35
30
12
25
36
34
42
37
16
34
30
32
35
37
30
31
36
39
31
28
41
33
42
33
31
