45
39
39
34
29
41
32
26
34
32
41
40
36
38
28
34
27
41
30
31
39
13
37
47
36
29
41
23
20
36
35
34
31
18
27
30
37
30
51
35
26
56
32
32
28
27
30
28
29
29
39
26
40
45
26
27
29
46
20
37
21
32
37
28
19
29
15
40
36
32
22
34
38
42
39
25
38
42
27
39
35
33
23
35
36
23
46
29
38
31
30
33
26
32
31
29
31
33
38
40
29
30
27
22
29
36
40
36
28
36
32
30
25
41
41
28
34
31
27
34
33
21
34
28
35
39
38
45
32
22
32
32
39
31
20
30
41
18
40
27
36
30
26
32
29
28
25
33
31
39
41
4
36
30
44
39
47
25
37
38
33
30
24
29
39
37
33
32
29
36
40
44
35
49
31
43
33
37
29
33
33
38
35
40
41
36
38
32
34
32
24
13
35
41
33
28
36
34
23
22
45
25
22
37
29
37
40
37
37
32
41
35
38
36
35
34
44
23
40
32
48
37
52
38
36
39
36
29
29
37
40
40
39
37
39
48
22
25
34
30
45
31
25
29
31
33
35
41
31
41
56
46
57
49
46
36
51
57
57
59
49
46
51
49
49
53
50
43
53
62
54
47
39
64
62
58
63
47
50
55
64
51
61
50
45
40
55
48
50
50
55
55
44
58
43
58
44
47
42
49
48
44
57
61
57
55
36
52
53
49
43
57
58
31
55
48
57
39
59
54
49
62
55
50
58
53
48
59
42
55
52
51
69
41
30
45
40
51
55
37
60
48
47
43
36
49
63
53
59
51
53
49
46
67
55
48
47
53
53
45
48
40
46
32
58
62
52
52
56
48
50
35
49
61
52
60
39
59
54
49
48
58
47
52
35
56
41
49
55
56
55
45
49
52
50
56
30
58
39
51
53
53
48
58
59
33
46
54
22
43
46
68
50
64
50
58
52
52
44
59
47
47
50
48
52
49
52
55
54
46
55
54
52
32
55
39
57
60
52
50
50
53
45
56
69
52
50
54
67
49
57
45
50
56
54
48
58
57
45
42
54
51
53
62
53
49
55
57
70
49
41
51
44
55
41
55
50
52
50
40
30
45
50
40
45
48
30
56
56
40
59
43
47
56
49
66
52
66
52
56
