20
35
33
35
32
39
41
31
29
17
28
29
24
19
34
24
35
39
35
31
28
28
42
35
36
33
36
46
29
31
43
30
30
38
30
31
26
46
40
35
35
33
29
33
36
29
31
33
16
20
36
29
27
31
28
23
37
54
24
29
35
25
23
24
50
35
29
33
37
39
28
26
32
8
33
43
27
32
27
35
33
31
32
32
43
34
24
30
36
43
31
37
33
37
32
37
29
43
30
24
31
41
38
34
40
31
25
31
30
27
15
28
41
30
34
32
33
32
59
26
25
34
12
38
26
40
39
28
34
35
35
41
39
41
43
35
21
33
27
28
25
38
36
36
31
38
35
24
27
44
43
42
31
24
18
31
34
42
40
22
39
8
41
27
32
17
44
33
39
31
32
32
52
40
35
29
39
40
48
25
43
27
34
34
31
21
34
36
33
46
46
23
38
27
35
45
30
27
39
20
43
34
26
28
32
46
35
35
30
35
19
25
48
34
36
30
31
34
34
37
30
31
31
34
31
29
35
35
26
24
36
45
34
28
34
51
33
33
32
37
24
37
33
35
33
19
30
29
25
28
64
48
49
42
48
49
57
47
57
48
60
55
51
40
49
49
52
65
54
45
56
44
44
52
48
51
47
48
65
45
41
53
51
56
45
36
39
53
53
59
63
47
54
48
55
29
49
60
49
28
59
57
54
56
78
55
47
58
54
37
53
51
55
52
47
47
47
44
37
55
48
53
39
53
56
43
53
48
48
56
41
57
45
46
58
57
65
42
49
41
50
54
57
47
50
47
42
51
51
49
44
58
53
51
29
50
46
55
32
50
50
49
50
55
60
49
55
25
43
48
59
47
59
47
52
55
50
47
60
37
39
50
42
51
60
50
43
32
43
56
41
43
55
52
41
65
46
41
41
42
65
52
47
57
50
47
35
49
57
52
44
51
50
50
51
45
60
54
53
56
42
49
57
51
61
47
54
48
52
54
60
58
47
63
56
47
56
49
48
40
45
56
42
50
53
45
39
42
55
65
45
59
49
46
43
50
51
53
57
55
50
44
38
46
48
54
43
31
57
43
41
55
35
54
58
48
51
47
46
57
50
62
51
57
52
52
59
50
41
49
52
59
44
50
42
58
51
58
50
47
