42
55
47
48
55
52
48
54
47
63
53
43
47
55
52
48
45
48
41
45
54
48
35
57
40
51
48
53
59
45
60
44
39
45
45
48
60
52
55
54
51
48
55
57
68
34
48
47
53
41
49
47
62
51
53
42
42
53
53
60
61
36
48
51
47
43
47
45
45
47
63
49
49
53
51
49
47
44
59
47
48
52
59
44
65
51
47
50
39
57
51
55
34
49
60
57
38
50
49
34
55
57
53
49
50
32
38
42
60
53
52
55
49
49
54
42
41
54
47
37
60
63
54
41
48
50
51
38
49
50
51
42
34
50
43
47
61
42
48
54
44
51
60
59
48
47
57
46
58
52
43
44
54
48
37
62
48
52
23
63
50
57
34
53
44
43
39
51
49
44
44
39
50
52
56
52
49
59
55
50
43
51
58
56
45
51
51
57
52
65
31
49
45
53
44
61
49
48
40
47
57
45
56
39
56
42
32
43
49
56
56
56
49
57
43
58
49
50
51
45
49
61
50
51
35
48
50
55
57
68
35
53
59
43
53
48
60
34
53
52
55
44
36
42
52
55
56
63
52
49
33
47
15
39
43
25
41
35
24
24
31
39
50
33
40
38
29
42
32
43
47
30
33
31
30
32
31
34
31
26
36
31
39
38
27
29
39
15
36
29
28
41
38
34
38
46
41
16
20
35
37
35
39
33
35
47
32
49
45
46
31
28
35
36
36
35
29
25
26
38
27
36
38
18
30
34
29
37
31
31
33
33
11
29
31
30
34
21
46
45
41
30
38
35
24
42
36
43
31
32
44
41
36
41
38
34
40
32
25
36
33
23
37
37
25
21
46
21
34
39
34
44
50
24
49
18
29
25
38
33
40
41
36
31
35
24
20
41
35
45
30
29
31
30
30
42
37
32
35
35
22
28
27
32
31
33
32
52
38
24
29
35
33
30
39
43
44
36
39
38
31
29
33
44
33
51
27
50
37
34
13
55
24
40
39
44
39
31
30
33
40
38
31
20
26
28
40
16
35
30
27
31
32
18
26
40
32
34
34
26
31
35
31
41
19
30
36
38
31
35
30
41
32
42
40
22
37
40
33
42
26
31
25
38
22
28
32
33
30
25
37
15
32
34
30
10
51
32
55
33
