44
51
54
59
45
56
50
48
54
53
64
62
49
36
56
49
40
57
50
46
42
51
56
51
64
33
59
62
64
49
58
46
57
53
48
39
42
28
40
63
43
50
41
57
42
37
43
42
62
50
33
52
49
52
61
56
52
54
51
54
39
53
50
48
46
59
57
47
57
32
51
49
50
51
55
75
48
56
48
49
60
51
48
46
45
48
39
54
75
48
44
52
49
55
52
41
47
50
35
65
52
44
61
61
61
57
56
51
38
48
46
57
65
50
46
54
47
47
50
54
57
49
48
55
56
50
57
59
48
48
60
45
55
44
51
33
59
58
44
53
64
53
54
47
53
52
38
51
56
58
69
59
49
51
68
49
70
60
52
48
51
60
48
46
54
53
47
41
36
56
56
51
76
47
54
46
47
39
39
40
47
50
48
48
49
44
56
53
48
52
54
55
62
51
51
56
55
53
60
48
51
53
54
63
38
43
55
41
51
45
52
50
56
49
52
43
47
49
77
48
65
58
42
68
62
59
47
41
47
46
40
49
52
63
58
54
60
50
33
48
58
51
48
53
52
51
63
50
44
39
30
39
30
37
33
34
33
35
38
39
28
40
25
33
25
32
45
16
34
35
48
32
34
41
37
23
14
34
31
27
43
32
35
34
49
30
31
28
34
24
29
27
22
41
39
28
30
25
30
49
42
44
30
33
39
40
36
46
32
34
39
24
24
40
33
35
23
29
33
24
33
30
38
34
33
34
26
32
29
12
31
41
26
33
41
54
29
17
27
31
28
34
30
26
31
29
40
42
32
38
33
36
30
35
34
24
34
32
52
35
35
38
24
25
41
36
27
37
34
23
33
34
37
21
37
36
24
33
34
28
35
29
36
36
27
39
36
24
30
29
51
46
40
25
43
35
17
32
27
37
34
38
30
35
26
32
33
28
25
27
23
39
28
30
40
39
24
47
32
35
42
35
30
24
36
35
53
30
38
32
38
30
32
35
31
33
30
46
32
31
34
41
33
38
55
35
25
39
43
26
29
37
47
34
23
39
29
40
27
21
31
17
41
32
27
36
39
44
33
36
32
25
17
39
39
40
42
29
39
26
38
35
49
30
23
35
32
35
37
42
23
45
36
20
36
34
33
33
40
28
