42
26
34
17
23
34
38
29
41
40
40
24
39
39
33
26
26
18
31
24
36
42
31
33
46
34
21
15
33
36
24
22
23
42
32
35
30
43
44
25
26
32
27
37
28
31
31
24
38
29
28
23
29
14
38
31
27
37
27
63
43
16
42
37
25
39
36
18
31
37
45
41
31
34
27
26
36
27
42
48
33
34
28
24
23
38
36
30
36
46
19
34
24
51
30
30
27
37
31
39
46
33
27
37
36
36
37
26
24
35
32
38
37
43
33
37
32
38
42
25
25
46
34
43
44
34
35
35
45
28
33
18
29
33
35
36
23
33
34
33
22
33
32
31
39
28
30
35
29
33
30
36
30
27
43
28
40
41
34
39
35
30
26
18
35
42
37
30
33
31
31
36
35
20
24
35
35
37
39
34
29
33
20
37
35
45
33
44
39
30
27
25
36
31
21
32
34
28
37
18
37
35
48
38
31
20
41
28
34
33
33
37
30
33
27
33
41
16
31
32
29
38
35
29
33
41
28
31
33
44
26
22
23
28
23
41
27
35
44
17
31
35
40
35
35
33
35
14
37
39
30
38
34
30
28
37
27
42
30
37
39
40
4
50
31
29
34
36
34
28
30
20
38
29
41
27
41
34
33
37
27
31
29
34
17
34
28
37
35
33
18
43
38
39
32
31
40
33
32
29
34
36
38
39
41
25
34
36
35
31
37
33
36
39
41
11
26
26
11
45
31
31
24
36
42
43
32
32
30
38
36
29
28
34
31
35
28
31
31
35
45
31
31
33
37
37
28
25
43
36
53
10
25
41
31
31
41
24
34
35
49
36
28
26
30
39
28
39
33
41
43
29
53
36
40
18
38
23
27
46
34
31
31
38
26
18
26
28
16
34
38
35
5
34
31
38
33
28
38
33
27
35
37
30
19
32
41
24
22
32
21
24
37
36
24
25
38
30
25
29
22
32
39
55
40
30
34
37
29
45
39
28
26
29
40
47
35
20
41
25
22
41
29
19
31
43
36
26
41
34
32
38
29
36
38
28
40
40
40
23
19
46
36
29
24
33
37
37
35
37
8
51
26
29
25
25
31
42
33
20
51
39
37
30
31
33
41
11
30
28
47
14
42
13
45
34
31
32
29
30
