41
30
50
31
33
27
39
40
30
28
38
31
32
33
31
41
31
30
29
31
29
31
31
25
35
32
14
23
25
16
38
29
30
26
22
35
29
49
38
40
36
39
33
39
36
27
26
33
33
22
34
40
40
28
31
30
29
41
43
40
42
28
33
35
25
39
17
15
33
30
38
31
34
55
36
32
42
37
31
12
41
21
34
4
33
34
29
31
30
41
42
34
45
32
36
34
26
45
44
29
33
49
32
28
46
30
34
29
31
12
35
33
49
24
35
31
35
41
22
27
38
38
31
33
32
27
11
30
26
34
51
29
31
42
30
24
26
28
31
37
35
38
30
33
30
24
36
47
28
27
32
39
34
44
35
31
25
38
33
25
33
30
49
25
23
37
26
34
29
33
34
25
22
33
32
31
43
30
16
39
29
35
28
37
34
35
39
37
23
42
36
40
30
38
28
42
26
26
34
32
30
29
34
33
30
31
47
29
25
32
40
39
26
41
31
39
28
35
37
42
34
37
47
38
24
24
39
31
54
55
24
26
31
22
37
19
32
32
39
36
11
27
62
30
29
28
26
35
34
27
26
39
23
33
28
34
19
30
48
29
36
29
24
53
29
36
21
44
42
49
39
21
37
27
41
31
32
27
24
35
32
59
32
27
33
40
35
25
40
33
14
42
34
29
37
50
21
35
30
21
38
31
26
32
45
35
18
43
47
28
33
37
47
27
33
32
24
47
39
32
32
26
34
30
31
34
27
23
38
41
36
46
32
36
29
34
21
31
46
38
17
30
43
35
30
40
45
37
32
46
29
40
23
41
32
26
27
48
40
35
34
38
40
41
36
28
41
34
40
26
39
33
25
27
20
33
36
9
33
37
30
50
28
31
36
24
39
42
32
29
28
34
27
41
38
27
25
21
22
40
55
40
34
43
22
27
32
34
26
33
23
9
17
25
39
25
27
35
30
41
34
38
34
18
41
47
33
37
40
25
32
33
36
27
29
33
37
29
27
35
43
38
35
37
34
39
41
33
38
35
38
34
44
19
22
40
46
37
55
39
38
39
32
23
33
31
33
41
24
16
35
28
35
32
30
12
36
54
13
55
33
37
19
25
29
30
39
38
40
33
36
41
38
6
27
23
34
19
36
31
