17
38
31
26
32
28
42
17
36
34
33
27
14
31
43
29
30
33
23
31
29
34
57
31
31
32
39
16
27
32
42
22
38
38
14
35
31
45
8
35
37
35
30
24
36
28
16
30
26
33
27
41
34
28
27
28
38
47
34
36
35
32
21
38
36
35
34
46
29
54
32
24
29
31
32
36
47
25
28
29
31
33
31
20
31
35
37
20
45
22
45
30
30
33
20
34
32
50
25
22
30
19
33
36
25
28
20
39
29
27
48
31
33
42
40
23
25
33
36
35
31
30
31
42
33
32
26
31
26
42
28
35
34
30
27
38
31
26
34
38
37
32
31
35
32
31
31
54
35
32
22
43
34
63
43
38
34
39
37
32
42
28
20
28
22
39
37
43
43
17
27
32
38
34
32
30
41
12
34
32
41
28
29
24
44
51
25
44
35
23
42
28
18
31
32
26
14
23
43
30
30
13
26
27
32
35
36
24
29
32
33
32
34
29
23
28
27
28
30
47
35
37
32
34
33
33
40
35
31
36
31
28
33
34
34
41
38
34
22
36
44
32
20
22
39
41
33
31
29
40
50
52
58
60
56
39
53
61
25
57
52
49
40
63
57
59
53
53
63
42
60
61
57
50
42
58
62
45
53
64
58
50
57
43
45
41
47
52
69
52
60
47
52
60
56
55
44
48
52
58
65
40
63
56
45
52
53
60
56
51
55
47
59
53
47
41
36
40
38
54
55
51
53
38
53
55
60
50
42
37
50
45
63
51
49
61
59
53
43
49
54
50
51
32
52
34
51
67
53
50
52
51
51
48
63
48
55
48
55
50
54
68
55
36
51
47
46
54
56
53
50
63
51
52
48
42
44
50
49
50
51
53
58
57
47
44
40
48
64
46
41
32
50
42
53
42
50
50
42
55
60
63
50
52
61
47
34
52
46
56
40
41
49
44
51
51
53
51
58
63
43
53
59
46
55
54
52
55
37
45
59
44
61
51
48
60
47
53
42
26
47
44
48
32
43
57
52
50
44
38
50
40
39
56
50
48
51
48
48
23
71
51
35
52
40
41
53
47
50
54
52
62
49
57
54
63
45
48
50
62
61
56
22
44
53
52
53
59
57
58
56
43
40
59
54
45
52
53
50
54
