40
64
51
34
44
56
42
60
53
43
44
42
38
48
54
59
53
50
50
50
49
55
52
50
55
60
38
63
56
56
52
48
51
54
60
57
49
47
47
51
61
38
57
51
51
41
45
60
59
48
48
38
62
49
46
32
49
64
63
43
58
55
41
44
54
44
60
44
39
50
60
40
65
48
55
46
46
54
66
42
60
52
52
61
63
48
51
37
48
61
52
46
55
58
43
31
51
29
44
45
58
38
45
56
52
57
46
51
47
50
49
50
51
40
41
52
53
53
51
50
64
48
60
48
45
49
47
51
65
55
48
56
60
49
55
49
52
66
40
48
54
57
64
34
54
48
54
41
53
32
41
52
55
47
57
54
40
51
75
45
51
38
45
50
69
47
58
65
49
44
37
50
47
57
41
48
47
62
54
52
62
47
48
66
46
49
60
46
55
48
55
55
55
48
50
51
45
50
58
43
52
59
46
37
56
62
53
49
58
40
65
49
57
40
47
45
41
45
52
49
56
47
55
50
38
55
48
28
46
47
41
52
65
53
55
58
33
52
50
55
40
46
45
55
49
46
50
56
23
54
32
37
34
31
37
36
33
32
31
33
30
27
18
32
39
34
38
32
26
34
43
30
39
17
54
34
17
32
28
43
34
36
39
53
37
37
41
47
46
28
41
34
42
26
33
35
35
25
34
35
29
31
43
39
48
25
30
36
28
36
37
35
27
31
29
30
47
46
36
34
31
32
36
32
38
41
32
26
28
40
33
37
29
24
31
31
26
35
26
26
19
24
35
31
32
9
22
31
36
34
34
51
39
30
26
35
31
32
33
27
37
37
32
41
34
39
30
32
23
19
50
39
31
34
33
41
30
40
39
30
14
24
33
36
29
31
32
50
24
32
34
40
37
40
34
27
39
24
32
24
39
28
22
33
46
35
30
35
54
31
45
33
29
20
40
32
26
49
48
43
43
55
47
23
38
38
38
34
28
32
47
34
33
30
35
43
21
39
38
13
31
39
37
30
38
22
30
29
44
40
30
33
36
12
21
40
30
28
20
22
38
33
56
38
24
36
40
36
15
34
38
29
32
39
21
39
35
33
17
30
45
36
26
33
31
34
36
26
22
43
44
27
21
24
31
29
34
42
38
39
