49
45
63
43
50
49
44
50
40
45
58
51
45
63
44
49
58
46
55
57
46
49
51
57
62
54
50
44
37
48
47
51
47
48
53
47
50
65
55
50
36
56
46
43
50
48
46
50
39
51
50
50
57
56
52
56
60
56
54
46
50
39
48
42
55
61
62
64
55
52
53
52
36
61
30
57
54
59
44
54
54
65
55
50
57
59
51
58
50
54
29
52
52
38
57
53
60
27
53
54
48
42
57
54
45
66
41
58
49
45
59
56
49
36
56
52
47
50
52
57
46
57
50
56
58
43
51
40
52
46
52
41
59
40
46
37
59
41
51
53
52
38
58
56
46
48
53
51
59
42
49
46
56
56
43
47
66
59
53
58
51
46
48
59
53
55
72
59
65
43
47
66
49
46
40
49
51
57
54
47
51
53
48
59
55
49
54
46
49
52
47
52
46
53
40
55
49
51
53
48
45
60
51
44
48
55
54
45
48
37
40
53
67
48
54
48
40
57
58
52
50
56
49
45
56
45
43
44
47
51
48
53
42
40
49
57
51
32
29
49
50
51
51
46
68
34
67
52
47
56
48
37
33
20
41
32
32
14
27
28
41
37
32
34
32
23
27
37
14
43
35
24
12
22
34
49
28
39
26
24
21
40
37
24
23
39
44
32
33
41
54
35
35
35
33
47
19
27
12
37
41
26
15
34
25
31
36
41
39
15
20
43
34
35
49
23
39
24
37
24
17
42
33
30
21
22
28
40
31
23
31
32
34
32
39
46
33
35
44
14
7
36
36
25
31
21
28
31
32
41
31
26
25
38
51
34
8
30
26
27
39
33
36
40
28
35
16
27
33
21
25
37
30
25
39
23
17
27
35
41
39
25
47
18
34
10
37
41
38
43
26
29
23
32
37
25
37
33
31
29
23
35
15
41
11
38
37
34
31
38
33
44
39
27
31
17
9
28
40
33
6
28
29
31
33
23
32
9
25
32
38
28
39
29
30
38
42
39
32
32
36
45
52
35
37
48
40
36
30
44
36
29
32
41
33
34
31
23
14
37
27
54
36
28
31
37
35
34
17
31
26
30
43
23
29
32
17
33
40
37
30
32
24
29
32
30
31
31
34
14
30
56
36
35
43
36
30
36
36
32
