36
30
30
17
23
34
31
19
50
22
33
50
30
31
21
29
31
27
21
20
31
32
40
26
32
30
18
25
30
33
30
31
33
32
41
31
29
32
27
42
39
46
47
48
30
21
29
31
33
29
41
41
28
33
19
44
46
31
27
33
15
24
29
18
36
36
40
32
31
35
50
30
34
40
31
36
29
27
24
35
29
25
33
31
35
37
47
38
33
34
51
38
32
28
35
31
39
33
18
28
35
23
21
14
43
34
41
42
39
37
37
30
49
39
36
34
27
36
40
27
26
22
24
36
24
20
17
26
41
32
41
40
36
39
48
25
32
31
30
34
36
36
33
38
26
41
32
46
25
26
34
39
38
14
36
31
42
36
32
36
25
39
53
32
30
25
30
39
34
47
6
29
30
39
29
34
34
42
35
28
42
36
29
39
39
29
24
34
37
33
38
36
31
30
33
31
23
27
34
42
28
28
28
41
36
39
26
14
29
30
46
38
34
49
33
35
31
20
23
26
44
35
46
26
30
36
43
39
28
29
36
38
51
15
24
20
34
27
27
39
32
25
34
33
31
50
21
31
43
28
38
32
35
31
31
41
55
27
31
31
38
11
22
33
48
49
34
32
49
34
18
34
26
26
23
34
35
32
27
35
23
19
35
45
30
31
26
33
39
39
31
42
28
36
27
36
28
28
30
34
33
38
36
30
35
30
35
43
33
44
39
33
47
29
14
38
39
32
57
33
38
30
32
4
23
29
32
33
34
30
63
12
29
38
18
42
36
45
28
40
24
39
34
16
39
34
34
43
42
34
31
28
30
43
38
36
39
41
35
29
47
55
42
42
26
29
33
28
23
24
42
34
11
32
29
37
37
49
31
21
22
45
35
32
33
33
37
33
31
29
28
16
34
17
38
26
43
18
24
39
50
33
36
29
30
26
34
30
30
33
35
14
38
42
35
32
49
15
40
38
31
28
23
31
34
18
32
35
33
16
48
39
36
37
28
32
29
22
34
31
23
31
38
33
41
48
31
30
33
18
39
40
41
29
37
38
51
49
23
11
29
34
32
31
30
23
37
29
26
48
34
31
31
30
37
30
36
36
28
40
34
40
37
23
33
34
30
29
14
34
35
52
30
31
33
31
38
33
31
30
