45
39
60
56
52
62
55
48
51
59
42
45
51
43
33
38
43
52
44
64
45
51
45
62
49
49
47
58
47
50
54
61
52
69
54
52
30
70
52
55
53
42
59
59
60
51
51
45
40
56
50
56
35
48
59
47
36
54
51
45
54
49
50
47
47
58
50
54
63
51
58
53
56
53
56
40
52
49
51
53
43
51
61
38
66
45
61
53
55
53
49
40
62
59
53
44
30
50
48
62
44
36
51
46
51
48
54
68
38
68
48
52
57
53
53
54
53
60
41
44
45
45
50
41
60
45
43
46
51
37
49
49
63
54
50
59
49
50
46
58
52
58
50
48
49
54
80
49
62
59
44
50
37
45
58
56
52
58
54
63
56
45
60
48
53
64
59
48
46
50
55
48
40
43
38
37
39
33
53
45
64
47
52
48
39
57
49
54
43
37
44
48
48
52
64
54
52
50
52
39
50
56
46
51
51
44
49
55
57
42
45
53
41
68
56
37
47
61
50
60
64
51
40
51
47
39
46
46
52
52
53
55
46
55
47
54
65
51
61
45
56
56
53
48
50
52
45
57
45
47
40
37
27
33
27
48
34
39
31
24
29
35
29
19
25
41
36
19
30
42
38
31
37
44
34
27
30
42
42
33
41
30
31
39
34
29
43
37
36
30
15
30
23
45
30
42
15
43
36
37
35
44
34
40
26
35
37
44
45
29
42
43
17
36
31
34
30
32
43
49
8
33
32
29
36
35
30
28
22
30
36
39
14
30
42
21
28
36
48
48
30
31
29
32
33
27
35
37
39
45
44
22
32
34
17
28
35
23
33
33
24
24
43
24
33
29
24
44
20
24
36
33
27
38
35
30
31
23
20
46
39
29
27
24
33
40
16
28
26
36
24
31
36
34
30
27
41
31
42
51
36
41
24
43
37
31
32
31
29
24
27
33
28
39
21
28
41
31
38
46
42
44
44
43
44
36
27
19
32
36
27
35
35
39
27
38
30
26
32
30
33
33
30
29
23
28
37
27
40
37
41
38
31
20
22
34
37
33
30
51
38
40
40
30
18
25
30
43
32
42
30
35
30
35
38
36
24
35
36
36
29
34
40
33
34
26
33
27
25
21
30
48
23
26
30
30
23
22
42
40
