33
55
60
45
47
57
47
48
51
50
50
59
42
43
54
44
53
64
49
47
66
48
43
52
71
40
47
54
61
52
41
59
55
56
50
57
45
63
35
53
44
41
50
49
39
48
36
45
54
49
35
47
53
54
49
54
48
78
48
40
56
43
40
44
52
47
45
57
53
43
35
49
56
53
48
38
57
48
59
31
32
52
66
52
57
45
50
36
19
50
44
57
54
55
50
57
46
55
53
47
51
54
51
64
52
48
49
46
47
48
36
53
43
52
41
53
50
59
54
32
52
44
55
49
49
53
47
41
50
49
44
64
51
43
57
47
56
57
58
50
59
52
53
42
57
51
50
56
50
65
66
60
50
67
47
52
66
58
43
66
56
58
49
57
62
58
42
50
52
43
49
44
43
40
54
43
47
46
38
62
45
48
50
56
53
40
36
54
48
40
48
48
46
51
52
52
53
49
47
55
48
54
48
45
49
38
48
58
46
55
47
66
54
58
54
48
71
50
55
67
48
49
52
47
57
53
44
53
45
32
54
42
48
50
33
49
53
50
58
45
62
55
57
30
53
43
54
57
48
51
54
28
41
43
33
23
28
32
59
30
51
28
8
38
29
43
29
30
35
26
37
42
33
30
6
32
32
32
30
38
14
34
21
26
35
22
28
33
31
22
30
23
25
25
28
45
39
25
34
32
39
27
38
45
31
32
21
33
41
45
30
29
35
23
28
33
32
26
21
30
23
33
25
26
40
29
29
31
30
23
28
23
37
40
38
39
36
25
31
35
31
31
17
29
27
34
26
22
37
32
39
40
33
36
26
39
47
30
32
39
26
31
35
18
35
25
31
27
38
36
38
30
39
29
46
28
21
29
43
36
30
29
32
29
27
42
41
38
25
28
34
31
35
28
41
32
31
32
37
34
33
36
45
36
39
31
35
31
23
48
29
25
29
29
37
27
49
43
25
35
28
35
38
35
37
34
36
36
32
29
34
17
28
36
27
38
28
50
29
25
27
34
26
29
33
23
39
47
45
12
26
39
34
37
35
29
36
38
25
18
45
41
20
37
33
39
28
36
31
39
33
34
25
39
40
20
31
23
22
32
26
27
44
23
24
27
32
16
27
27
46
19
52
27
35
24
35
16
42
42
