23
16
40
28
23
29
37
28
24
35
41
38
34
31
31
40
39
29
39
27
40
38
37
21
45
34
6
35
36
26
44
24
37
37
36
38
41
36
16
44
35
38
32
32
35
22
39
30
39
32
41
32
37
54
29
31
30
31
35
26
33
50
41
34
47
34
43
22
25
32
37
34
36
27
38
41
27
28
36
35
34
23
29
38
32
21
33
47
38
18
39
39
31
33
35
22
44
31
30
32
27
28
30
33
31
35
32
35
34
31
26
39
32
32
29
33
29
19
33
35
15
32
20
33
51
35
32
26
10
37
23
43
51
37
31
29
40
27
45
33
20
32
37
47
30
29
26
32
36
7
32
25
42
41
47
29
30
29
29
55
50
35
24
30
48
23
32
33
17
19
38
51
17
30
29
37
18
48
33
43
34
36
17
22
33
43
22
19
14
47
20
42
30
33
34
8
33
32
34
35
28
39
37
45
32
42
35
28
30
40
24
29
42
39
43
34
36
34
51
49
33
38
29
31
33
31
28
26
33
43
29
30
36
42
41
32
29
37
35
21
35
35
31
54
30
44
25
30
34
41
55
51
46
51
51
51
51
46
48
66
55
65
55
37
33
52
53
52
43
55
39
45
65
55
49
59
50
44
44
41
55
40
45
51
44
49
41
56
48
48
52
65
55
59
51
49
63
50
42
51
55
50
44
47
58
59
60
41
47
40
52
46
48
53
46
56
57
49
51
50
48
41
66
60
48
43
47
32
43
46
50
52
57
59
46
46
57
56
36
52
36
55
53
51
57
53
52
42
50
51
67
44
58
53
39
51
40
52
45
41
47
51
68
40
48
44
44
52
25
42
51
49
49
44
47
53
78
58
45
52
44
56
46
48
42
57
52
52
52
52
43
52
55
44
62
56
50
44
48
53
43
43
58
45
54
55
52
45
26
58
55
51
36
51
51
47
53
55
38
46
45
57
54
58
36
48
30
52
43
57
52
47
65
36
52
51
35
60
55
40
68
49
55
60
65
53
41
39
41
60
47
46
63
61
49
53
50
56
58
43
50
42
58
50
50
46
64
50
62
44
46
58
29
47
62
48
48
51
55
55
60
38
37
50
59
51
57
44
54
52
41
49
59
55
46
41
46
43
42
55
