30
34
25
37
15
30
29
29
40
25
39
41
23
41
33
41
29
16
20
36
25
37
23
42
33
27
30
21
44
36
30
54
27
32
29
44
42
30
17
23
33
33
29
26
51
40
36
47
38
30
30
49
19
39
26
35
26
32
31
42
29
39
33
41
22
33
36
29
28
21
33
11
23
42
34
33
34
24
38
43
29
43
29
42
39
30
40
36
36
21
47
28
37
24
41
31
32
36
37
38
24
26
32
42
27
21
31
29
24
17
38
36
37
41
31
31
24
25
41
33
44
28
40
35
32
41
36
27
46
40
28
35
39
34
29
26
39
34
33
46
19
33
29
31
34
21
31
37
40
39
33
33
32
34
29
38
29
32
29
36
29
38
34
25
17
34
20
39
39
39
32
36
34
36
34
30
28
34
41
37
23
40
19
36
22
24
27
26
32
27
31
31
33
31
23
43
32
29
31
45
33
18
50
39
43
36
37
31
23
22
49
34
37
38
55
42
37
29
41
20
28
23
30
36
32
17
30
29
31
37
41
38
45
31
24
29
10
40
40
41
29
27
45
45
34
41
39
49
21
37
51
57
51
67
49
48
58
52
54
54
46
50
62
56
62
45
48
45
38
43
53
38
45
53
54
58
51
42
55
43
50
51
28
42
59
56
49
48
47
58
45
42
46
55
49
49
52
62
71
52
52
56
43
44
49
49
44
68
49
48
48
50
48
51
51
55
43
41
61
54
46
41
46
66
62
51
42
50
58
30
47
47
45
54
66
76
50
46
65
55
34
46
56
63
63
51
51
67
52
51
46
47
37
55
29
49
38
46
46
46
46
35
60
47
49
63
61
52
50
59
52
49
45
50
49
51
50
53
45
53
45
45
60
43
38
44
58
53
56
49
54
37
43
49
41
47
52
52
19
55
53
57
62
53
62
52
36
48
50
40
53
57
54
39
46
51
49
45
47
40
63
36
56
64
57
44
49
46
49
52
55
52
44
49
54
67
54
43
54
39
56
54
55
37
55
45
42
52
53
45
54
53
48
46
57
58
42
38
59
57
43
40
49
59
46
53
39
59
54
66
46
62
51
50
34
69
50
51
41
60
39
62
44
62
53
54
51
61
50
49
50
41
38
44
49
47
50
55
44
52
