36
38
34
23
38
37
30
27
33
53
9
42
41
40
23
21
19
30
36
28
40
35
31
24
34
34
31
22
29
30
41
33
38
32
36
35
42
32
22
24
39
32
37
34
36
27
40
27
31
25
41
45
26
19
46
29
36
32
55
32
43
30
27
25
30
30
27
36
16
52
25
32
41
39
31
31
33
19
36
29
26
37
43
30
33
27
30
31
32
34
28
37
38
36
29
21
35
38
37
36
32
16
38
22
37
33
23
39
22
27
36
25
11
34
34
16
36
36
35
28
32
28
12
33
43
16
39
41
32
30
33
35
30
35
34
32
18
33
24
37
27
45
38
39
25
37
32
51
29
32
37
31
34
29
38
34
38
29
42
25
31
34
27
20
38
28
28
19
25
28
39
38
35
39
38
31
24
28
43
26
26
34
38
32
32
25
29
45
41
35
33
18
33
53
34
35
37
33
31
27
17
31
23
33
38
44
34
30
41
32
46
46
34
24
52
36
31
25
32
31
36
29
39
37
36
32
18
48
38
45
40
37
28
34
29
29
36
35
36
31
30
31
29
32
33
48
34
40
19
32
56
47
44
62
55
52
59
51
57
76
46
38
30
58
52
41
38
55
50
42
48
48
50
54
59
51
54
53
63
32
62
43
41
55
28
44
52
58
25
49
53
52
56
54
60
59
54
49
43
54
45
49
48
65
56
54
41
47
57
52
51
54
43
46
43
52
45
54
45
45
69
44
49
46
46
52
43
49
56
47
49
48
53
60
47
49
40
51
54
52
46
53
70
46
48
46
55
59
44
60
52
52
50
49
58
39
50
46
57
30
72
51
52
61
57
54
55
46
55
47
44
64
50
54
56
54
55
50
52
44
52
39
55
41
53
51
45
58
49
52
53
58
52
41
56
38
40
42
44
50
49
49
41
50
61
45
67
44
40
45
45
57
41
54
53
44
55
49
49
33
48
61
48
68
56
53
43
52
59
50
30
46
49
48
55
60
50
65
58
50
49
41
48
54
51
55
27
40
48
45
53
54
49
34
41
53
47
59
47
53
44
44
54
53
61
45
49
55
56
45
60
44
55
52
51
43
47
61
48
55
47
45
46
54
54
37
48
57
50
65
46
46
56
49
53
50
55
54
49
58
