59
54
58
55
49
52
55
51
54
43
38
58
46
50
52
55
42
38
44
55
50
79
50
55
46
63
48
52
53
53
48
37
57
63
46
56
37
56
54
64
48
66
50
53
57
39
51
58
49
52
47
49
38
54
43
49
55
50
53
55
46
53
50
46
54
64
67
54
41
48
48
65
57
63
42
49
59
46
51
49
43
51
40
40
56
50
39
57
45
40
40
57
63
47
62
56
53
47
45
60
30
55
44
52
74
42
44
43
47
52
55
42
60
41
54
42
50
43
49
44
51
54
48
42
50
52
55
48
62
57
40
55
58
66
63
60
52
48
49
51
55
52
43
55
56
45
42
53
57
48
50
51
58
54
42
56
42
45
46
53
53
52
37
48
46
64
49
53
50
39
54
57
46
46
73
59
52
60
36
53
46
43
54
51
54
55
49
30
45
48
58
53
55
50
54
48
46
53
42
50
46
37
53
53
38
55
55
42
57
44
52
58
55
59
42
52
46
56
55
46
41
40
37
59
63
33
54
38
63
45
46
53
53
62
29
52
53
43
49
50
41
49
54
48
55
45
53
41
49
57
27
28
27
45
33
21
23
38
36
30
31
37
32
36
36
38
42
37
34
41
23
39
31
32
35
44
28
37
32
30
31
19
38
34
41
32
36
24
39
32
16
28
26
32
30
35
31
35
41
33
18
26
31
34
28
29
28
27
31
24
18
35
34
26
31
37
31
30
41
36
32
22
30
34
29
55
18
38
37
35
30
27
39
34
30
7
32
50
37
32
31
27
29
38
29
26
38
30
19
33
39
28
31
31
17
33
34
34
44
42
27
33
21
17
31
31
31
24
37
40
46
40
35
21
28
27
18
28
38
38
38
29
24
24
30
36
38
32
31
13
38
32
34
35
8
35
39
26
26
16
20
42
34
55
41
26
34
38
45
20
26
32
34
37
32
35
35
19
33
43
26
29
31
49
36
39
18
23
25
37
48
28
44
34
42
33
36
35
54
35
22
29
37
28
34
21
28
35
37
40
30
31
23
32
36
29
54
32
35
31
37
28
29
37
22
40
33
41
29
28
54
33
35
39
23
33
34
35
36
38
37
34
36
29
29
35
24
37
42
32
29
28
39
25
33
32
33
29
42
32
