42
29
32
36
42
25
19
36
31
31
47
34
33
38
30
37
26
31
40
25
23
55
26
14
41
31
38
34
38
38
31
34
35
22
44
35
32
38
29
40
28
17
42
30
27
37
46
29
33
32
32
22
34
31
23
38
21
51
30
31
28
32
28
32
12
31
36
20
25
46
40
41
37
33
36
34
30
27
33
35
38
21
27
31
29
27
30
33
44
47
34
28
27
38
36
30
30
31
27
33
31
41
29
25
36
29
42
34
14
24
37
35
28
30
19
6
34
25
27
30
15
35
40
54
34
26
31
39
37
26
27
26
29
20
29
32
34
34
32
34
33
21
26
33
30
39
23
44
34
24
31
23
41
52
26
27
24
42
40
35
39
37
34
37
31
31
49
40
61
33
40
38
20
19
29
41
26
33
31
29
28
38
28
26
37
41
35
33
47
51
30
24
35
30
11
32
9
56
39
40
31
29
51
28
16
45
33
32
35
35
27
28
21
31
24
34
24
33
39
22
35
14
39
25
45
32
27
26
24
45
22
39
19
19
19
27
44
24
29
34
32
24
41
23
46
32
40
27
21
48
41
32
29
47
23
31
35
26
34
38
47
35
32
38
36
36
44
37
56
45
35
30
39
27
32
29
39
30
26
29
34
26
29
32
29
34
14
30
21
31
45
34
34
28
22
30
47
36
26
23
28
38
39
31
12
32
35
35
31
29
42
26
33
38
55
31
30
39
29
41
50
29
30
34
32
41
28
39
38
31
29
40
41
37
31
39
36
30
37
29
28
45
43
37
39
29
23
29
44
41
20
17
39
22
37
27
41
44
19
38
17
54
26
48
35
41
24
30
22
42
36
30
25
29
31
54
24
37
45
45
27
29
39
22
33
24
40
34
48
45
39
41
33
22
36
47
32
49
36
17
52
36
27
23
27
34
31
22
36
28
29
28
43
36
35
39
35
35
34
43
37
31
35
31
26
29
30
23
30
34
33
36
30
21
36
32
41
29
38
32
32
40
32
30
38
49
26
31
33
34
38
24
22
38
34
31
34
34
36
36
36
34
26
44
34
42
38
42
24
25
37
37
36
32
39
48
43
27
37
34
23
31
39
24
40
38
38
28
40
22
25
30
26
36
31
35
41
29
18
32
