23
33
30
40
49
44
27
29
24
25
35
37
26
35
31
28
37
34
37
34
30
31
37
26
46
35
30
29
46
31
23
56
38
40
33
35
37
24
36
21
31
37
38
12
48
22
33
30
27
34
29
26
35
24
32
35
20
30
21
40
21
30
4
30
52
46
37
37
26
35
30
16
44
44
31
31
33
41
36
20
12
32
27
35
35
25
27
42
28
33
26
41
28
29
37
27
30
36
30
43
40
19
36
31
33
11
56
36
37
40
25
29
26
28
42
45
37
25
26
39
41
41
22
31
34
35
37
39
31
25
38
37
27
29
38
56
14
29
32
45
34
34
23
49
29
33
39
52
31
27
34
40
34
29
39
29
37
29
30
24
29
36
35
48
34
24
42
18
26
50
28
27
41
26
36
36
19
37
44
31
41
31
35
32
30
28
16
25
41
27
33
28
30
30
29
27
36
39
34
45
21
34
34
38
22
25
26
34
36
31
34
27
48
41
18
41
44
40
34
31
29
50
16
35
26
30
26
33
29
16
52
44
32
37
27
20
34
49
27
41
39
17
36
34
47
41
51
45
34
22
48
47
52
46
48
30
45
38
58
51
41
65
52
47
54
44
51
38
51
49
46
52
49
47
38
52
49
56
38
56
51
53
61
44
60
41
37
59
48
57
49
49
49
56
71
33
56
54
38
52
52
49
45
38
42
41
51
54
56
48
47
42
48
59
65
31
54
53
29
32
51
54
52
44
48
47
48
45
38
46
50
47
55
50
55
56
50
50
60
53
55
51
56
52
61
52
56
49
63
46
49
35
40
62
48
58
50
55
52
45
47
32
46
56
39
48
53
33
42
50
48
50
53
54
48
51
48
52
58
41
44
21
55
29
41
51
42
59
52
47
58
55
55
59
45
66
53
55
61
68
60
45
44
54
53
40
48
74
53
57
55
46
55
52
58
41
48
38
55
51
54
44
50
48
42
43
64
50
38
55
45
57
45
47
52
53
65
47
55
46
48
48
51
52
48
50
48
53
52
50
42
30
40
55
50
72
51
48
43
59
40
50
57
67
49
61
50
52
45
49
48
47
49
51
52
27
50
54
54
42
43
54
37
62
54
38
35
51
49
52
46
47
61
52
57
45
44
57
66
54
