38
43
35
41
34
31
30
32
43
44
33
35
33
30
39
26
31
21
35
38
24
37
14
34
27
36
31
50
28
33
35
27
44
40
47
25
47
34
30
31
30
13
42
18
36
44
41
35
33
33
19
37
35
23
42
21
34
34
22
34
31
33
31
39
42
29
29
48
28
29
36
36
33
28
34
43
31
40
32
34
36
34
31
48
27
41
36
31
33
22
34
30
45
32
36
32
32
34
39
38
24
32
39
30
29
23
33
31
34
28
37
38
38
33
41
35
37
31
35
30
45
32
25
14
33
36
34
20
34
29
37
34
38
25
24
44
34
29
30
29
32
25
32
26
23
32
42
33
28
29
26
39
30
36
46
22
36
34
23
44
33
39
38
35
38
20
16
34
53
23
28
34
28
36
46
44
12
33
30
35
33
29
41
24
33
31
39
34
17
27
30
27
36
53
43
26
31
32
46
50
43
32
41
23
28
26
42
36
46
47
26
31
46
42
41
31
41
27
26
36
25
22
27
32
47
38
39
39
34
31
29
18
26
32
34
40
34
30
24
29
36
40
36
30
32
19
27
28
37
39
53
59
54
59
50
48
49
42
50
43
49
35
48
55
47
58
54
38
53
65
44
37
60
62
50
50
41
50
52
52
63
42
51
78
47
54
59
52
59
45
47
51
46
62
53
41
52
69
43
58
57
65
28
48
56
61
52
52
68
47
34
43
43
57
61
59
51
39
49
63
60
40
56
63
58
50
39
27
53
73
45
46
38
51
34
72
45
48
50
51
45
50
48
44
42
56
47
43
38
55
49
55
67
52
52
47
51
52
53
64
46
40
56
49
40
47
48
44
57
53
69
52
61
58
47
51
53
49
49
27
50
58
51
47
60
45
47
48
50
56
54
52
26
48
47
47
63
43
45
63
48
57
52
51
39
65
42
55
57
56
52
53
53
53
53
58
52
44
47
45
50
47
49
42
46
43
44
46
43
55
49
45
72
40
56
67
39
44
44
59
44
29
53
43
45
61
46
54
45
55
50
48
42
53
38
38
57
52
44
60
69
49
58
55
59
64
34
58
67
48
55
45
50
46
45
42
50
52
39
45
52
35
49
52
44
54
53
57
40
49
48
54
51
42
55
54
53
45
38
49
