44
54
47
49
52
54
60
49
52
56
52
52
51
49
50
29
58
47
49
48
58
51
57
65
50
54
47
63
38
48
53
45
44
52
39
33
35
52
31
53
47
51
44
44
46
47
46
52
46
50
55
56
58
54
61
42
52
43
50
54
46
54
52
52
43
53
46
49
56
42
46
44
42
45
76
42
39
53
45
36
55
62
52
32
59
65
52
57
60
50
43
69
76
48
47
39
54
53
53
52
48
52
66
63
52
48
56
51
49
42
48
60
61
60
48
50
49
47
55
51
41
59
20
43
47
40
45
56
55
52
48
46
55
53
57
29
51
53
48
75
48
54
55
56
46
56
35
44
36
44
48
54
42
31
52
48
49
46
42
43
49
48
50
54
49
60
45
53
46
57
44
47
60
29
60
45
47
58
51
54
66
48
24
47
50
51
47
69
46
50
52
43
63
38
45
43
46
56
49
43
43
46
51
47
53
49
47
48
57
48
51
52
44
33
30
60
46
27
41
60
60
47
51
58
47
59
50
48
62
51
50
50
48
55
51
53
46
52
48
50
52
16
45
41
44
48
46
53
43
72
38
46
30
22
33
26
38
42
41
33
25
35
36
27
33
36
32
46
21
21
48
31
30
36
40
33
31
33
31
39
29
32
26
37
33
30
43
30
46
11
19
31
25
46
33
26
35
33
40
38
40
34
45
41
32
34
28
31
35
38
30
15
36
39
37
29
36
17
31
30
32
29
20
29
39
34
28
40
28
27
34
31
36
34
30
41
37
32
31
30
37
23
34
19
31
40
37
49
45
34
46
30
33
12
22
32
34
19
39
15
34
36
43
28
31
24
47
36
27
33
37
29
42
28
34
37
44
38
25
17
25
33
32
28
34
30
47
33
40
47
31
36
27
24
38
30
31
28
32
50
26
36
30
39
34
27
35
39
28
37
36
33
47
30
40
28
39
9
48
35
56
32
55
35
23
34
59
24
24
32
30
28
39
52
30
8
12
31
32
24
38
35
41
29
26
39
27
43
26
32
18
40
41
33
36
39
41
38
32
39
38
37
45
42
32
30
38
37
36
53
36
31
29
32
28
26
29
35
26
40
37
32
27
35
19
33
36
34
33
29
36
29
35
38
51
47
34
26
37
29
