60
45
58
42
43
49
50
58
39
53
46
55
51
55
56
44
53
54
75
59
48
48
46
42
49
52
44
45
47
61
42
42
46
47
54
57
59
54
46
35
59
48
47
57
61
40
50
56
55
46
64
58
51
49
43
47
50
52
48
47
67
56
49
56
44
49
43
42
40
43
54
49
50
50
56
44
55
48
42
47
42
53
28
47
47
40
44
56
49
45
58
50
51
53
46
61
28
60
55
41
51
28
50
47
49
47
46
48
54
69
49
50
56
60
50
48
44
51
49
57
34
34
59
46
36
35
59
51
41
51
38
35
45
47
65
55
43
47
24
54
50
55
52
57
56
41
43
49
51
57
42
45
55
50
46
47
47
46
46
41
50
49
51
52
43
47
47
50
51
44
45
51
51
52
56
53
51
59
48
55
55
30
57
63
62
69
43
49
46
47
53
45
46
47
56
54
40
38
34
58
51
59
56
51
49
47
50
42
43
61
52
56
46
50
68
49
59
46
47
49
63
41
41
51
45
53
56
44
35
41
43
47
37
43
40
51
53
48
57
54
51
50
42
38
42
58
47
49
54
41
30
33
51
41
42
40
20
31
35
34
39
7
31
29
45
57
11
8
36
26
34
34
31
31
30
28
16
29
24
28
23
33
37
38
36
27
22
29
38
31
30
45
28
42
31
30
48
40
23
17
33
34
25
35
32
28
31
25
35
33
27
34
30
23
27
33
39
35
24
35
31
37
23
30
34
36
27
35
34
35
37
31
31
47
34
27
28
39
38
33
31
37
7
36
37
26
22
31
29
33
45
32
36
36
29
38
40
41
23
26
36
41
30
38
18
38
43
40
33
35
30
39
30
35
39
36
31
34
37
24
38
24
30
28
14
37
26
54
32
42
33
30
31
34
24
34
27
35
35
29
41
36
37
44
36
27
46
29
37
25
39
38
33
41
29
33
39
29
44
39
41
23
31
42
17
38
35
29
39
14
32
37
40
28
40
28
16
43
35
39
36
24
54
27
32
35
43
35
28
51
38
27
32
26
35
33
38
33
36
32
37
28
42
31
14
26
35
45
30
32
44
29
30
31
40
39
22
39
41
38
40
53
15
24
31
37
36
32
54
33
32
19
22
34
36
22
29
25
27
24
