47
38
48
42
50
61
44
57
58
39
45
37
67
48
61
44
52
29
55
58
45
67
55
58
40
49
35
54
60
46
52
48
50
49
50
64
49
43
48
69
55
50
49
36
60
51
55
49
41
51
49
42
48
38
52
50
48
52
29
46
47
40
52
51
50
52
40
52
60
52
44
58
45
41
51
48
63
53
35
47
41
42
49
44
49
61
58
42
45
29
38
53
45
46
70
55
53
53
51
66
63
50
62
49
48
35
55
39
53
34
42
63
45
70
50
52
59
52
49
55
60
46
47
66
53
30
55
52
46
50
51
34
22
53
66
49
74
51
35
52
58
53
25
63
43
40
26
58
43
47
29
31
55
55
66
49
38
54
50
47
51
41
52
56
45
45
33
48
52
78
67
47
73
56
50
55
56
48
52
48
65
45
53
54
49
51
46
50
42
47
53
43
60
66
32
48
60
57
43
49
62
48
47
51
47
50
65
46
50
56
40
52
49
50
45
51
48
48
53
51
59
58
44
52
47
50
25
52
57
47
56
46
40
51
53
33
54
38
45
55
47
53
43
47
52
44
45
51
52
49
33
34
49
35
32
34
36
36
29
35
46
33
20
27
20
15
39
34
30
43
35
31
36
26
30
33
29
19
43
44
38
16
30
36
33
45
35
31
17
35
21
39
38
30
29
36
18
37
26
44
38
34
31
40
37
35
26
39
23
29
27
27
15
26
36
34
41
38
34
32
22
29
41
29
42
14
32
37
36
29
39
32
32
30
29
22
24
25
34
35
34
37
49
39
35
36
33
41
35
11
32
45
28
33
39
41
32
28
45
18
24
30
38
27
30
33
45
31
46
25
36
33
38
40
29
38
36
30
23
37
62
47
31
30
51
38
49
30
8
35
31
20
30
26
11
34
30
28
39
33
33
34
38
38
44
33
31
42
51
59
39
43
30
33
29
34
29
34
28
40
32
31
17
38
32
30
32
47
29
40
33
35
33
41
30
33
21
31
27
38
49
38
36
35
44
46
28
36
16
30
36
29
38
12
36
29
37
25
26
50
32
44
24
28
17
35
9
42
37
30
37
24
47
23
24
34
18
31
38
30
8
29
16
33
39
34
45
55
34
40
31
33
48
35
27
33
20
32
34
29
