48
54
54
42
59
46
61
51
47
53
16
68
61
49
47
42
52
47
59
57
53
37
47
52
45
59
50
46
48
52
55
62
55
41
38
50
48
37
40
47
57
51
48
58
46
45
68
30
56
40
43
53
49
46
43
48
45
53
38
51
53
60
48
55
48
47
40
48
43
55
38
53
55
50
57
59
44
47
53
52
52
59
46
51
50
54
52
48
48
41
44
44
49
49
42
60
55
61
59
52
47
54
50
49
57
51
60
72
53
52
46
46
46
52
52
61
50
54
52
54
44
51
69
51
61
54
58
37
58
49
56
43
52
44
51
50
73
52
37
56
56
51
51
44
52
41
57
58
47
59
41
45
54
53
43
43
50
49
51
32
41
45
38
58
55
47
51
44
49
47
55
53
42
61
60
55
51
49
47
30
48
50
40
55
48
53
52
52
59
41
49
46
59
56
54
43
50
65
49
45
43
46
52
50
43
46
56
54
60
57
35
54
44
60
52
55
51
38
41
47
40
46
53
60
48
54
59
60
50
59
53
52
54
42
72
51
52
54
43
49
57
50
49
42
47
57
51
52
44
49
33
19
22
41
46
17
6
24
42
27
35
34
31
29
16
32
31
41
32
38
40
22
26
32
41
43
31
39
23
31
17
39
42
25
29
37
25
27
28
39
23
27
30
29
25
27
31
22
39
22
40
29
34
36
35
30
52
27
21
30
34
7
41
26
31
21
36
22
29
30
37
33
18
28
38
30
48
34
41
32
42
24
30
28
27
26
39
26
36
30
40
39
37
12
29
13
34
17
37
38
35
52
40
32
25
33
28
34
27
33
36
30
30
34
26
32
40
27
36
34
23
41
23
50
47
38
24
35
20
31
46
30
29
33
32
28
40
39
28
27
38
21
22
25
28
40
20
55
31
33
52
18
37
33
37
27
33
28
36
32
42
20
49
33
42
36
52
32
19
50
31
43
23
27
23
35
12
32
30
54
21
39
30
41
27
36
37
32
36
32
31
47
55
19
28
36
27
54
17
30
33
37
43
30
34
33
33
32
34
19
42
39
49
31
29
31
34
41
40
44
36
29
32
25
31
37
37
25
36
32
35
39
32
35
28
33
23
41
27
28
22
29
30
35
44
34
38
41
29
23
