37
33
35
15
19
38
29
23
34
33
31
33
41
28
27
36
30
29
28
35
36
26
34
32
28
41
32
36
35
33
38
23
37
36
47
31
38
42
36
42
37
19
24
29
23
40
34
39
16
26
15
26
43
46
33
35
35
29
25
32
22
28
35
40
42
43
28
31
43
37
35
26
31
27
24
34
41
33
31
31
33
30
29
34
19
22
36
27
37
33
43
31
40
37
35
32
30
34
25
22
22
14
37
27
33
34
42
29
20
31
31
40
28
41
56
23
34
33
35
24
36
34
24
30
38
30
33
33
32
36
14
36
41
43
19
32
31
23
21
34
41
27
45
27
53
17
31
27
12
20
35
30
28
26
22
32
32
29
33
41
24
31
39
32
39
32
38
35
28
38
22
31
33
28
39
6
38
35
19
32
37
27
26
16
30
6
28
34
31
55
42
26
24
51
39
34
28
31
35
27
30
47
42
32
46
30
40
37
34
23
33
35
48
30
22
34
38
43
33
21
37
12
56
35
27
36
29
39
29
53
38
39
32
36
34
27
38
43
37
27
37
37
35
42
34
40
28
36
27
26
48
49
55
57
55
52
65
52
40
53
60
36
50
48
52
47
54
57
49
33
43
46
48
58
52
40
45
41
41
40
53
51
52
45
52
51
63
30
54
47
43
50
40
44
43
59
38
56
47
66
65
42
47
51
51
45
49
50
49
21
44
72
49
41
45
50
43
51
49
62
44
45
56
46
49
49
50
48
72
54
49
49
39
46
46
50
48
56
40
39
52
49
62
46
50
54
52
54
36
51
57
49
57
46
50
34
49
48
51
46
41
38
46
54
45
37
56
39
48
45
48
42
80
41
55
46
57
45
52
55
65
42
64
66
39
59
49
50
27
47
39
56
54
45
53
57
58
44
44
53
54
39
49
45
52
43
42
38
38
44
50
63
48
47
50
40
47
42
53
50
54
50
53
47
49
52
54
46
55
43
60
48
56
53
53
51
49
50
46
54
44
42
48
47
46
46
51
49
47
55
58
50
52
36
53
36
64
54
53
46
48
49
55
47
46
55
51
42
67
49
65
28
44
51
74
66
53
61
43
50
52
59
46
54
58
60
36
67
58
42
65
47
54
45
57
35
53
60
43
53
