51
54
65
56
51
49
64
36
45
46
56
46
51
46
57
44
42
54
65
50
37
53
54
42
52
54
48
49
53
47
49
56
43
50
33
53
48
58
47
59
55
49
56
56
56
52
53
45
63
47
43
52
38
57
52
53
42
68
47
38
51
55
45
30
43
50
50
56
29
48
38
49
48
50
47
53
54
45
55
48
54
55
48
53
63
46
57
49
48
52
47
50
50
47
54
48
53
56
50
52
51
59
42
45
48
56
46
58
66
58
45
47
53
48
49
60
43
42
60
35
48
56
44
47
49
60
53
45
61
44
38
51
71
53
54
42
59
45
51
48
61
55
70
47
49
39
45
59
53
61
54
37
48
54
49
45
59
53
45
53
47
51
46
53
60
39
53
56
52
42
40
49
40
46
49
55
53
52
63
34
52
53
50
50
57
55
48
37
52
52
48
55
42
22
34
53
42
36
48
42
45
50
49
50
73
53
50
46
45
48
49
57
28
52
63
44
42
48
49
41
48
52
66
47
48
61
58
56
57
29
35
48
56
58
38
49
57
45
64
74
35
48
49
53
64
55
57
48
57
48
27
37
40
20
42
23
30
36
32
33
33
38
39
27
39
37
44
29
38
37
25
31
37
30
24
30
33
31
16
37
35
37
37
34
38
48
20
48
36
34
34
32
39
30
39
27
31
30
49
18
31
33
24
46
26
46
36
25
34
28
33
17
26
37
27
24
28
46
32
20
40
34
35
35
34
43
19
33
36
34
36
28
36
43
27
40
36
32
34
29
41
25
36
35
27
27
40
33
34
42
35
33
43
39
34
35
39
23
34
33
13
32
25
37
39
34
35
25
37
27
28
38
18
28
32
32
38
39
30
31
26
33
31
38
40
29
24
36
27
41
39
39
30
31
45
24
37
28
30
43
34
27
28
35
33
37
32
56
30
32
35
31
48
21
24
44
32
38
40
35
25
19
45
42
38
4
29
39
46
36
22
30
31
27
20
30
36
42
33
41
36
35
41
32
35
40
33
32
42
41
37
20
30
21
36
38
34
18
38
23
34
39
41
63
30
29
39
35
35
33
31
34
34
23
32
23
33
30
29
38
42
34
26
34
26
24
41
31
44
17
40
41
27
42
30
28
31
37
23
37
