17
33
28
27
13
15
27
27
35
36
33
19
30
27
28
23
37
39
43
29
39
37
31
27
22
33
28
37
41
38
35
33
38
28
33
28
34
33
46
40
43
42
17
31
17
24
27
33
33
31
29
37
33
47
25
9
41
40
48
28
38
41
28
34
31
37
35
24
38
40
29
32
46
29
26
37
33
40
38
18
28
34
35
31
28
39
32
37
34
39
30
32
30
38
27
31
36
31
25
32
44
39
31
13
39
46
38
30
34
26
33
50
26
20
37
31
33
37
51
39
16
34
24
31
34
49
41
22
33
38
36
48
38
31
24
48
34
36
34
29
31
46
40
30
28
24
39
40
34
59
16
24
29
37
28
41
8
23
35
42
20
31
24
32
29
30
35
29
29
24
20
8
39
34
34
28
35
29
27
34
36
33
36
30
38
49
39
30
39
34
31
29
42
35
27
46
30
22
36
30
32
30
35
21
24
43
26
42
37
48
34
40
33
34
38
46
43
23
42
34
29
29
51
27
33
34
24
27
34
21
34
31
34
31
33
34
54
39
31
38
29
22
39
36
36
22
30
35
27
26
27
27
35
29
29
34
35
43
29
35
29
33
44
29
35
34
37
24
35
31
32
31
32
32
47
21
45
44
20
43
38
22
27
35
41
40
35
22
38
40
36
25
44
36
36
33
32
21
26
50
30
32
32
28
28
22
41
30
24
25
33
48
30
25
42
29
32
53
33
32
31
32
38
30
20
9
38
26
29
39
27
28
34
34
23
32
27
35
38
34
34
29
27
20
44
17
30
39
30
44
31
34
33
36
31
21
41
31
32
33
31
41
33
24
38
40
39
37
33
38
39
28
20
48
38
34
33
29
36
26
13
24
32
26
31
29
34
30
29
38
34
33
30
39
30
39
35
31
34
31
41
21
36
38
31
34
38
31
24
31
46
32
30
48
17
27
34
43
35
35
38
22
44
38
32
24
20
39
41
35
13
31
31
44
13
36
34
25
32
33
33
48
26
39
45
31
11
35
31
35
28
13
43
28
23
23
25
37
16
46
38
33
37
20
26
23
41
24
35
35
39
22
33
34
31
34
37
25
34
36
34
30
29
33
19
32
31
41
34
38
50
30
32
38
7
9
46
31
25
32
