31
29
33
37
33
27
37
33
29
30
36
7
39
42
36
29
35
28
31
31
38
18
41
31
24
41
30
36
42
34
33
24
45
42
29
31
32
34
33
40
42
30
33
31
30
19
29
28
36
37
35
25
26
29
23
24
33
44
30
36
39
40
35
32
30
41
20
32
45
23
27
35
43
30
57
38
44
29
26
29
36
36
30
23
33
38
40
34
51
32
36
33
38
39
26
22
31
27
33
28
39
33
24
41
34
33
35
36
40
37
38
12
25
35
40
31
28
35
40
32
32
24
27
25
35
25
34
34
36
40
30
37
31
23
35
51
29
42
30
36
36
26
31
40
23
36
27
27
39
34
34
35
32
34
45
41
12
23
46
35
39
54
31
20
29
29
34
28
37
38
42
32
35
44
27
39
30
36
39
37
36
33
48
32
32
21
29
38
41
43
14
33
37
30
22
33
46
31
35
35
24
33
30
20
27
29
38
36
17
46
24
36
38
34
49
36
46
34
32
31
39
23
31
16
27
54
27
24
41
42
30
35
33
31
38
45
43
17
27
40
48
32
25
27
32
34
34
37
11
36
47
46
61
45
57
53
46
47
57
53
46
62
49
68
59
53
54
55
45
50
47
52
56
44
58
52
42
46
47
57
50
56
48
51
52
46
49
58
47
55
56
53
49
52
48
52
43
39
50
65
43
56
58
69
52
55
28
49
55
51
47
36
45
50
44
66
50
46
50
46
53
54
44
55
49
50
65
48
41
41
49
55
54
51
36
63
49
43
56
54
37
56
63
51
54
50
46
47
54
59
58
41
51
56
43
46
56
55
48
46
51
53
60
49
44
46
50
49
55
60
49
55
53
48
48
51
51
48
59
45
65
37
47
37
50
52
53
45
45
58
47
48
54
51
44
53
49
43
57
53
52
48
60
63
49
54
46
46
59
42
53
32
41
51
45
43
54
55
48
54
37
59
58
52
43
43
41
45
47
54
56
57
49
48
57
54
58
59
49
54
52
54
52
48
56
42
51
26
50
56
50
54
45
44
46
50
45
43
50
53
54
56
51
49
47
60
53
45
45
51
53
40
44
41
50
57
56
34
49
60
40
50
44
40
64
50
63
58
77
47
51
53
56
53
54
62
45
54
48
52
