34
32
33
28
31
28
32
39
30
57
27
32
41
48
51
31
36
22
46
44
29
42
14
25
57
34
30
35
50
47
28
40
33
40
27
37
23
45
27
21
31
39
27
32
34
30
22
28
40
28
30
37
24
25
24
25
38
9
38
22
38
32
31
26
32
40
36
31
32
37
36
38
34
35
33
31
47
32
39
33
8
39
26
36
28
34
23
52
33
31
27
31
45
41
30
30
37
24
33
28
39
42
36
42
37
46
27
30
26
29
39
37
29
37
9
27
26
32
31
38
30
23
35
36
39
22
38
26
36
33
30
20
25
43
31
27
22
27
34
30
23
28
35
33
23
56
42
34
29
36
36
28
50
24
16
21
31
37
21
36
36
28
39
21
56
34
41
30
37
40
33
25
34
34
39
25
40
26
39
31
32
23
22
39
20
29
48
35
26
25
27
27
34
40
25
38
20
38
30
20
39
37
30
48
28
23
10
40
42
32
25
31
34
33
44
44
38
39
32
30
34
37
33
43
21
29
26
29
44
37
32
26
46
37
33
34
28
36
39
40
38
36
35
36
25
31
24
32
26
49
55
55
69
47
58
34
42
50
39
48
57
52
45
58
38
44
50
49
51
45
45
44
47
50
47
49
55
30
34
58
48
33
47
59
45
46
39
45
45
42
66
57
57
48
52
57
53
50
56
59
59
54
56
46
58
54
53
64
63
61
59
46
53
40
53
77
45
56
51
40
38
38
49
47
60
56
53
42
62
40
61
52
39
48
28
58
44
50
48
49
57
40
36
54
46
53
49
58
35
29
64
54
51
50
52
55
52
54
57
49
56
57
43
56
57
30
47
50
52
55
41
62
49
44
59
40
53
53
56
66
53
64
65
53
35
48
55
55
54
52
49
41
50
46
35
50
46
40
52
53
52
51
62
47
53
50
49
42
48
46
51
55
53
54
56
59
53
74
52
44
21
55
56
41
53
51
47
42
50
48
47
42
59
44
56
47
49
57
52
52
50
37
59
57
55
61
56
45
55
63
38
48
46
52
53
48
44
48
53
43
59
40
49
54
45
28
29
50
43
44
36
59
49
70
63
64
49
59
56
60
53
69
63
55
38
51
51
48
54
47
38
43
50
53
50
52
44
59
43
34
