43
34
49
45
48
51
51
51
51
63
51
50
47
56
52
51
47
60
53
37
38
50
48
62
56
50
52
53
44
47
37
41
32
65
39
47
66
61
41
48
75
52
41
43
49
58
42
47
52
58
42
52
56
55
56
53
52
52
47
49
63
50
53
54
48
51
50
62
49
48
57
58
54
42
49
50
42
54
43
54
69
55
47
55
49
51
55
50
45
67
44
49
41
55
50
41
38
36
51
40
42
50
56
31
53
63
47
50
53
66
50
48
54
52
43
34
55
50
56
37
49
50
60
63
49
43
49
43
47
68
47
53
52
51
61
47
58
56
50
49
64
46
39
39
64
48
42
54
33
39
57
56
56
54
52
57
60
46
50
47
52
55
37
50
36
58
45
49
54
52
44
54
46
55
59
61
44
48
55
56
62
43
57
58
51
46
58
50
51
68
43
52
52
59
46
46
53
45
42
57
42
50
44
48
57
52
56
45
56
48
47
55
59
35
38
45
46
41
39
49
47
57
55
71
52
50
59
56
62
41
55
35
47
48
54
51
70
53
49
43
45
52
52
49
49
50
51
46
65
42
20
31
23
35
32
26
34
19
43
28
31
17
9
27
18
26
24
39
24
44
34
42
30
28
36
32
45
36
35
37
17
36
31
35
32
30
36
33
32
32
29
41
23
36
14
35
39
33
34
34
38
27
31
29
41
24
30
39
45
33
23
36
29
37
37
39
35
40
48
41
31
29
35
43
35
37
33
20
31
34
36
32
37
45
6
35
36
32
37
26
28
32
26
34
24
37
34
32
28
33
33
25
16
43
32
34
30
28
28
29
30
38
34
28
37
32
32
56
24
28
24
23
38
30
29
20
41
22
28
16
33
42
40
39
34
37
39
23
37
34
24
35
31
31
38
25
31
31
37
35
38
40
19
28
31
28
36
27
38
39
45
38
31
26
36
39
36
30
39
33
34
29
34
29
29
29
25
36
16
32
49
30
37
32
28
49
36
52
41
35
29
40
36
38
34
49
21
35
32
31
37
33
30
32
20
26
31
31
43
41
32
20
36
33
33
32
36
34
20
28
47
29
32
28
37
31
39
38
28
37
37
36
34
36
37
40
40
34
38
32
23
33
27
36
34
38
35
39
37
38
