43
49
50
46
65
60
42
39
43
50
40
57
59
60
60
42
52
50
49
51
49
47
62
55
44
58
75
33
62
45
47
43
62
50
51
51
52
38
52
50
44
52
56
60
50
49
52
51
60
58
53
49
47
46
51
52
47
37
42
47
51
53
51
55
50
44
58
48
52
46
37
48
28
53
46
63
50
50
35
45
46
49
68
47
41
47
40
47
56
49
35
44
72
43
51
56
45
59
52
47
60
47
51
41
44
46
42
54
50
44
47
47
50
42
51
61
50
50
72
25
36
46
61
46
55
51
50
51
54
53
48
59
37
59
51
49
56
52
35
53
55
55
52
58
55
52
40
47
57
57
57
41
48
68
54
46
43
45
30
49
53
55
53
55
56
49
57
52
37
68
37
51
51
53
53
59
55
52
47
42
29
35
59
43
55
40
52
45
46
50
56
52
55
36
57
51
38
50
55
62
58
59
54
49
56
43
53
49
60
48
53
45
52
50
48
50
40
63
43
40
38
50
49
63
57
54
56
49
52
44
69
47
60
44
42
51
47
50
53
47
44
60
48
52
49
43
49
43
50
47
34
16
41
30
21
30
29
34
43
36
33
28
30
40
34
37
27
40
36
36
36
35
37
27
32
34
28
32
29
36
33
46
24
43
31
35
12
40
27
36
40
37
24
27
39
35
29
36
34
21
39
34
43
34
29
35
27
31
34
34
16
26
51
49
39
33
31
33
34
33
41
46
25
21
38
34
43
34
29
34
31
34
20
33
30
35
20
31
38
22
31
23
36
40
24
33
38
21
32
39
36
33
29
40
43
36
35
46
40
22
49
17
26
28
29
25
24
11
38
7
30
27
32
37
19
30
27
35
30
34
33
14
32
44
23
27
24
24
26
23
26
41
37
29
35
35
29
31
40
31
33
47
33
38
41
24
28
16
36
31
48
31
35
43
46
32
25
28
36
22
40
40
29
37
35
26
38
42
30
27
39
39
26
13
39
40
53
32
40
31
21
27
28
42
26
29
28
35
27
23
34
35
34
40
27
48
34
29
27
37
43
24
37
34
17
30
45
31
32
33
46
33
34
29
41
37
46
25
45
35
33
48
28
28
39
40
22
27
23
38
34
37
22
31
34
13
34
42
29
28
