51
55
49
58
63
57
47
60
53
51
42
51
50
59
52
58
46
59
60
51
54
54
51
70
64
51
36
47
40
52
49
40
46
48
47
42
51
54
56
67
65
51
61
48
40
45
48
50
49
42
50
50
52
43
47
70
51
50
62
44
51
65
39
47
58
47
59
51
52
51
46
49
56
60
50
49
50
35
59
45
38
34
46
45
51
52
34
57
58
45
59
48
45
46
41
38
59
36
41
32
59
42
49
43
53
57
53
33
58
54
46
49
56
43
54
58
48
49
54
56
36
58
57
52
38
59
52
45
51
39
47
30
48
50
49
47
51
48
55
38
47
54
46
47
59
58
54
48
66
44
49
51
52
46
59
56
57
52
40
53
50
67
48
60
51
41
47
46
51
46
55
51
47
46
49
54
49
47
66
41
53
52
55
46
57
49
69
59
46
57
60
46
45
54
65
47
51
40
51
25
75
39
48
45
53
40
38
46
49
48
47
53
66
55
47
46
56
30
39
48
57
47
33
57
53
57
57
51
43
49
46
44
47
46
51
36
47
57
63
35
42
68
51
62
49
45
50
49
64
59
32
34
32
21
29
27
30
40
48
41
34
39
31
37
35
37
41
39
31
33
25
27
40
32
28
38
33
31
39
29
31
8
28
32
27
41
32
24
34
26
49
39
30
37
27
32
30
33
36
32
35
34
23
26
27
36
29
41
34
46
36
44
28
39
29
37
22
34
27
34
38
30
33
26
26
39
28
18
36
26
28
33
26
28
31
44
19
34
19
55
42
31
30
33
39
35
34
38
36
33
32
43
37
25
40
38
35
29
46
31
25
35
26
35
40
34
26
30
25
36
32
27
28
41
23
44
31
43
33
31
32
44
36
43
40
23
33
29
38
11
31
34
37
30
20
30
26
39
35
37
27
37
22
31
36
42
27
42
20
39
36
31
38
50
37
34
28
36
38
31
38
34
29
23
30
54
45
31
27
42
24
28
24
39
30
35
26
39
33
35
32
41
29
27
25
37
53
43
20
32
37
24
28
40
30
25
32
30
32
37
29
29
36
31
43
25
25
31
37
24
29
41
32
45
41
32
36
40
38
42
33
30
32
39
34
24
32
36
19
14
22
28
34
33
26
31
41
32
40
46
