35
13
39
38
32
43
32
28
37
36
17
34
42
31
43
36
39
25
42
17
32
50
32
53
32
37
12
32
33
35
34
21
41
30
37
26
25
31
26
29
44
39
37
45
24
33
44
30
28
31
29
36
25
32
38
28
35
19
29
53
42
26
33
38
39
37
29
49
26
33
33
37
37
35
34
34
33
37
39
42
32
12
23
17
42
26
27
38
30
38
36
31
38
25
37
24
28
33
26
24
27
28
32
27
31
27
35
47
32
22
33
44
29
50
34
24
36
37
35
35
47
38
36
22
39
45
31
27
28
56
28
29
29
35
24
23
31
30
41
26
35
32
31
33
39
32
41
29
20
30
35
38
28
17
38
34
33
35
34
37
39
32
34
35
25
40
21
32
33
35
39
32
34
40
48
37
34
29
43
36
26
39
30
37
35
36
28
37
27
35
35
29
33
36
34
27
19
16
28
32
31
31
30
39
30
36
43
29
34
34
28
8
34
37
42
33
28
16
35
35
21
25
38
33
30
36
51
29
37
35
23
30
32
36
29
31
39
41
44
34
26
12
30
39
34
28
34
31
32
42
63
45
39
42
62
55
64
68
46
50
70
57
49
54
51
48
50
59
59
55
51
43
48
52
43
52
52
52
46
45
55
55
49
59
65
49
49
57
52
39
53
34
51
52
52
36
49
54
67
59
57
53
45
53
52
50
46
48
44
54
51
49
39
49
53
50
55
56
67
54
53
52
38
49
54
41
60
57
58
74
42
57
52
43
44
63
57
37
50
50
45
52
60
45
51
44
51
57
48
51
40
49
43
42
37
54
44
64
50
44
55
59
58
49
41
51
53
52
62
50
52
56
33
60
44
41
45
34
47
48
43
63
39
50
48
39
39
51
54
58
36
50
56
56
35
47
57
53
52
55
25
52
41
65
51
59
48
42
59
72
46
49
45
49
51
59
56
52
42
44
51
39
55
47
49
49
48
54
52
56
48
53
56
54
38
49
58
53
44
43
44
75
40
51
45
57
69
48
51
52
53
44
55
57
61
65
54
54
54
50
50
52
59
56
51
52
46
38
45
59
47
56
58
57
57
31
40
48
44
58
49
53
52
54
77
56
40
62
63
53
37
37
43
51
66
36
51
50
48
56
