26
30
30
30
41
19
32
29
28
47
32
27
35
31
26
30
35
35
31
29
34
31
32
33
37
21
35
40
37
29
30
40
33
30
26
47
26
39
30
26
26
37
39
31
36
32
30
34
36
41
40
27
26
34
39
32
31
36
27
32
40
22
37
31
28
29
26
41
46
32
32
39
33
30
44
41
39
36
29
38
33
32
37
23
32
41
34
43
36
46
38
24
22
33
32
37
40
36
32
29
13
33
36
28
37
35
37
39
38
28
22
33
33
21
38
34
41
37
37
32
34
27
30
31
23
41
28
31
27
34
34
37
40
46
20
37
41
28
26
42
30
33
42
28
38
31
35
35
37
42
27
20
36
31
30
12
34
31
29
36
27
35
33
19
28
34
28
46
31
45
37
26
22
36
36
40
32
21
42
25
37
32
22
24
32
55
27
18
39
34
40
22
38
48
29
28
27
33
36
30
37
40
35
36
26
34
38
23
29
27
25
37
40
28
34
48
41
38
31
36
35
35
20
33
36
40
38
32
33
17
35
31
27
18
30
14
28
32
25
38
34
31
30
19
28
38
29
50
39
31
54
43
63
57
50
52
45
47
57
52
43
47
48
63
43
43
54
48
62
50
44
60
59
54
55
49
50
49
51
38
47
52
49
48
55
49
49
53
61
49
47
51
37
50
37
57
47
58
39
52
49
40
57
59
45
65
53
54
50
55
45
33
48
50
35
43
48
59
37
57
37
47
41
66
47
49
51
46
45
39
41
50
45
55
49
56
46
48
44
53
44
54
57
38
62
38
45
52
56
62
43
45
46
57
53
58
37
43
43
62
52
52
38
49
56
49
47
50
55
44
78
45
54
60
53
60
39
46
65
50
47
49
44
52
52
60
53
44
40
57
54
55
52
41
60
56
38
47
50
61
57
58
48
44
51
50
55
63
46
53
59
60
54
52
30
43
46
52
58
57
60
67
43
59
61
58
52
47
53
41
53
37
40
49
53
52
56
46
50
40
45
49
43
61
52
36
43
52
59
48
48
28
46
54
50
47
58
43
56
49
49
64
64
50
49
49
52
51
63
59
44
50
38
32
49
58
32
46
63
54
60
37
41
56
70
54
54
46
21
49
49
52
49
50
54
48
40
42
50
47
