38
29
34
29
31
42
33
41
31
13
26
41
51
44
31
29
32
26
20
37
31
43
37
29
36
33
31
31
39
36
33
40
48
38
29
27
34
35
37
33
36
42
25
36
14
43
34
28
28
33
35
34
35
44
30
31
28
20
42
39
36
41
25
41
27
39
32
28
35
29
39
40
51
30
37
45
32
37
10
21
29
29
30
39
25
36
38
42
30
36
34
30
18
31
41
38
39
32
30
43
42
30
46
18
27
35
34
24
31
30
39
54
22
30
37
28
28
51
24
28
36
34
40
34
38
44
35
32
31
31
35
39
36
30
36
26
21
25
39
34
43
33
31
41
39
33
32
29
31
39
31
31
35
43
28
38
46
31
29
28
21
42
22
33
30
45
32
34
32
19
31
17
31
43
32
19
40
40
27
44
23
30
30
48
21
8
19
29
46
29
45
41
46
29
36
45
14
35
36
27
36
26
30
29
26
23
32
27
30
51
26
42
6
25
31
15
40
34
46
29
37
37
28
44
33
29
41
25
34
36
45
31
37
30
32
45
54
40
14
30
39
33
30
35
31
26
32
25
34
29
27
33
33
34
39
28
37
46
34
32
35
29
27
42
28
44
22
30
48
44
28
34
33
35
32
41
25
36
18
30
16
41
41
40
62
35
36
40
32
36
35
39
25
40
36
30
40
32
31
30
30
37
39
27
37
40
33
32
31
29
16
37
33
41
28
29
28
35
34
34
35
33
20
31
22
38
29
39
20
41
20
35
35
39
31
30
15
32
40
25
27
36
28
36
27
24
41
41
28
40
43
29
29
28
28
25
27
32
37
24
36
31
23
20
36
30
42
29
35
36
43
42
34
38
39
39
19
36
25
22
32
24
33
29
27
20
43
36
29
29
38
22
34
31
27
39
34
36
28
23
33
40
30
10
37
28
39
36
30
35
39
40
32
37
34
16
40
25
27
21
32
40
34
30
33
26
26
34
51
38
44
30
29
35
49
38
21
42
33
36
35
47
36
28
26
30
27
46
41
32
30
28
22
35
39
37
41
28
42
43
38
26
23
49
40
33
28
32
36
48
25
43
47
35
38
46
31
32
30
39
46
32
47
40
34
25
47
30
40
29
32
30
45
37
31
19
24
39
27
12
