4
33
40
33
37
44
30
36
43
29
40
30
31
18
34
29
39
38
27
41
30
32
41
29
35
39
12
44
33
22
36
28
33
30
36
31
27
62
35
31
38
20
46
27
37
53
36
39
34
31
34
35
33
37
25
26
33
11
24
34
34
35
34
59
31
33
31
34
34
28
38
41
41
23
47
27
16
48
30
36
31
30
31
20
22
38
35
31
34
27
30
33
29
32
38
36
36
23
36
30
32
35
41
30
39
30
35
18
37
37
21
28
26
38
43
43
48
43
15
41
27
45
35
40
26
27
41
26
19
37
24
45
36
43
36
40
50
11
43
29
29
30
38
23
38
23
38
37
27
31
20
16
32
7
33
31
37
40
35
39
28
43
34
38
32
33
28
19
29
35
36
30
29
39
32
40
40
41
31
30
24
36
34
27
28
29
31
30
32
24
32
34
39
37
22
56
36
29
24
17
41
29
29
38
48
30
40
26
29
21
28
33
23
39
39
24
30
34
32
32
43
34
21
29
35
27
33
47
29
36
19
27
32
37
29
29
32
39
40
36
42
34
33
33
38
34
31
31
45
44
35
29
24
38
32
52
40
29
31
45
22
29
17
39
24
11
31
11
25
30
30
23
34
26
33
31
36
19
19
27
31
38
38
25
35
39
33
25
38
37
32
39
34
37
32
30
32
25
25
42
26
14
27
37
22
28
37
40
30
40
34
28
35
35
37
32
36
31
35
23
31
31
31
32
26
26
27
50
31
31
38
48
33
34
38
45
31
41
46
31
41
33
30
28
19
26
45
36
33
29
39
34
27
30
40
33
40
39
30
31
15
33
30
31
29
41
24
38
32
34
34
24
31
28
12
26
29
41
29
32
31
29
36
46
43
33
29
34
28
33
30
24
35
35
41
33
25
39
30
41
24
34
28
18
40
32
33
47
28
31
37
43
35
39
31
33
41
37
31
32
37
19
27
31
32
34
35
30
20
18
31
38
24
35
35
40
33
37
25
35
38
23
35
34
30
31
34
27
37
35
21
36
36
23
32
45
32
43
38
37
17
11
34
39
37
34
20
32
32
27
38
32
29
20
30
33
47
29
15
11
41
31
33
27
32
23
30
43
53
17
40
37
30
31
32
22
26
23
33
35
