40
24
36
31
34
34
39
35
37
27
41
39
34
40
36
37
32
43
34
35
30
37
37
39
38
35
27
49
30
22
27
38
23
28
32
31
33
24
37
29
23
29
34
38
28
44
18
27
31
34
26
32
18
40
33
41
41
45
41
32
32
25
36
30
21
36
34
26
37
33
36
36
26
46
28
34
24
23
31
31
33
19
36
34
35
28
18
18
35
28
59
41
45
42
36
38
35
29
35
33
36
29
39
37
34
24
30
22
28
19
30
46
55
24
20
33
46
30
40
31
38
39
33
27
25
22
4
25
31
36
25
22
40
34
27
36
26
43
30
39
24
31
37
35
24
52
48
29
32
31
37
33
30
36
23
41
32
31
20
27
30
25
37
27
39
32
37
38
48
31
17
43
39
40
32
36
36
38
33
39
29
46
51
21
21
22
29
24
24
25
39
51
42
21
51
36
16
29
42
36
38
35
34
31
43
35
29
33
18
32
19
41
27
35
33
27
33
45
22
27
43
10
39
41
32
43
31
29
35
46
42
37
31
46
31
39
37
40
21
24
53
23
29
26
23
29
27
30
39
29
49
56
45
57
43
58
43
45
63
52
43
54
42
47
53
51
45
45
41
53
39
42
32
53
48
57
60
52
54
54
51
39
37
19
42
40
45
65
43
44
47
44
49
45
52
50
46
60
46
55
58
70
43
52
40
37
75
44
65
45
56
53
54
44
63
48
34
47
47
49
41
52
55
52
46
36
52
41
51
60
51
37
51
58
65
50
44
53
43
49
50
41
59
48
52
53
47
58
57
59
47
43
56
49
40
54
55
52
50
50
54
55
59
52
64
50
64
51
44
53
72
43
43
43
43
47
31
52
52
46
47
51
53
39
53
43
46
54
47
65
42
54
50
68
55
37
50
48
53
54
43
42
45
60
54
55
43
62
58
51
46
37
64
55
60
41
56
50
51
41
48
45
59
60
50
46
42
55
54
52
44
78
54
67
54
47
49
54
50
44
45
61
40
48
52
45
72
57
42
55
51
51
55
54
44
48
52
46
56
42
57
51
59
57
51
60
39
38
64
64
33
57
61
46
52
37
49
44
49
49
56
50
46
54
36
57
44
44
58
54
48
42
66
55
59
53
44
40
40
50
