50
48
39
56
44
49
34
54
47
56
44
56
47
57
59
56
61
57
46
50
52
50
50
46
55
52
54
52
55
75
51
54
53
47
57
65
52
71
49
60
56
26
58
55
30
53
48
39
41
35
58
47
57
52
46
36
60
52
55
31
46
48
51
55
51
46
56
46
57
51
51
40
51
60
41
49
71
33
43
49
47
43
57
38
58
49
51
50
46
48
50
54
53
53
40
53
53
52
47
31
54
64
52
49
52
46
65
50
45
58
37
49
50
48
60
53
41
56
61
40
53
59
52
48
56
51
37
48
39
61
39
56
50
40
41
41
58
50
39
38
59
68
50
50
70
45
51
57
49
60
45
44
50
54
55
50
58
50
47
55
55
45
40
39
43
60
43
45
63
50
33
56
45
51
45
50
61
45
30
41
43
37
39
46
41
53
41
62
52
54
55
48
55
46
51
49
37
46
47
35
55
56
67
46
43
54
57
58
55
38
49
52
53
48
56
57
57
41
48
52
42
53
51
41
45
58
53
43
28
47
44
45
55
37
39
47
52
41
47
45
30
50
57
46
56
57
49
60
72
49
33
24
26
33
30
36
33
30
25
41
39
23
43
22
30
39
28
39
23
32
35
37
39
50
46
36
31
25
36
38
42
33
27
25
27
34
35
33
27
46
32
49
25
38
37
36
17
31
25
20
55
36
21
29
37
38
27
35
38
32
27
25
45
29
33
27
38
37
19
43
30
21
37
40
30
39
39
37
36
41
32
30
35
33
30
31
34
30
32
38
36
41
36
42
35
44
42
15
32
40
33
38
33
30
30
12
23
38
25
15
23
47
46
28
33
29
38
41
20
38
20
31
37
34
36
26
41
31
31
24
32
30
20
37
29
24
36
33
35
27
31
25
39
22
27
33
25
32
12
36
45
40
26
42
38
19
22
39
21
29
38
30
46
40
30
33
46
33
29
39
31
43
41
28
30
40
14
24
36
17
34
38
23
34
45
51
26
36
30
28
56
45
40
56
34
32
31
36
6
41
40
23
24
34
55
35
37
40
32
44
36
48
24
50
33
28
31
43
21
28
32
19
38
36
47
36
30
34
27
41
27
34
33
30
38
35
17
20
25
34
29
33
41
11
28
30
32
28
31
32
