50
31
42
35
34
25
33
35
36
43
39
51
36
42
36
34
41
37
29
33
34
41
39
48
41
43
44
37
39
27
47
34
25
25
38
25
23
26
31
26
6
36
22
37
39
31
33
25
28
40
52
31
33
30
59
39
25
45
40
30
47
26
34
27
28
43
38
34
42
38
30
33
44
30
33
17
43
38
33
39
23
31
41
32
37
31
32
19
32
28
40
30
46
22
26
21
34
40
32
28
45
25
23
36
38
36
38
31
34
30
31
13
32
34
40
36
30
36
33
25
26
46
40
32
30
53
35
35
34
34
33
36
29
32
48
37
50
11
27
28
45
32
26
27
38
24
40
34
42
39
37
38
31
29
41
37
32
32
22
30
27
29
43
33
34
33
22
30
11
28
48
14
23
28
44
37
29
29
23
41
48
30
23
40
31
33
42
28
28
31
33
37
33
37
32
34
29
38
28
37
38
34
37
41
33
24
39
33
32
26
14
35
28
36
38
43
29
34
33
36
22
45
28
43
26
23
33
36
33
13
45
33
30
30
41
29
34
25
36
40
30
37
34
33
40
27
31
31
33
37
38
53
49
54
45
57
54
52
49
45
52
48
69
49
56
60
52
47
52
49
52
37
49
49
36
47
70
46
40
52
39
48
52
76
55
43
53
47
45
53
52
52
48
43
56
45
35
34
41
43
37
49
51
59
54
43
44
49
57
49
62
41
49
51
47
50
70
49
57
49
32
56
49
55
42
47
51
57
60
53
36
55
45
55
51
60
51
57
53
42
43
53
58
52
40
45
48
59
61
44
51
59
53
44
43
44
47
59
36
39
45
56
43
60
48
58
49
57
57
50
57
53
53
62
56
54
59
42
31
48
39
64
48
55
60
50
38
54
52
39
43
56
38
48
48
45
58
33
33
42
54
47
70
53
57
48
50
55
43
49
47
62
55
47
63
55
45
56
50
54
50
54
44
50
40
57
61
53
42
40
52
57
41
50
49
45
49
56
43
64
53
49
37
45
52
36
37
66
43
39
56
43
54
56
48
49
55
56
51
48
46
52
65
64
56
58
48
58
50
46
64
31
73
47
46
27
40
46
59
49
54
49
51
40
73
44
49
48
60
45
43
51
55
48
50
62
50
57
50
57
