45
53
51
59
54
60
66
45
52
53
46
57
46
52
29
52
50
43
52
37
56
49
52
55
52
43
50
53
29
40
48
44
57
62
54
51
47
51
50
56
47
45
51
44
47
50
44
47
65
43
48
49
47
54
41
49
64
56
52
54
57
30
38
65
55
60
46
45
47
41
37
67
48
51
62
55
52
56
55
44
47
42
50
45
40
45
51
45
56
40
42
41
35
53
49
48
54
51
41
48
48
44
59
47
48
47
53
60
57
40
52
49
36
49
52
55
47
54
47
45
42
48
57
52
50
53
48
55
50
43
65
53
59
32
67
49
44
56
61
26
39
68
52
40
39
40
26
66
45
57
54
53
49
56
57
42
57
47
40
64
51
34
54
61
47
25
49
54
56
39
52
52
55
46
52
49
44
54
46
55
64
50
53
62
53
53
40
44
57
53
46
42
47
41
55
55
45
65
56
47
46
59
51
57
52
65
45
67
44
49
46
50
46
53
44
41
37
53
54
41
45
54
47
49
55
52
34
49
44
48
58
46
58
47
48
69
46
54
56
46
45
52
50
35
50
50
51
36
64
54
51
41
44
33
41
23
30
28
16
38
37
31
31
24
29
32
37
32
30
34
19
27
29
34
28
36
38
36
49
33
33
31
33
31
23
41
23
40
36
34
41
31
46
39
29
38
34
36
47
37
25
39
30
33
28
36
23
25
36
39
32
44
20
36
33
29
34
29
41
26
25
35
30
36
37
37
25
32
36
31
29
35
37
39
28
28
35
23
40
47
15
29
18
43
36
24
46
45
24
32
45
30
45
39
34
26
20
28
24
31
33
27
40
30
37
20
22
38
34
33
32
41
32
30
32
27
41
28
31
43
38
30
36
55
36
27
29
41
29
40
32
33
34
33
47
33
35
37
40
33
29
50
20
52
36
16
41
33
56
39
26
51
35
36
38
26
42
18
48
47
20
30
38
32
37
31
40
39
23
27
24
37
39
33
36
39
36
24
27
31
32
21
62
33
27
38
34
33
4
33
30
30
17
32
48
41
25
32
26
38
36
34
19
25
38
37
43
34
28
28
37
42
30
9
39
44
31
28
27
31
31
37
32
34
26
33
33
41
44
41
35
29
36
36
24
47
39
25
23
35
