41
39
51
28
36
33
32
14
35
39
32
29
49
30
42
18
33
37
27
38
31
29
32
37
34
38
38
34
35
39
24
27
9
25
32
22
39
23
24
40
36
40
37
26
19
36
40
22
15
34
29
30
28
46
37
31
44
36
20
31
34
35
31
28
38
35
27
31
41
34
44
30
24
30
29
12
34
34
52
34
32
36
24
48
24
29
16
42
23
37
46
29
21
34
38
35
35
27
14
35
28
36
26
36
37
35
43
22
28
42
31
32
38
32
31
37
18
36
25
48
43
29
41
38
33
32
26
28
38
30
18
30
20
31
37
39
20
29
31
33
33
20
22
33
41
31
35
28
37
26
35
33
41
35
16
35
28
38
43
36
23
35
41
34
34
29
33
42
43
49
25
37
34
33
31
34
39
41
28
32
31
56
36
29
24
26
32
35
34
21
29
32
38
42
28
32
50
24
26
36
39
27
29
29
33
33
27
26
38
40
47
34
34
37
27
38
37
22
36
30
38
37
33
39
35
36
28
15
35
40
39
33
20
26
27
30
15
41
27
41
24
46
32
35
56
34
35
29
50
59
50
52
67
56
49
59
48
44
46
52
47
49
52
50
32
54
43
47
52
54
51
51
57
49
72
56
49
56
46
42
44
48
39
44
51
45
47
32
47
56
42
67
40
48
42
55
49
50
21
58
30
42
49
53
54
51
45
49
51
27
59
51
58
45
35
70
60
52
55
50
30
60
45
54
70
46
49
57
52
23
48
49
75
54
47
49
45
54
46
72
40
37
51
38
56
61
46
52
50
70
54
45
58
46
57
63
33
48
54
38
60
57
68
50
47
52
50
57
44
48
69
44
49
46
49
47
47
37
56
70
56
40
51
49
61
57
52
45
56
69
50
47
63
54
55
46
37
53
49
58
52
49
42
51
56
49
47
45
45
47
43
56
53
44
47
45
50
52
54
57
52
48
38
69
37
53
54
56
58
48
51
46
32
50
51
30
48
54
38
60
58
56
43
51
54
44
43
59
58
50
63
57
47
45
52
50
52
57
65
61
42
32
49
51
49
56
54
53
42
52
47
49
44
55
48
47
59
37
53
36
52
50
45
52
51
40
44
49
56
55
53
70
52
48
35
44
45
66
63
39
