35
15
32
27
38
31
28
31
31
32
28
33
18
42
20
33
30
32
29
31
29
26
25
40
36
47
32
19
45
39
22
38
35
12
23
24
34
31
33
27
22
38
29
36
24
35
24
36
35
32
28
38
41
38
29
34
27
45
22
40
32
38
29
31
31
33
30
21
45
36
36
39
49
36
30
43
45
37
28
32
26
41
34
34
48
35
34
30
34
29
37
35
25
33
25
33
30
31
37
40
44
34
30
29
28
48
30
33
26
40
46
35
30
36
31
33
32
30
36
38
11
27
18
37
30
27
53
33
37
31
24
44
48
14
32
29
34
39
30
32
33
26
35
45
35
33
39
39
36
28
34
35
25
42
35
35
39
39
20
26
32
50
39
29
26
36
30
33
36
28
32
31
22
37
37
37
33
34
28
39
25
31
30
32
42
35
36
29
15
35
32
33
24
33
35
35
45
51
23
28
39
45
28
37
27
25
24
31
43
35
30
34
27
28
31
25
29
36
32
34
27
37
24
27
30
44
35
46
35
38
23
32
36
31
27
40
39
33
39
33
35
54
29
36
28
34
28
29
26
27
53
53
52
46
50
38
34
51
28
54
40
54
57
50
27
51
54
58
52
45
43
61
51
42
40
58
54
49
44
45
53
46
63
49
47
53
51
50
46
24
75
49
38
50
47
56
52
57
26
55
51
47
58
44
63
47
47
63
52
47
72
44
52
61
47
60
49
56
25
50
42
42
43
44
53
56
48
33
51
50
51
55
63
70
51
41
39
49
46
48
49
55
63
46
52
63
56
49
57
40
48
36
50
53
45
47
59
53
34
45
41
54
57
47
45
50
45
49
52
55
60
45
59
46
53
50
48
70
50
52
60
44
45
55
55
73
49
45
40
47
45
53
50
53
54
40
47
47
61
41
41
45
47
33
50
50
53
36
46
63
59
45
51
47
44
46
50
54
52
61
52
49
53
71
51
42
55
47
51
56
45
55
53
40
51
51
58
49
48
44
45
45
46
66
48
45
44
53
50
30
45
47
66
44
43
51
43
66
55
48
42
52
51
53
45
57
56
43
37
49
44
43
44
43
61
49
48
57
46
52
48
53
48
55
44
48
32
46
25
54
47
60
60
39
48
56
53
34
57
61
