25
31
29
27
28
30
22
37
31
31
32
47
43
42
34
24
33
33
31
35
39
51
21
35
27
30
38
27
31
30
33
24
30
39
29
38
39
27
40
35
34
34
33
38
30
39
38
23
35
25
16
22
36
42
19
40
17
28
33
31
32
36
42
27
35
24
40
33
36
9
51
40
46
38
41
37
33
33
39
34
33
32
29
28
25
44
40
29
17
35
38
38
40
26
20
45
45
33
40
40
39
31
20
36
32
36
31
41
48
11
37
25
34
33
25
47
31
31
30
22
29
46
34
26
38
28
34
27
34
27
23
41
28
35
55
30
18
42
47
34
29
33
32
34
29
35
30
31
32
31
40
29
32
41
32
25
31
38
36
41
42
32
25
30
36
40
25
44
24
37
29
24
36
39
32
32
32
35
45
38
36
51
29
30
32
41
27
40
30
33
25
24
36
37
40
25
45
36
26
31
40
35
39
28
9
32
22
48
29
33
32
16
30
33
40
28
36
37
31
38
38
44
23
33
27
28
28
25
29
38
22
38
30
33
35
22
32
39
31
32
32
36
31
18
28
33
31
35
35
22
49
40
51
57
60
59
55
47
42
48
56
51
55
49
37
41
60
30
49
47
46
51
26
51
52
62
74
57
47
52
55
44
50
56
52
47
50
53
45
45
47
46
58
45
62
52
45
34
61
58
57
43
52
42
51
48
62
55
47
51
47
45
49
49
49
51
58
47
47
61
56
43
34
45
54
52
53
44
59
51
36
56
55
41
50
46
51
33
50
54
44
56
45
40
49
43
67
43
54
42
43
51
63
59
50
50
54
48
45
52
43
38
48
53
61
46
49
58
51
53
52
50
56
43
41
54
48
47
51
58
54
48
66
46
49
45
66
58
45
54
56
38
55
46
53
52
66
53
43
46
48
49
53
49
52
53
49
53
70
65
47
56
32
49
54
47
52
53
44
48
38
43
40
44
35
54
44
47
49
40
50
52
64
50
45
47
42
47
40
56
42
51
51
46
49
51
48
56
45
57
35
57
52
43
38
48
48
41
58
47
51
49
51
57
49
55
51
43
60
21
46
52
53
48
53
60
56
50
57
51
49
56
57
57
54
47
45
45
65
50
46
45
52
50
57
50
36
48
68
51
