44
32
26
37
33
28
37
36
35
17
38
24
46
33
27
28
47
26
24
26
39
24
42
28
25
38
42
35
47
24
38
35
30
38
45
33
26
29
27
34
31
41
26
37
26
16
25
30
41
16
31
22
50
20
7
33
37
24
36
29
27
36
34
30
35
38
31
35
29
11
28
34
36
27
24
29
27
39
28
17
34
27
33
25
30
38
14
28
46
21
40
33
36
32
28
40
35
32
25
41
34
36
37
31
34
29
37
32
41
30
35
22
9
31
30
38
28
32
16
46
30
33
38
33
26
30
32
27
30
41
39
42
29
34
33
35
30
39
46
39
41
28
36
34
34
31
46
31
28
45
35
32
31
32
38
34
36
29
28
39
24
35
36
42
44
32
29
32
26
30
33
28
48
27
28
34
30
43
26
32
14
12
35
39
32
28
36
29
35
26
37
47
40
29
49
19
38
38
40
24
11
30
29
37
46
48
36
41
35
37
45
30
34
47
42
37
35
38
53
42
36
20
34
32
30
43
28
30
46
38
30
39
39
32
31
22
30
33
31
40
27
48
42
43
41
51
39
21
30
34
38
27
29
36
41
13
38
35
35
49
41
33
31
41
17
36
28
33
11
23
36
33
27
30
27
24
24
6
42
23
40
35
32
20
27
22
30
45
30
26
31
28
41
45
29
34
35
30
13
38
18
15
34
30
38
40
35
32
27
35
36
22
25
30
40
28
30
40
41
24
27
34
35
39
31
32
37
32
37
30
37
28
35
28
30
31
46
38
29
29
29
28
31
36
29
35
28
37
34
24
33
24
29
36
29
24
29
56
29
27
44
32
41
33
36
32
37
33
28
30
39
25
38
33
49
34
33
30
35
30
43
34
29
40
28
40
28
37
36
29
30
37
37
36
35
33
24
32
38
29
42
41
33
30
47
32
28
21
52
41
15
36
39
32
43
29
31
26
38
44
34
32
32
17
32
46
36
30
29
25
29
38
31
25
39
39
32
31
41
19
26
32
33
44
29
20
44
36
27
32
49
34
49
50
37
54
33
25
21
37
16
41
32
32
31
42
28
40
30
16
31
31
20
37
36
39
35
11
26
33
40
34
31
38
29
34
35
44
38
38
22
39
37
9
32
27
29
22
32
29
