37
31
36
45
29
31
31
20
48
40
34
34
54
35
34
29
38
24
29
34
35
48
15
41
53
37
29
44
34
20
35
31
46
33
45
39
39
12
31
35
36
34
24
48
39
24
48
38
37
39
41
27
37
6
37
32
33
28
45
27
41
16
40
29
29
26
25
17
34
39
31
35
40
34
33
28
26
18
48
40
42
36
32
36
29
33
33
29
41
33
34
25
25
30
34
32
44
37
36
30
31
50
33
35
35
23
25
36
34
32
26
25
37
37
32
27
32
25
38
26
33
37
20
30
34
37
45
15
37
37
25
13
33
37
41
32
34
38
30
42
27
21
23
39
29
38
23
32
20
35
24
33
33
28
29
22
38
44
43
34
22
42
28
41
29
32
26
36
36
29
28
27
30
40
32
30
24
54
40
31
36
32
18
43
26
28
45
34
30
37
27
31
31
30
37
34
35
33
28
35
44
35
27
26
42
27
45
34
45
33
38
38
17
23
21
32
31
27
28
29
34
17
27
28
44
28
30
26
35
34
28
33
27
30
41
41
22
18
44
23
23
28
41
26
33
37
28
28
34
27
56
49
42
42
55
45
42
56
49
40
52
48
40
49
59
49
80
52
49
45
65
48
51
47
55
50
44
41
60
46
37
52
51
52
58
47
47
57
62
53
55
50
51
43
29
50
52
48
49
56
58
47
54
59
49
49
62
51
44
53
54
54
48
46
62
34
53
49
49
49
56
52
47
49
57
53
41
60
43
47
46
57
37
49
50
50
50
57
50
52
51
58
48
58
51
52
57
48
46
57
43
58
36
48
56
44
52
47
42
42
52
50
53
47
52
47
50
48
54
50
61
42
51
35
46
50
54
49
51
51
51
56
68
50
65
51
41
54
58
49
45
44
46
50
64
66
56
49
48
53
65
38
55
39
68
53
53
50
59
49
46
58
62
54
52
50
60
39
50
32
43
44
48
56
52
52
35
52
41
60
69
72
46
55
73
53
59
48
46
49
69
38
55
49
44
50
49
50
53
75
56
54
56
47
50
40
47
52
48
45
53
53
39
46
65
66
54
52
23
39
57
59
51
38
38
70
37
48
61
47
34
52
50
54
56
41
54
54
57
38
46
49
60
46
60
52
50
45
49
52
