40
30
27
41
37
29
41
28
34
31
32
32
33
27
59
45
40
41
24
24
20
29
29
23
27
32
38
36
31
31
37
38
31
28
33
23
32
39
49
27
41
30
31
31
31
34
37
29
41
26
30
50
33
44
43
28
28
40
31
34
30
33
39
44
33
34
27
38
46
36
29
19
37
26
51
39
36
39
40
32
29
26
30
28
32
40
33
33
25
22
56
24
33
41
37
36
40
40
55
35
38
36
23
23
38
6
34
31
28
34
22
46
36
35
38
34
50
30
29
40
42
29
46
29
29
22
32
37
34
37
37
47
37
30
35
37
38
35
39
38
31
37
35
25
50
29
35
41
24
25
28
40
35
40
28
35
11
35
33
33
28
38
14
35
33
32
41
31
21
47
30
34
27
41
34
44
36
30
31
37
33
35
17
18
44
29
29
31
32
36
36
35
22
31
23
33
41
28
40
33
33
26
39
30
35
51
26
25
21
28
42
33
45
39
29
25
45
35
36
22
36
36
34
51
48
34
33
26
26
31
32
25
36
35
13
27
30
27
40
34
37
44
38
40
29
36
18
31
31
26
45
55
40
43
44
64
45
52
46
35
42
46
62
53
34
59
59
42
46
56
34
46
48
43
59
48
60
37
40
60
53
55
51
55
51
47
52
52
57
47
48
54
59
47
38
44
48
47
53
46
49
73
47
45
30
49
56
51
63
53
44
50
68
49
51
46
54
53
58
29
39
43
40
58
38
45
51
47
46
42
45
47
43
65
48
40
32
53
41
39
45
45
51
52
55
57
26
51
49
51
52
48
48
46
55
42
52
46
38
44
54
52
70
32
40
55
52
43
50
59
50
50
57
50
50
42
44
57
48
52
59
54
55
59
32
58
45
65
57
64
50
53
64
52
60
45
54
50
50
48
43
52
52
40
46
51
38
57
53
49
54
39
49
48
42
37
53
54
53
55
38
55
54
52
59
41
36
50
53
50
44
57
54
49
36
74
54
44
60
45
66
52
52
59
49
50
52
55
48
50
65
51
59
47
52
54
49
55
42
53
50
42
47
48
51
57
55
37
44
21
40
47
62
61
47
57
43
57
49
63
34
48
51
36
51
30
63
42
57
62
47
42
72
46
47
66
52
50
52
53
