36
34
34
22
39
26
35
29
39
32
35
43
38
31
47
25
37
36
33
26
29
24
25
52
20
29
35
40
19
37
33
31
36
27
7
37
27
46
31
30
37
25
27
13
36
35
26
38
34
41
27
25
32
32
31
30
26
35
28
28
29
32
33
51
36
31
24
17
34
34
28
24
22
37
48
27
15
36
38
34
29
33
38
26
33
28
33
35
50
26
30
41
34
27
35
29
29
21
36
24
17
41
19
40
31
35
38
38
46
19
33
35
28
37
46
31
21
24
34
16
31
45
33
32
33
31
26
32
42
34
26
47
30
34
31
19
24
33
36
34
28
42
34
41
33
31
41
28
27
26
36
32
36
39
31
49
30
27
30
31
22
36
32
36
28
44
31
39
29
32
39
41
40
24
51
46
31
31
37
42
33
43
29
34
41
32
32
32
34
11
47
34
26
26
43
20
30
31
21
25
29
46
34
38
32
28
41
35
28
19
41
34
28
31
26
29
32
42
27
39
37
18
34
35
32
19
35
36
27
35
54
14
44
33
28
44
39
42
25
39
30
37
34
36
20
27
34
31
33
34
64
47
53
44
47
48
51
46
48
48
48
51
50
64
41
59
41
54
47
51
58
45
47
43
54
50
46
50
66
46
47
60
49
57
49
37
48
35
54
50
49
57
39
62
55
60
50
50
63
45
40
53
54
56
46
47
42
53
47
47
60
66
76
60
57
61
50
36
55
48
52
46
54
41
49
37
53
53
52
49
49
56
49
55
54
43
54
41
54
70
43
45
49
58
53
45
57
54
53
50
38
47
31
52
49
52
41
42
47
64
34
45
57
53
46
41
58
57
44
43
42
55
48
52
48
45
48
52
54
62
53
55
53
48
58
58
52
60
21
58
52
43
45
65
54
38
64
52
60
57
46
44
34
37
43
27
49
36
43
35
57
54
50
47
46
47
58
26
65
50
56
57
47
63
46
55
50
44
43
54
57
48
38
59
60
63
45
47
48
61
50
38
55
40
47
47
32
61
59
45
51
62
44
60
48
48
46
50
75
52
55
44
46
49
60
55
46
45
46
42
43
55
46
55
49
49
53
54
57
64
41
42
51
54
50
56
52
48
59
48
49
47
46
56
51
51
48
47
61
49
