24
33
40
22
29
36
30
29
30
27
35
37
38
21
31
39
32
37
36
36
31
30
34
54
32
35
41
45
31
37
36
33
11
34
33
27
40
27
25
27
37
35
36
37
27
27
30
30
35
48
36
23
38
27
35
37
26
40
39
34
35
24
38
29
36
24
28
37
39
39
14
38
34
29
32
26
34
36
40
46
23
28
25
18
41
30
29
31
21
30
36
37
33
50
31
34
25
35
26
23
40
29
23
38
26
33
36
24
30
30
34
36
37
25
28
29
31
35
20
32
35
37
31
55
36
38
35
30
30
32
32
27
36
23
31
43
41
44
33
34
33
14
39
28
31
44
20
25
39
49
30
28
23
34
9
23
41
35
35
32
28
41
31
49
35
34
39
24
36
34
55
32
33
31
44
38
33
33
36
33
33
32
31
33
19
21
26
32
47
35
34
19
32
37
34
16
40
40
39
37
10
34
41
30
38
34
39
42
35
43
59
40
39
16
45
29
31
28
39
47
33
42
16
38
27
37
41
23
24
29
38
25
39
29
27
38
39
35
37
35
36
39
15
36
36
40
50
30
29
33
56
53
50
51
39
65
45
51
54
57
43
51
59
48
48
58
44
54
53
30
40
51
35
50
21
38
50
48
34
49
47
41
55
53
56
47
48
49
48
35
45
41
51
47
62
70
47
53
50
53
37
49
54
52
51
47
55
58
43
38
44
28
54
37
52
48
52
59
49
51
49
51
53
52
50
63
51
47
57
45
53
54
56
50
56
44
45
46
57
57
49
49
46
53
43
25
58
39
47
60
44
62
51
48
34
31
44
44
50
66
67
40
34
40
59
53
49
51
49
50
65
37
54
35
54
60
54
48
56
54
58
43
48
38
48
47
40
37
41
61
58
65
44
31
50
40
52
40
50
59
50
46
49
64
37
38
58
62
36
59
41
47
60
45
52
53
54
40
55
39
45
42
57
47
57
57
52
42
47
32
48
52
46
37
57
48
64
49
52
56
57
38
51
43
29
40
45
70
49
44
57
39
48
42
64
40
58
23
47
43
50
51
52
52
52
46
44
49
49
50
36
49
67
52
55
49
44
36
62
60
56
50
46
38
49
32
52
52
49
55
53
34
40
47
47
48
47
52
56
51
