32
30
28
28
38
34
30
37
26
39
29
28
35
36
40
34
37
38
27
33
28
26
22
40
33
31
41
41
29
23
42
28
29
38
47
31
40
33
40
30
47
42
38
39
35
25
24
33
40
29
23
29
37
45
35
16
39
31
22
23
25
34
31
34
22
28
31
28
31
35
41
28
33
14
40
17
34
31
34
38
43
29
33
31
25
34
32
27
39
42
23
26
30
34
33
35
33
43
36
40
37
45
32
20
45
35
36
39
36
35
20
37
38
35
23
35
39
35
36
39
33
26
26
36
28
36
37
30
33
37
38
34
33
27
36
34
27
37
37
35
34
39
32
31
31
4
26
28
39
20
30
24
38
43
24
31
28
38
20
32
34
26
39
37
41
35
37
39
53
28
17
25
31
31
28
45
40
31
41
37
36
48
35
38
31
37
29
54
41
33
31
41
24
18
19
35
31
39
34
27
38
33
39
29
27
25
44
36
51
14
33
21
27
44
37
39
37
39
34
31
37
32
44
49
22
40
30
32
40
39
27
43
34
38
37
30
31
35
32
32
21
32
55
37
29
50
38
31
24
39
58
62
42
37
58
52
48
37
52
52
50
57
35
54
57
55
55
46
50
48
64
45
50
42
42
64
47
51
57
56
54
55
54
47
43
46
61
48
41
55
40
56
53
58
47
39
51
55
35
43
44
60
42
48
60
46
46
65
55
58
61
48
52
59
48
39
37
53
63
43
38
63
67
47
46
65
62
54
54
52
57
31
61
48
56
55
46
51
54
56
50
50
49
46
43
52
49
56
57
50
53
38
52
44
29
39
50
35
40
60
53
44
49
40
43
28
52
53
49
52
49
57
51
49
43
57
53
48
52
53
57
34
54
55
39
56
43
42
53
42
46
48
54
49
61
42
47
51
39
46
58
39
49
50
61
51
27
29
45
50
43
45
54
62
42
56
50
37
58
58
44
50
54
51
45
51
57
57
49
54
52
43
49
51
53
45
42
45
56
53
50
57
71
66
47
37
49
56
52
56
47
41
47
57
48
63
52
42
44
53
56
42
48
60
40
54
54
45
53
48
51
52
51
53
52
53
52
38
43
54
56
60
54
31
54
54
53
51
53
49
51
60
62
56
56
49
43
54
30
44
