40
40
37
27
35
39
33
45
43
34
40
46
28
34
31
36
34
12
37
32
32
34
26
34
25
33
39
25
32
36
41
40
16
36
36
34
34
14
27
20
32
45
46
39
31
41
42
46
12
53
46
25
39
22
42
26
29
34
27
36
23
39
37
31
26
29
32
41
36
33
55
29
47
33
31
27
22
27
28
32
29
29
33
34
42
54
20
34
41
27
13
23
34
25
24
48
28
27
27
24
31
20
17
36
31
31
46
40
22
28
37
44
29
29
9
41
36
37
40
50
44
38
41
39
31
33
25
32
36
25
8
47
31
31
39
31
33
30
29
31
49
34
43
35
29
47
34
36
36
37
38
35
21
39
30
38
30
24
25
44
36
24
42
25
36
16
33
36
24
35
25
38
40
40
21
19
28
41
31
27
31
24
43
29
25
32
35
34
46
51
19
37
45
28
35
19
37
35
30
24
27
40
36
33
25
22
35
38
48
31
33
21
33
36
34
22
31
28
25
26
32
19
34
21
44
39
37
31
32
30
33
37
29
34
21
25
24
40
42
48
29
31
40
27
28
22
8
37
33
44
53
50
55
48
48
46
68
52
34
48
53
53
44
53
52
57
52
51
51
63
46
43
50
63
53
54
36
38
55
69
48
45
39
48
53
51
53
28
56
55
47
50
58
26
53
61
53
52
50
47
50
55
45
42
39
52
52
52
31
51
46
45
58
43
43
43
66
57
56
47
54
53
48
55
53
50
54
62
52
50
42
54
52
42
48
43
47
46
45
51
52
43
52
61
54
56
46
37
47
63
53
50
55
37
45
49
45
62
51
56
59
31
41
59
45
49
57
54
68
50
45
49
50
58
54
59
47
57
67
46
60
40
42
46
49
47
62
65
42
42
48
45
39
55
48
48
37
43
49
44
55
31
59
57
42
59
44
49
49
62
40
57
51
49
49
56
54
59
50
53
36
49
55
52
61
62
49
61
57
60
44
52
60
53
66
38
40
37
51
56
40
40
53
43
49
42
44
43
53
54
54
67
61
40
55
66
49
54
52
52
52
54
46
53
54
49
41
61
43
49
49
29
55
67
52
75
41
50
53
35
56
42
49
40
55
53
51
47
49
60
53
45
50
50
53
43
40
67
51
43
