33
48
28
32
32
29
35
16
25
41
18
37
39
25
14
30
40
50
51
41
41
40
34
27
32
36
27
36
42
46
30
43
31
28
47
44
29
27
37
24
31
28
27
26
39
29
38
39
38
27
37
24
35
34
29
17
23
39
20
53
35
29
33
40
37
32
30
48
32
32
41
38
24
27
12
34
35
41
43
30
31
32
18
24
28
31
20
35
29
29
27
33
44
35
32
29
31
33
25
24
26
35
31
30
35
23
21
16
29
16
48
38
34
6
41
34
37
45
30
34
36
33
31
18
37
31
34
37
19
30
34
12
27
37
31
39
32
33
41
54
18
46
29
46
45
33
27
29
32
26
37
30
30
43
34
22
38
37
20
32
29
36
25
30
24
37
31
41
32
27
40
33
34
9
39
36
37
31
32
22
31
19
35
41
49
40
38
32
33
27
32
36
34
36
45
14
24
21
36
21
59
44
37
44
36
36
32
34
33
27
42
39
35
35
43
26
21
32
15
35
39
32
32
38
33
29
29
32
41
42
32
32
30
29
28
35
20
27
27
54
34
23
29
31
37
30
31
38
21
37
35
36
27
28
30
31
42
37
35
43
34
39
30
34
20
32
26
30
40
27
44
32
12
36
35
31
31
34
27
35
36
35
31
30
30
23
35
39
25
43
38
9
29
34
28
30
50
36
34
32
31
30
35
38
28
40
24
42
21
36
34
26
32
32
33
37
24
35
16
31
39
22
25
30
36
36
17
37
22
30
36
11
30
33
36
34
33
29
48
45
32
33
36
43
25
19
46
30
34
44
33
29
35
38
46
41
25
27
21
34
33
31
53
44
29
45
47
32
27
27
31
31
31
22
14
23
36
37
35
35
32
14
32
28
30
17
32
34
33
31
37
37
35
33
37
37
34
23
32
55
39
33
31
33
51
34
37
48
36
29
23
29
17
50
42
34
27
40
33
37
31
25
19
35
34
33
25
19
37
22
40
34
36
29
32
24
22
23
41
30
28
27
21
36
35
24
26
35
47
34
24
46
36
30
45
31
32
39
40
34
36
45
40
30
43
31
40
28
28
38
22
40
45
25
33
11
39
47
23
38
36
31
28
25
39
23
30
30
46
39
33
32
45
24
28
32
33
34
27
47
