49
35
41
31
31
32
34
31
53
32
32
25
40
31
24
37
34
29
22
49
29
31
22
41
30
26
21
35
34
39
43
23
39
32
51
18
32
40
35
38
34
33
36
40
24
23
31
35
19
41
35
32
22
25
31
26
36
31
37
22
43
29
30
37
56
28
27
41
25
27
44
33
26
37
36
22
29
31
38
30
36
29
25
42
40
33
27
30
34
41
31
33
34
35
38
23
34
35
29
35
32
23
36
43
20
42
32
56
39
27
33
39
29
23
35
13
29
37
36
35
28
29
32
36
37
33
31
32
24
43
31
28
31
35
46
25
47
33
47
41
29
18
24
21
37
26
22
29
46
32
35
27
32
33
34
27
39
29
41
20
28
32
22
40
31
32
34
34
54
33
39
31
22
37
40
33
28
33
44
35
28
19
37
40
28
34
36
28
37
31
21
47
29
46
48
39
14
39
41
22
31
34
16
47
28
30
41
40
24
34
28
29
32
36
37
36
32
45
39
45
41
35
37
49
32
30
36
33
32
36
39
38
45
38
29
38
32
41
22
25
36
25
40
38
37
31
41
30
52
33
65
44
51
57
40
50
40
41
54
59
46
42
53
54
44
49
40
40
51
48
52
43
43
48
55
48
62
48
52
52
52
57
48
58
52
43
52
44
48
51
50
47
50
46
59
58
41
45
51
51
56
41
46
50
52
56
47
57
52
56
54
52
69
48
73
52
55
55
54
48
51
60
65
36
51
55
42
65
37
48
45
44
48
50
76
37
62
62
62
59
49
46
71
49
48
40
38
50
32
51
54
27
43
57
53
58
39
54
48
46
52
53
35
43
49
54
44
35
49
53
50
38
50
35
72
56
48
45
46
50
52
51
24
52
53
41
58
59
47
59
55
37
43
46
55
43
63
47
56
49
56
40
57
24
47
53
59
52
61
48
54
35
53
38
45
38
59
46
41
46
48
43
40
58
56
51
50
46
44
52
42
36
57
37
51
59
26
57
44
51
50
45
45
45
47
45
55
45
49
42
47
47
50
47
49
51
46
16
45
52
60
55
44
65
46
54
48
59
45
53
54
49
41
59
46
58
47
50
69
56
37
62
52
51
61
44
57
54
54
45
49
55
51
35
53
69
63
49
51
51
