44
57
39
53
55
49
53
45
63
56
46
42
73
59
59
57
51
53
51
49
52
46
45
54
48
55
45
69
37
41
43
51
49
52
48
48
50
58
38
54
40
45
53
53
20
44
42
37
46
59
52
62
48
54
57
54
45
56
46
57
56
53
60
55
21
59
42
57
48
57
51
53
44
55
51
51
60
51
47
52
55
49
42
59
57
41
52
54
41
54
45
54
49
40
28
50
62
53
52
40
50
48
54
56
48
52
47
47
45
55
55
56
47
51
43
65
52
67
43
49
44
49
53
48
42
52
54
53
60
53
60
55
51
47
34
52
53
32
55
46
37
45
50
40
56
52
48
28
57
61
69
47
42
51
43
56
55
51
70
48
51
46
48
58
46
38
57
49
47
54
46
47
42
49
67
29
48
54
37
65
53
39
45
50
42
56
43
44
25
51
48
53
36
56
49
52
45
47
48
45
54
49
55
77
51
64
43
53
44
52
45
46
52
64
49
57
44
50
38
62
56
68
58
47
59
64
46
47
50
55
44
57
55
43
60
48
56
43
50
47
63
52
38
47
34
45
41
45
44
56
36
23
31
37
36
21
17
29
52
38
34
23
44
40
41
22
23
28
49
38
16
22
33
31
37
34
14
31
33
31
33
35
24
33
33
30
34
43
31
39
29
39
44
28
42
33
28
37
26
40
40
30
37
28
38
40
30
35
45
34
17
36
34
37
15
44
30
30
37
55
33
28
36
41
25
33
44
29
38
46
32
30
42
25
41
31
30
14
30
22
31
35
34
42
34
32
19
27
30
36
28
29
31
23
36
38
55
29
34
25
38
22
35
35
31
27
39
39
32
31
46
28
41
11
27
31
43
32
36
25
34
31
40
32
32
32
24
49
34
39
40
45
39
32
33
26
35
33
31
23
20
41
45
23
18
24
39
29
32
16
36
57
30
41
27
32
32
35
29
36
15
43
38
38
27
25
21
23
25
23
31
37
29
41
29
24
42
29
21
37
35
42
33
38
28
20
41
22
32
30
42
50
35
42
34
31
38
39
43
34
35
18
44
24
29
46
25
35
41
36
27
27
27
30
30
27
35
32
36
28
29
32
42
45
29
37
31
31
31
30
42
32
39
28
28
27
37
21
35
29
