38
26
35
34
33
23
38
33
30
32
42
31
31
34
34
39
36
27
32
45
26
34
31
24
22
45
32
35
31
34
28
41
40
35
32
28
45
37
35
35
53
26
31
32
33
38
24
50
31
40
30
29
31
40
32
43
36
20
31
32
41
34
32
49
34
34
31
17
34
38
26
36
17
41
43
31
53
43
24
18
27
36
33
38
45
41
32
31
36
45
24
17
34
30
25
36
28
16
31
33
23
29
31
47
51
26
42
31
23
39
44
36
25
31
31
26
40
30
33
20
34
35
31
18
35
35
38
50
30
39
33
39
43
37
29
30
39
28
51
39
50
34
44
22
48
19
33
26
36
35
42
28
33
41
29
28
24
26
39
45
30
20
30
21
28
35
22
36
36
33
30
31
12
47
27
26
28
30
13
29
33
31
32
29
29
41
40
33
24
31
34
35
45
22
35
34
33
34
55
33
31
41
33
27
23
38
47
38
38
35
27
34
32
32
50
42
38
33
45
24
15
49
25
41
31
31
32
23
31
22
22
27
22
25
25
32
31
33
33
44
59
39
11
32
33
29
33
38
16
36
57
44
50
43
47
62
66
39
38
55
47
55
63
56
46
42
37
52
52
41
55
46
50
54
57
50
52
45
51
64
56
52
55
40
47
47
55
52
50
48
38
50
34
46
55
50
47
62
58
41
44
50
52
50
50
52
50
48
52
51
58
43
41
50
59
51
54
57
58
56
64
51
55
60
54
46
46
59
47
51
41
41
45
52
52
44
63
48
55
42
50
57
46
48
46
52
49
41
57
64
61
46
43
52
54
54
48
50
56
56
48
46
51
53
51
46
41
65
51
53
54
43
49
56
50
48
46
47
49
38
31
67
53
56
48
54
48
49
45
51
37
40
64
51
47
63
46
55
49
52
47
39
45
52
58
55
55
37
51
46
56
43
62
55
49
53
48
44
51
52
56
59
57
47
54
51
43
52
30
52
47
59
37
48
53
44
56
49
55
49
48
54
43
45
47
37
42
52
54
47
61
45
51
45
58
61
48
49
57
44
49
51
55
51
45
55
44
58
48
53
45
52
55
47
54
46
64
53
51
54
50
48
54
43
42
47
61
49
29
49
45
45
56
48
51
52
70
44
51
58
