49
20
34
33
33
31
42
39
35
31
39
41
22
47
23
31
5
34
28
40
35
47
39
42
29
47
43
34
45
47
33
31
34
36
49
40
32
36
36
23
41
24
28
31
27
30
19
46
22
38
28
35
48
21
48
31
43
39
27
39
36
33
19
30
30
38
25
28
18
33
31
48
44
36
41
43
33
33
28
19
35
29
13
36
28
40
20
33
31
31
19
42
33
29
36
25
31
33
32
40
31
36
12
28
34
27
39
32
33
27
32
40
36
36
29
47
29
31
38
34
47
23
49
28
35
34
30
18
37
24
24
25
38
32
34
39
20
25
37
29
20
38
26
37
31
45
47
28
35
25
27
15
42
30
37
19
40
28
20
33
38
38
36
47
29
35
32
25
17
32
30
30
34
35
34
35
37
35
19
29
35
37
30
36
28
36
37
39
31
36
30
21
28
31
35
52
41
37
31
29
44
41
30
25
43
33
34
30
32
28
40
23
35
20
24
32
38
32
38
36
34
41
15
32
27
39
22
37
38
19
34
32
31
55
21
35
49
33
36
22
31
24
29
28
24
52
45
32
37
38
31
29
34
36
29
34
30
25
25
37
36
32
50
30
43
28
13
31
35
36
33
32
41
33
4
39
28
35
36
34
31
48
23
39
18
39
53
26
36
27
32
34
29
30
41
35
42
36
38
28
24
53
30
36
13
46
27
24
48
24
22
39
33
38
33
24
42
52
30
36
40
42
32
37
28
41
20
32
34
17
33
30
56
49
24
42
37
40
28
31
26
28
38
29
37
35
27
36
37
33
46
42
48
29
24
41
26
27
28
31
15
36
37
45
41
40
31
33
29
35
35
20
33
31
26
28
34
54
37
31
33
37
20
38
39
36
28
40
29
40
29
26
40
22
33
30
55
15
26
29
31
41
43
33
32
36
31
38
42
14
33
37
29
29
33
26
40
23
46
31
21
28
34
36
21
35
40
19
34
35
30
39
33
23
37
29
26
36
31
38
27
36
38
32
31
37
27
22
32
40
23
27
39
31
41
31
39
42
47
29
31
40
36
14
23
34
27
35
26
34
27
38
31
31
28
31
27
30
31
34
36
31
29
29
23
38
29
35
34
37
37
38
25
31
38
23
32
34
28
41
