51
54
38
41
49
50
52
53
51
55
50
46
57
38
44
52
46
54
68
42
42
62
50
51
49
52
45
41
51
43
37
50
46
47
44
50
50
51
54
45
49
49
54
49
39
49
41
46
42
53
54
59
49
41
49
56
50
55
50
53
59
57
49
62
53
52
70
65
54
50
54
65
47
47
46
49
52
52
47
57
40
52
55
54
48
47
58
50
47
62
41
53
40
53
44
56
67
43
52
51
35
47
55
49
55
47
49
49
59
50
54
43
64
46
49
62
33
42
43
45
47
52
49
51
46
48
55
41
50
50
60
42
52
48
67
58
69
45
66
39
44
48
54
52
48
40
50
53
35
37
71
41
44
52
62
50
44
53
52
45
53
50
51
52
40
64
58
49
54
51
36
49
29
54
54
56
43
34
62
61
29
45
43
53
49
32
26
70
57
51
48
49
42
55
41
60
42
47
68
39
55
57
48
47
50
44
58
51
43
50
50
49
47
44
63
51
46
54
50
63
48
48
47
35
52
51
50
51
45
46
50
49
56
60
47
42
67
36
41
37
56
43
51
47
60
50
48
47
57
49
23
31
42
29
15
38
36
23
28
37
34
34
38
52
33
33
36
42
34
27
33
32
41
39
34
33
28
24
37
26
32
43
27
25
27
31
39
28
32
34
21
36
26
36
36
34
46
25
36
20
28
29
46
35
48
44
23
33
29
31
31
46
45
38
32
35
37
37
30
37
42
36
28
25
34
38
42
36
27
37
34
33
18
30
47
22
35
31
39
32
33
26
37
40
40
25
43
40
30
25
30
40
15
27
27
22
30
39
31
28
47
36
34
41
27
26
32
29
34
32
33
31
35
6
36
41
29
26
34
33
25
36
37
33
31
36
34
41
26
42
40
35
24
27
38
41
35
25
43
24
19
29
41
36
35
24
34
30
43
48
41
34
36
37
27
27
38
33
29
36
34
37
17
35
34
24
29
33
29
14
30
36
10
38
35
27
40
29
36
31
37
37
33
26
36
36
39
29
35
28
36
26
56
36
37
34
40
47
37
27
21
42
30
23
26
35
36
14
33
33
46
31
38
31
34
26
30
29
44
23
39
27
32
24
28
28
35
21
37
27
41
39
38
31
26
36
14
34
38
32
