41
53
40
42
45
47
44
58
52
59
37
53
52
38
56
59
41
26
50
57
53
48
51
63
47
53
39
49
80
36
50
64
54
55
53
55
57
55
49
38
41
44
46
63
49
50
37
37
53
54
58
48
47
46
40
60
55
71
28
58
52
56
49
45
58
39
60
48
56
45
47
43
47
51
54
58
58
41
54
49
49
48
60
54
55
41
54
57
55
42
48
53
46
54
48
46
65
43
51
52
60
56
48
47
51
40
46
66
68
51
40
50
47
48
34
68
37
57
55
55
47
49
65
55
51
53
30
57
44
41
43
52
45
49
45
43
47
45
46
52
53
48
42
28
44
52
50
44
59
55
59
41
57
70
59
48
52
52
52
52
57
46
36
54
57
45
50
33
53
52
51
59
38
52
52
63
41
61
57
44
52
53
50
57
49
49
50
53
41
52
48
53
37
51
48
53
48
57
58
45
53
51
46
34
53
30
46
40
63
43
50
53
53
47
42
51
46
53
62
61
60
43
54
41
53
60
64
43
46
44
45
50
50
52
37
57
46
51
49
54
49
60
25
46
54
62
46
48
49
50
35
33
27
42
38
37
37
28
31
29
25
37
36
32
39
29
40
20
34
44
35
27
34
29
27
41
36
29
20
44
32
31
35
31
34
25
24
40
33
26
23
17
33
32
31
34
28
31
27
18
28
35
24
17
38
26
28
42
38
34
28
30
44
40
38
30
30
23
27
33
41
21
51
25
41
38
32
42
36
29
52
42
48
36
38
49
38
36
25
32
32
36
29
37
30
56
35
41
24
33
37
23
30
20
38
23
32
25
35
29
32
44
44
30
36
33
33
29
43
35
31
27
37
43
29
33
41
34
38
63
13
41
32
23
36
29
31
24
34
56
16
30
38
41
28
30
33
37
37
37
40
29
29
54
36
24
21
19
26
24
24
22
20
30
26
31
23
33
35
24
32
33
30
38
22
41
48
31
32
31
43
45
28
36
38
39
27
49
35
33
30
32
29
37
43
41
35
23
41
21
47
31
33
36
34
28
36
44
41
43
35
38
34
30
34
40
32
20
37
30
31
39
36
32
30
46
36
33
39
27
12
41
36
40
31
36
28
29
34
29
38
26
25
40
41
37
29
33
27
31
