60
51
45
55
41
48
48
50
49
48
59
51
62
54
42
49
52
50
46
56
62
48
47
64
46
51
55
40
59
55
56
40
45
58
52
42
52
59
48
39
48
57
64
50
56
56
44
47
60
46
49
51
47
51
52
50
65
53
54
44
62
57
60
76
51
54
58
63
48
53
57
45
50
54
30
51
51
40
61
52
49
49
49
63
35
45
51
54
47
53
54
38
37
50
46
53
50
55
62
47
53
44
43
53
56
45
48
54
56
45
62
56
68
57
55
40
48
62
45
31
57
42
50
48
50
44
58
46
49
46
50
54
71
52
33
50
43
58
55
57
56
50
39
26
48
50
47
38
61
54
52
56
52
43
49
45
49
53
40
22
31
55
42
47
50
51
49
46
43
60
54
53
44
61
53
54
50
48
43
45
53
34
64
66
59
47
46
63
55
45
57
49
45
46
37
47
49
47
34
49
52
45
48
51
52
52
54
51
62
51
54
46
49
50
51
45
53
48
60
45
46
45
58
47
53
47
47
53
47
61
49
44
40
58
52
50
29
52
40
54
53
49
43
53
53
48
50
48
49
61
24
33
42
28
37
31
15
32
36
29
40
39
35
27
32
30
41
9
30
20
33
36
38
23
32
27
30
28
41
36
19
27
35
33
32
37
14
35
8
25
11
18
24
34
27
39
35
48
24
25
30
30
27
35
39
30
25
38
21
25
27
41
39
32
30
33
45
30
22
38
29
34
31
40
39
40
33
38
17
23
28
40
40
30
28
39
42
20
30
34
41
43
40
17
25
32
35
42
25
40
41
32
23
29
31
43
18
28
44
44
41
15
21
44
29
48
38
25
32
38
30
33
45
31
32
34
40
33
17
29
37
24
46
34
35
33
28
38
36
38
32
36
32
34
36
45
22
54
39
31
41
32
32
33
36
37
37
37
20
36
45
30
28
24
30
24
38
38
31
41
43
32
16
27
36
29
37
32
38
30
29
41
36
37
21
45
46
26
33
35
23
36
22
44
20
35
34
24
26
31
31
21
36
30
29
31
41
39
24
24
23
32
27
36
32
50
38
20
34
29
39
41
38
35
29
36
25
29
22
39
19
35
33
22
35
34
37
39
27
31
42
22
19
34
41
32
30
26
30
18
