47
40
44
51
57
51
46
54
49
50
55
58
58
55
54
41
53
38
45
40
63
41
45
53
48
55
56
66
55
51
50
58
64
57
54
46
25
60
54
61
43
54
43
55
53
56
30
48
57
58
51
47
43
57
56
33
47
52
46
62
70
66
48
30
52
46
57
55
60
52
59
54
40
49
51
49
41
60
54
57
47
54
54
47
59
56
52
51
41
60
37
52
49
50
40
53
52
53
46
38
58
60
52
52
54
22
41
57
33
56
57
31
55
46
53
50
45
41
63
49
52
48
55
69
46
43
57
55
52
48
46
49
42
37
60
50
48
47
47
47
58
44
52
57
61
53
52
56
53
52
42
52
39
47
46
45
68
44
53
64
58
51
49
63
51
51
46
37
32
32
36
51
46
49
60
44
47
59
37
51
54
47
51
50
49
45
57
54
56
77
59
39
50
52
54
50
50
34
54
68
47
45
53
50
57
38
46
43
55
62
52
47
38
59
54
49
66
51
44
65
52
56
53
29
52
45
47
58
39
48
54
52
52
49
55
47
66
51
45
47
46
53
47
49
57
53
51
50
36
62
37
20
38
31
24
28
34
33
33
33
41
27
33
25
48
41
42
28
32
39
37
40
45
34
39
52
37
38
33
42
43
25
16
22
39
31
32
29
31
39
34
25
34
42
28
28
38
17
34
38
26
32
27
33
56
45
40
34
38
29
38
39
29
35
33
54
33
29
51
41
31
36
39
34
35
37
21
31
35
37
30
41
39
34
26
40
35
28
39
37
24
35
27
27
22
38
16
36
29
36
38
32
27
35
42
50
31
36
35
22
32
41
24
51
32
32
34
29
33
30
30
28
33
37
33
19
19
20
37
24
33
27
36
33
34
33
38
52
54
30
26
32
23
20
31
49
24
32
37
32
29
32
35
25
27
27
37
50
21
43
33
33
32
35
33
32
40
12
19
45
18
39
52
29
33
37
31
27
29
33
26
41
27
33
31
42
35
38
27
36
36
29
28
24
19
50
24
28
28
48
41
41
19
37
31
45
30
37
24
32
38
40
46
23
37
37
45
31
40
24
33
42
26
45
31
34
17
38
34
21
20
34
34
50
31
37
36
46
27
38
28
21
28
33
27
42
41
18
34
27
