38
49
52
41
64
58
50
46
52
62
49
49
54
37
49
45
47
63
48
52
48
44
70
57
47
57
59
57
48
54
37
53
50
53
48
42
54
52
52
51
39
37
48
52
56
67
42
35
42
62
48
44
52
49
49
48
51
49
69
30
61
51
51
49
55
49
50
50
29
56
56
50
62
69
37
42
46
37
57
53
43
53
44
60
58
53
53
44
62
47
48
56
51
44
46
54
49
45
59
65
50
40
52
48
44
61
55
55
50
56
49
61
51
22
63
39
57
46
53
51
40
50
52
48
16
44
49
30
44
54
49
50
51
49
50
51
45
45
45
65
50
60
49
59
43
32
46
45
38
41
74
55
44
49
58
52
46
53
48
67
51
49
47
65
43
58
52
63
49
55
46
54
42
49
47
53
51
33
49
45
47
45
42
44
50
52
43
36
48
49
51
56
46
49
51
61
48
58
42
54
39
52
56
45
47
51
41
55
64
58
59
67
56
49
45
55
51
49
43
50
47
42
39
46
51
52
44
35
48
56
60
43
67
34
47
50
48
55
46
72
45
39
52
40
58
54
37
53
51
51
34
39
36
37
37
41
44
29
35
22
32
30
38
34
29
25
31
29
35
29
34
40
33
39
32
27
38
34
31
29
17
33
33
35
30
32
19
26
39
47
33
33
25
40
32
35
28
32
44
34
33
33
30
42
33
22
12
23
34
42
29
39
32
49
30
38
12
45
31
42
33
19
32
32
27
31
15
31
9
30
27
28
42
28
33
38
29
20
20
49
34
33
34
34
29
32
44
28
27
45
39
31
32
28
41
34
15
34
21
28
45
30
29
29
36
36
48
26
36
27
36
32
36
33
28
46
26
29
26
33
44
38
36
32
36
22
34
24
30
32
27
25
36
47
26
35
36
26
48
21
22
31
29
31
37
30
21
26
36
42
30
32
41
51
26
20
34
32
40
49
22
35
43
26
30
36
36
29
32
39
38
25
33
27
39
41
27
27
31
45
31
35
42
31
18
36
35
37
37
45
27
31
31
33
35
34
37
38
28
31
31
39
43
31
19
37
44
26
51
53
27
27
29
28
36
28
27
26
37
41
33
16
38
32
39
36
34
26
42
36
36
37
38
23
28
31
30
23
35
25
