28
41
39
32
32
31
40
39
32
49
35
31
30
36
29
21
38
46
37
47
32
37
40
32
32
41
40
28
44
31
31
31
40
29
18
25
32
37
40
34
30
36
29
27
43
34
41
49
20
49
41
21
24
32
16
33
22
40
32
37
26
28
28
51
28
34
33
30
34
38
44
31
19
41
9
34
34
19
30
35
36
29
23
25
35
36
36
13
33
6
29
36
38
25
30
31
31
43
25
35
25
17
7
35
32
31
29
29
34
39
39
29
41
24
36
39
20
39
36
41
39
29
40
24
43
29
26
29
35
30
34
26
33
43
31
28
35
38
30
30
36
12
36
39
35
31
9
25
29
34
31
47
32
35
34
33
36
44
40
37
37
50
24
32
40
23
36
30
33
38
31
42
40
44
31
27
36
37
31
39
47
33
43
38
28
38
40
31
29
48
33
36
38
26
36
32
38
54
39
37
32
35
41
30
26
34
32
44
40
63
39
28
32
30
41
26
31
20
34
20
35
27
49
24
33
36
26
48
28
31
34
36
46
29
36
34
29
28
22
43
27
24
16
35
30
31
38
31
45
40
25
39
22
55
37
40
31
36
26
26
29
43
33
35
40
39
26
35
30
33
29
34
23
32
42
28
30
4
31
12
38
17
42
30
19
37
39
24
30
35
17
38
39
27
27
29
39
27
49
41
20
24
24
32
33
37
35
29
18
38
32
31
42
27
50
37
34
28
21
33
35
39
25
40
40
24
32
23
33
27
29
31
20
35
27
26
33
37
18
32
23
28
33
36
36
24
15
28
32
49
30
26
43
26
26
37
30
35
35
14
24
34
32
44
30
28
30
41
27
43
32
31
30
38
25
6
39
47
25
42
28
36
28
32
22
31
25
56
32
31
6
40
42
35
32
50
35
15
29
35
30
44
41
40
34
34
32
38
36
31
32
38
32
16
29
50
32
29
42
28
27
18
32
23
30
25
31
37
30
35
28
45
38
31
31
25
26
32
39
37
25
20
36
43
35
37
40
28
31
36
43
36
47
35
33
20
26
34
32
37
28
18
26
37
37
35
25
31
27
38
35
27
29
34
28
25
22
36
47
36
40
34
18
22
30
23
22
31
34
11
37
40
26
37
37
37
26
29
31
42
