39
21
42
32
29
13
19
43
30
28
31
38
32
34
29
38
33
36
26
27
34
36
22
40
37
42
31
32
39
18
38
34
36
31
27
29
44
31
37
44
34
38
33
37
45
31
30
34
38
31
39
33
38
36
33
45
35
33
42
31
35
37
41
33
39
28
24
40
29
32
36
27
36
9
31
31
30
45
27
39
16
15
43
25
41
32
44
35
34
35
31
38
20
41
26
36
40
27
32
36
38
31
33
40
36
31
30
33
29
15
27
30
45
23
24
37
21
44
46
33
47
30
39
34
35
21
36
30
32
30
24
35
25
38
32
28
20
24
32
26
29
32
34
36
35
25
36
40
31
27
32
39
34
42
19
29
27
34
32
34
34
33
16
28
27
30
38
26
38
34
28
36
36
38
26
7
25
50
33
41
30
32
31
37
26
37
37
29
42
30
35
37
22
35
27
28
35
35
29
38
27
27
55
31
32
28
35
30
21
29
42
39
31
31
35
29
34
27
35
36
39
31
23
53
35
41
33
28
24
40
41
23
38
33
32
36
33
40
30
39
40
38
29
25
37
33
22
32
20
20
33
32
28
25
36
34
14
31
31
24
32
34
31
34
33
32
26
26
22
45
39
45
34
28
25
31
27
34
29
25
41
32
38
24
41
25
39
24
25
34
36
21
27
37
28
38
37
34
27
44
37
26
34
33
46
29
37
48
35
36
34
29
40
33
35
30
33
30
25
56
45
39
35
30
26
38
40
48
36
46
34
29
38
39
48
28
29
38
16
33
27
21
45
34
33
32
35
26
29
25
32
40
44
28
27
33
28
20
33
21
37
26
22
50
33
43
32
39
45
25
38
33
34
34
23
14
28
29
34
39
29
29
32
29
29
32
13
30
43
31
28
38
23
34
26
35
28
22
20
35
33
23
29
25
33
32
34
35
28
40
32
51
41
28
33
32
50
34
33
43
24
33
44
31
35
27
22
34
21
39
33
27
31
23
27
48
25
25
38
32
33
37
44
44
42
29
40
21
37
22
46
34
37
30
18
13
31
38
31
35
13
35
22
44
21
29
27
40
33
30
41
26
42
31
35
35
34
31
37
23
29
23
33
45
14
28
29
40
32
31
35
37
31
47
25
28
42
46
26
35
