35
21
21
41
34
36
39
38
27
33
34
32
28
9
32
42
33
33
37
35
35
42
32
15
34
34
35
35
38
19
25
33
31
19
45
18
34
30
37
40
35
38
47
40
32
21
42
41
56
14
31
26
26
26
46
37
45
18
45
51
36
12
43
36
10
43
44
30
35
46
22
28
15
36
24
28
24
30
35
43
43
33
37
28
25
29
28
27
34
19
41
16
23
29
38
42
40
42
27
43
26
30
27
25
31
33
32
34
34
32
31
48
34
27
28
51
40
39
49
15
37
28
35
49
20
19
28
37
33
21
24
37
32
42
25
31
30
43
39
41
41
37
38
40
39
38
44
41
31
43
37
30
33
31
45
27
39
59
27
22
29
28
23
41
28
33
37
38
27
29
34
34
17
28
32
33
30
39
41
33
37
39
33
34
43
17
39
34
36
22
52
49
20
39
32
31
41
36
40
35
36
52
14
30
24
35
20
38
28
29
22
31
25
26
34
39
32
41
48
22
29
39
39
41
29
41
46
36
40
22
33
26
30
24
41
41
38
37
36
28
29
40
34
40
33
28
37
39
33
24
50
48
75
55
45
51
49
51
65
64
52
52
41
63
43
42
49
45
60
51
36
50
68
36
45
63
43
38
61
52
41
60
63
41
34
45
43
56
48
40
56
49
53
40
47
46
51
47
51
53
33
49
57
52
64
53
44
50
49
64
58
40
55
33
48
45
69
44
55
50
41
49
66
55
49
54
74
53
50
46
58
49
46
63
47
49
55
48
52
45
61
40
46
58
59
64
38
49
51
58
49
52
60
58
59
40
47
59
50
55
52
49
50
54
46
49
47
65
61
52
56
50
53
40
50
58
42
48
47
51
32
48
49
53
52
51
55
38
59
46
54
55
61
51
44
47
46
56
44
53
51
50
41
54
76
56
50
57
48
57
36
70
42
48
58
54
45
36
36
50
54
63
52
45
78
60
37
45
57
40
49
56
51
47
57
54
49
45
52
34
32
48
50
55
47
49
60
36
55
59
47
56
39
48
45
38
64
40
36
50
49
49
53
45
36
43
39
53
56
57
45
45
41
52
44
68
37
48
52
58
45
51
60
34
49
32
61
52
56
46
46
55
38
74
40
56
52
56
49
58
