24
39
29
24
32
36
40
36
30
29
36
33
36
38
43
38
24
46
45
19
34
35
31
36
17
33
36
28
31
35
22
36
33
26
23
39
37
34
38
34
26
33
27
29
30
20
32
40
38
28
32
27
29
24
41
29
33
33
22
29
34
26
30
33
37
47
36
22
20
18
30
30
33
33
29
42
23
32
32
31
35
36
41
27
29
35
27
29
41
36
27
31
32
40
34
36
39
37
22
22
38
34
26
40
21
23
40
37
35
37
28
36
33
39
37
39
36
44
33
35
31
36
29
14
43
30
36
23
24
31
35
27
34
31
37
37
39
44
41
28
35
46
45
30
32
26
28
32
41
31
24
38
35
27
22
27
36
31
28
31
28
44
14
46
33
30
20
24
28
42
22
33
42
36
38
30
29
34
29
34
27
40
24
16
33
53
24
34
6
37
36
27
29
27
32
30
32
29
11
23
25
34
48
39
27
21
30
33
28
37
41
30
41
25
47
30
33
38
28
33
31
33
37
24
50
54
31
38
32
61
26
34
38
35
19
32
25
35
31
37
28
28
41
33
27
42
33
11
23
51
59
62
43
43
57
49
52
48
60
25
51
57
48
32
47
38
42
54
47
47
49
60
70
48
59
51
55
41
50
39
55
63
34
54
44
58
50
44
60
58
51
54
42
54
48
66
74
52
37
49
56
50
46
42
47
49
32
70
36
55
53
37
31
42
60
53
70
49
51
49
58
46
60
45
54
52
46
57
50
46
37
52
53
52
54
55
49
45
51
39
40
66
43
48
58
52
51
45
49
49
56
46
46
65
56
47
35
45
46
47
54
47
53
49
42
42
54
49
51
56
50
25
42
52
52
71
48
45
50
54
45
48
38
54
53
51
50
40
56
48
52
54
35
48
36
50
51
41
40
60
42
37
52
34
58
54
52
56
56
50
56
55
54
53
60
49
40
54
51
58
34
51
49
48
29
49
47
54
49
57
46
57
58
48
49
46
52
50
33
65
53
60
55
55
48
46
44
36
58
44
41
51
51
48
42
49
46
52
55
63
48
49
51
60
54
66
43
41
46
51
54
49
42
44
40
50
42
43
52
47
50
56
42
43
68
47
71
70
51
52
45
29
37
51
59
40
55
62
45
52
