48
53
47
48
55
50
44
42
44
67
55
57
41
34
52
50
39
51
50
46
29
54
50
58
54
52
52
49
53
54
56
50
55
50
19
45
48
47
46
44
49
52
48
56
51
57
42
46
47
35
51
49
61
62
49
55
43
54
52
50
58
60
46
58
53
50
49
54
52
21
43
44
40
47
64
46
54
44
74
40
45
34
43
63
52
57
53
32
54
59
50
52
45
51
43
44
50
49
50
52
59
40
55
39
54
60
43
46
52
54
52
57
41
62
48
60
32
55
63
45
49
50
47
69
56
57
47
50
66
59
56
36
47
56
50
42
45
60
51
50
52
40
58
52
51
45
51
46
45
32
40
52
43
56
43
52
47
42
41
50
52
56
53
51
55
46
63
44
49
50
52
41
39
47
49
60
48
51
54
54
51
42
51
63
51
66
52
57
43
59
69
44
61
52
49
52
57
35
52
49
49
61
47
46
47
46
65
46
49
63
42
38
41
50
54
56
66
61
37
49
53
64
48
58
49
47
55
56
45
48
63
36
55
38
43
57
49
48
53
48
49
50
45
62
55
45
66
54
54
56
33
28
44
37
27
33
25
32
34
31
34
32
45
19
32
21
39
31
30
33
36
19
39
37
11
35
19
45
32
39
36
31
31
36
45
23
45
46
33
55
27
38
36
25
19
31
35
20
19
32
21
34
40
28
30
34
37
41
38
36
29
35
37
48
57
24
34
30
31
26
24
35
35
23
48
40
38
28
35
31
39
28
48
49
32
33
43
37
37
31
29
17
31
41
28
54
40
32
41
34
34
34
29
32
43
39
40
30
40
42
43
32
40
39
45
32
37
32
23
35
29
32
33
27
39
32
61
35
33
20
40
38
22
31
4
50
31
23
30
36
34
21
29
33
17
31
20
34
32
32
21
23
36
39
37
39
32
29
26
26
41
36
28
37
36
29
34
49
36
31
30
32
20
37
30
23
37
22
30
28
29
51
33
22
38
37
30
24
22
30
29
42
40
23
28
33
34
39
31
54
28
37
38
16
27
39
32
30
29
22
30
19
30
39
35
36
34
16
32
27
35
22
34
36
35
28
34
27
37
44
39
31
37
34
46
41
37
37
43
36
37
44
30
36
25
33
38
50
25
30
