32
12
26
38
34
25
35
30
29
47
33
34
43
25
31
30
32
45
52
30
34
31
25
34
42
42
29
26
30
31
33
35
34
37
40
23
31
51
34
32
37
29
22
23
43
37
31
25
31
32
33
31
36
38
26
21
31
37
34
33
30
29
35
38
24
45
30
46
33
33
29
34
35
31
37
42
34
36
37
37
38
40
34
34
29
19
27
33
41
34
28
47
32
25
23
34
21
27
25
32
24
39
31
34
34
54
24
33
34
35
35
35
31
27
22
33
40
34
31
34
30
26
31
38
52
27
36
29
37
29
43
40
37
33
43
31
29
45
28
46
28
37
13
37
46
35
27
28
33
31
24
36
29
35
33
38
36
36
10
32
28
33
30
36
50
19
34
36
14
16
38
28
31
29
32
35
32
33
27
39
30
22
33
7
24
28
19
30
33
25
23
36
36
46
43
38
34
33
40
19
37
29
34
35
30
27
31
54
43
40
19
36
27
28
31
29
35
27
21
34
25
38
34
41
32
51
29
55
30
22
43
31
30
39
39
27
39
34
46
31
33
36
19
36
26
38
33
35
29
40
47
22
49
53
44
39
43
48
62
50
47
75
54
66
57
47
52
40
56
57
56
53
60
46
36
42
45
41
52
45
49
43
42
37
45
46
51
54
61
51
51
53
33
44
52
39
34
52
50
47
45
54
46
52
49
68
63
45
52
45
35
58
62
71
48
53
41
59
53
48
37
53
48
50
50
35
30
43
49
48
43
72
53
58
50
60
56
62
60
48
52
52
52
37
78
48
51
44
43
69
42
36
28
32
50
50
49
55
52
40
64
49
45
49
55
42
54
67
57
37
64
57
52
32
60
40
56
63
53
45
47
57
62
63
52
53
51
39
48
40
45
53
54
54
51
55
51
60
55
48
52
53
61
65
55
52
45
74
53
54
52
68
40
56
48
73
50
43
57
43
42
50
48
52
46
50
63
41
34
41
52
50
47
43
51
48
57
47
53
50
61
47
53
47
46
52
48
46
51
53
59
50
45
45
48
36
48
19
42
62
55
45
54
49
56
64
49
39
54
37
51
46
48
54
38
37
48
29
47
41
40
61
55
53
58
53
43
44
49
45
66
50
50
47
53
59
47
65
55
45
