31
52
47
38
56
28
34
36
36
34
33
13
16
40
29
33
35
56
35
34
36
22
41
31
37
36
48
40
28
41
36
31
29
25
34
34
34
29
31
29
44
36
26
37
11
44
32
27
29
36
41
38
36
18
17
24
29
33
25
32
40
40
30
24
36
29
17
39
36
28
29
48
38
41
41
28
36
39
26
22
16
50
35
21
37
21
19
36
14
4
30
33
38
35
30
36
36
33
30
29
43
27
32
36
19
33
40
38
30
41
41
38
26
35
35
19
31
24
39
38
36
44
36
39
31
30
31
31
23
31
30
19
33
40
36
30
24
37
33
40
26
38
34
44
32
31
35
27
37
25
28
35
20
31
29
37
33
25
17
26
31
27
32
41
37
39
28
37
32
38
36
32
42
44
21
38
30
36
37
29
51
32
35
33
40
50
34
30
43
36
53
46
35
39
30
33
38
24
30
15
39
21
36
30
34
36
28
33
33
29
34
27
42
30
36
30
36
37
33
28
48
32
25
35
40
31
39
36
34
20
33
36
32
23
36
29
32
44
27
28
41
35
39
35
37
35
33
32
31
36
47
50
53
48
53
49
49
47
58
44
54
53
67
51
59
57
52
47
56
45
42
56
48
50
54
46
52
50
64
59
68
49
53
47
46
48
66
38
41
47
63
42
57
49
41
54
52
47
59
48
50
57
52
47
52
56
53
43
47
48
52
44
50
62
46
47
53
47
49
61
45
41
45
50
55
60
54
51
43
47
58
57
49
52
51
42
49
46
65
57
56
55
22
60
52
50
42
51
54
64
46
42
58
51
53
41
48
52
52
59
52
45
49
54
53
29
49
48
42
48
48
64
47
57
57
53
31
49
51
48
54
60
45
58
59
50
47
42
40
48
38
63
56
45
65
30
47
50
57
35
57
70
49
58
30
30
44
38
49
53
39
52
47
44
57
42
58
60
49
44
43
41
46
59
46
46
41
52
40
55
53
43
53
49
48
45
52
59
50
54
44
48
53
46
57
50
54
58
55
51
42
55
62
40
40
59
40
55
48
51
47
28
50
53
54
49
53
67
47
47
55
60
50
60
62
42
40
54
40
53
66
46
49
36
56
51
50
53
43
59
52
41
40
47
70
53
43
50
40
49
