33
33
48
27
35
33
40
18
32
38
27
32
31
30
35
26
33
32
20
36
36
37
38
33
29
37
42
28
29
34
41
34
37
25
42
36
47
47
37
31
28
36
37
34
36
28
11
29
21
33
27
37
26
26
38
25
39
27
23
39
31
32
31
44
25
27
38
38
42
37
34
34
24
42
30
31
45
35
36
23
36
36
26
50
31
40
40
23
34
33
44
33
28
40
22
23
44
28
24
24
30
30
27
41
28
33
38
26
45
43
43
45
42
29
35
39
31
31
42
31
36
25
30
40
37
33
30
35
33
27
28
35
34
21
7
41
20
30
36
38
32
31
34
33
36
37
31
35
44
42
43
16
29
28
21
37
33
28
9
32
36
33
14
31
32
23
31
30
30
35
14
23
46
34
24
26
26
30
34
44
40
31
24
31
41
32
32
37
12
27
40
43
29
41
29
24
15
29
37
55
41
22
31
40
32
28
33
42
37
21
50
48
39
39
33
34
42
29
30
42
24
36
37
38
31
32
36
41
24
46
29
29
30
36
36
27
33
35
26
34
16
36
33
17
37
30
35
39
32
33
55
44
32
48
37
47
59
75
52
52
52
57
53
40
42
43
51
51
42
48
52
53
52
47
57
52
38
43
62
54
51
47
42
54
38
40
61
36
51
48
52
53
59
51
56
43
41
48
50
58
45
43
52
50
38
48
43
46
47
60
59
56
45
44
45
42
50
53
50
47
58
52
60
51
53
50
39
68
50
47
50
26
50
47
58
58
47
52
48
46
61
53
44
49
69
58
65
52
41
68
48
34
61
38
41
44
47
48
51
53
44
57
42
52
47
51
45
44
70
47
30
55
55
48
58
53
57
41
48
56
45
61
56
49
43
45
51
57
45
52
27
47
51
41
59
38
37
46
53
28
53
51
54
61
55
58
56
46
52
49
59
41
52
39
51
56
44
55
41
44
47
51
48
56
47
64
42
38
50
52
51
51
53
47
47
50
50
62
48
48
37
47
49
46
53
32
61
50
47
34
66
55
61
53
59
61
44
30
59
56
48
51
42
37
49
50
46
65
28
57
49
53
55
51
49
44
52
43
54
46
42
50
47
48
40
53
52
56
51
51
55
48
54
51
51
43
61
53
50
53
