35
30
29
32
28
34
21
22
39
55
55
36
38
28
33
23
31
38
20
42
34
31
26
28
34
28
29
40
35
34
31
27
31
32
26
33
32
37
37
36
50
45
33
37
25
28
35
25
32
14
33
25
32
28
32
21
41
37
25
33
37
36
33
31
37
27
33
36
29
54
29
32
38
18
37
29
20
33
31
18
42
33
40
40
9
48
28
34
42
34
37
38
32
59
35
35
34
30
33
33
26
17
33
28
31
32
38
41
41
32
25
18
37
44
38
17
25
39
24
19
45
33
32
42
28
16
26
36
30
44
27
33
8
35
16
24
22
18
32
43
38
37
34
50
48
30
14
33
37
37
27
41
31
23
32
41
37
36
45
30
28
34
38
33
16
27
22
47
29
30
30
40
38
24
36
24
29
30
35
41
32
32
18
48
30
27
20
25
18
33
25
31
35
48
24
37
29
31
40
20
26
31
28
33
32
34
34
47
31
28
43
39
28
38
38
52
45
34
36
28
24
31
28
28
34
33
32
35
31
38
36
33
44
22
33
34
31
32
29
39
32
37
35
30
40
34
29
32
29
39
24
30
26
42
40
38
27
28
30
32
28
23
31
34
32
39
47
32
56
31
34
39
38
31
39
37
39
31
34
43
35
44
33
32
33
37
37
39
52
27
24
27
30
26
38
41
36
29
31
24
26
48
28
28
33
40
33
27
21
30
47
31
26
30
40
36
40
32
35
33
31
37
32
24
22
14
26
32
41
45
19
47
37
35
33
42
35
51
29
35
29
51
32
28
37
29
36
34
31
32
27
11
36
23
31
40
38
33
42
38
15
40
22
32
33
55
28
34
32
6
34
41
35
44
25
29
35
32
36
32
36
43
52
29
41
37
23
34
42
41
42
41
31
38
36
41
42
34
31
35
34
30
41
62
32
24
31
31
55
37
57
32
36
36
28
31
10
39
39
40
35
30
21
29
38
30
21
31
14
24
40
30
26
33
24
40
31
28
35
28
35
47
39
22
55
37
41
37
47
20
20
36
30
32
38
29
27
50
25
29
13
32
34
35
22
32
30
41
38
33
24
30
37
30
30
23
38
25
36
20
28
42
33
33
31
46
30
35
30
32
19
29
34
47
38
31
35
35
48
36
