27
37
28
31
21
43
48
35
30
21
33
28
26
40
6
43
26
46
14
35
20
33
29
30
41
36
34
30
37
28
32
39
34
39
31
27
39
34
31
34
40
41
35
37
40
30
36
18
37
37
35
38
29
29
51
40
36
29
6
42
34
28
29
29
34
36
34
36
29
31
18
31
25
33
29
37
20
42
26
37
37
31
45
47
28
29
34
26
30
23
38
44
30
31
32
31
16
38
37
32
39
49
39
39
23
15
19
33
45
37
43
26
34
37
34
42
33
41
27
35
29
33
29
39
24
51
24
40
36
30
47
44
49
40
34
36
45
35
21
42
41
39
41
33
45
34
30
29
38
32
28
35
36
30
37
29
31
45
31
31
38
39
42
38
28
33
41
37
36
35
28
37
33
22
29
37
33
32
27
33
33
27
33
31
41
32
31
38
33
29
28
34
50
34
34
37
41
37
39
17
53
31
41
24
37
27
17
32
33
34
29
22
26
36
37
36
30
34
35
33
55
21
36
50
23
36
21
46
41
36
33
30
44
22
30
49
31
29
37
45
25
27
37
21
31
37
27
25
46
40
36
47
54
56
54
45
49
54
52
57
47
55
61
58
54
42
67
47
39
50
48
58
52
47
52
46
43
64
52
49
55
60
44
42
40
41
52
58
51
54
46
39
56
58
59
58
51
43
46
52
58
44
51
58
53
44
57
45
47
62
55
58
51
48
53
51
53
41
63
59
53
56
41
51
44
49
49
55
52
51
56
49
37
55
50
49
56
57
47
70
45
56
47
52
43
74
37
52
50
43
64
43
58
48
56
24
54
47
47
42
34
50
48
47
51
48
51
47
46
51
40
48
42
50
46
54
48
53
50
65
47
49
48
59
37
50
48
46
41
50
63
56
47
52
52
53
51
58
45
53
52
45
54
62
54
36
49
25
45
28
58
38
70
35
46
47
52
57
47
38
70
74
44
55
49
46
48
55
50
65
48
29
45
52
58
45
43
49
51
48
42
51
55
29
46
54
75
35
52
53
57
55
51
41
49
37
38
55
64
50
45
44
44
55
51
31
47
46
46
54
59
50
54
47
53
59
48
44
37
57
47
39
38
49
21
59
49
47
59
30
54
53
59
51
41
45
45
50
58
58
