43
44
31
30
37
43
28
28
35
39
20
34
38
30
48
36
39
28
38
35
37
21
21
24
32
9
38
29
41
32
36
35
36
24
31
35
44
41
53
31
25
40
54
42
28
15
38
35
28
28
20
41
25
38
28
36
30
43
32
43
33
32
31
45
33
28
23
32
40
25
40
35
44
29
26
35
15
45
34
28
41
25
6
39
30
37
22
30
31
28
55
26
25
36
34
30
20
37
28
41
35
30
32
39
29
15
29
32
32
43
38
34
31
36
34
36
40
41
25
29
25
40
30
35
35
34
30
27
27
21
42
34
33
31
37
35
13
41
38
19
31
21
36
34
34
33
37
26
44
16
32
19
42
37
33
34
43
33
32
34
32
34
42
33
59
35
35
36
48
41
26
34
34
20
36
32
32
33
27
43
25
23
34
29
29
31
32
52
27
38
38
40
34
28
34
9
31
34
32
34
31
37
47
22
27
41
36
34
46
24
32
39
31
39
29
41
31
42
31
57
30
39
40
28
24
18
25
32
32
34
40
34
42
55
36
33
27
37
25
25
37
31
29
42
24
30
29
10
35
31
46
28
37
26
36
41
40
31
40
24
34
28
30
34
26
34
24
43
36
35
14
25
37
34
36
35
28
28
8
39
22
27
35
31
30
30
41
24
29
31
45
29
25
36
32
27
31
40
32
31
25
35
6
34
34
28
33
39
34
50
39
43
40
34
27
48
27
44
48
28
35
45
19
28
31
29
28
31
28
27
16
31
55
31
39
38
31
35
35
30
25
38
31
21
34
31
31
32
34
33
33
32
21
24
37
32
25
33
24
24
48
24
34
36
29
35
36
36
18
33
31
32
29
14
39
39
32
36
39
24
41
44
32
31
39
33
23
34
31
36
53
23
25
17
28
25
35
39
44
40
39
35
54
21
32
44
31
50
34
35
31
30
29
33
34
32
46
38
30
33
38
30
32
34
36
32
39
33
31
28
31
25
39
37
23
27
36
39
21
20
34
32
20
34
28
33
25
38
31
39
27
27
37
38
29
29
39
37
37
30
35
19
43
34
33
33
35
37
36
34
25
22
30
18
34
42
25
31
21
52
36
35
32
40
34
26
33
31
32
17
37
36
32
33
28
33
32
35
19
38
