18
29
41
34
29
43
30
36
30
36
32
38
36
38
51
43
30
40
23
37
48
24
36
38
36
31
31
16
34
25
32
19
36
33
17
36
35
36
33
37
47
29
37
38
26
34
32
33
20
35
39
35
34
29
42
37
33
35
35
31
40
25
28
35
33
37
28
26
41
22
43
48
32
20
39
28
40
33
37
44
25
30
33
24
49
28
28
46
32
28
32
32
35
26
38
31
28
37
30
37
47
23
56
50
46
40
34
42
35
17
43
31
46
33
31
23
31
42
25
41
39
11
30
37
28
31
40
33
37
31
34
25
45
29
41
43
41
34
29
29
31
40
41
30
33
33
33
36
31
40
21
39
34
28
29
42
18
22
9
33
45
33
40
31
33
52
38
28
27
34
30
35
29
35
30
18
32
24
29
31
39
40
44
35
45
33
29
35
31
24
35
45
29
11
34
44
29
48
40
30
38
43
42
19
30
29
31
30
21
23
27
9
32
44
22
29
33
28
22
19
24
22
26
15
45
33
25
38
21
33
39
26
21
51
19
35
28
33
37
37
26
22
28
28
37
32
34
39
30
21
46
35
53
48
60
52
49
54
55
46
43
60
49
56
50
42
45
48
59
48
55
50
52
48
58
45
63
64
31
25
46
55
47
52
64
55
42
52
51
61
58
43
30
48
63
57
47
58
53
52
32
62
42
60
55
49
47
47
56
52
42
50
50
47
45
49
35
53
41
47
57
48
48
63
39
51
59
42
53
47
48
49
45
60
56
54
60
68
47
53
49
47
52
44
38
47
50
48
38
60
45
50
45
46
55
56
46
52
51
47
61
49
33
40
48
56
64
60
46
58
45
47
64
49
52
49
53
35
63
53
67
53
56
50
39
57
43
60
55
54
59
44
39
52
53
44
49
50
43
53
53
58
53
49
69
59
56
46
60
46
42
60
40
51
49
50
42
57
46
41
35
53
47
41
45
44
54
51
52
48
30
55
44
57
51
53
49
53
51
48
40
51
50
43
50
57
31
50
49
49
62
47
52
44
43
35
75
52
44
48
53
55
65
58
50
64
31
59
62
38
63
44
52
48
58
56
52
46
48
50
62
51
51
35
45
57
68
35
49
29
53
50
51
50
48
53
49
48
45
72
