24
31
40
47
37
27
36
34
32
29
30
34
35
50
39
42
34
24
22
37
37
33
39
22
38
29
44
38
44
28
48
24
32
8
22
32
47
43
37
41
32
23
21
36
32
34
44
31
39
38
29
35
26
23
16
32
29
33
34
30
52
36
34
36
35
23
37
50
39
33
35
26
50
36
23
29
29
40
34
16
34
38
27
48
36
45
22
41
29
45
28
33
23
38
36
27
33
34
22
32
41
36
36
38
30
35
36
32
26
22
37
27
24
28
22
39
29
22
39
37
29
28
40
29
12
39
38
31
31
29
35
33
31
40
44
26
40
32
29
33
33
30
25
28
39
38
23
24
37
36
33
30
28
38
39
31
16
23
34
32
31
36
35
38
33
29
42
32
27
19
28
34
37
28
38
13
21
38
28
33
38
31
42
34
29
34
31
23
33
49
40
22
40
37
46
41
48
34
28
45
46
26
29
30
38
39
32
21
32
29
36
33
21
32
34
36
33
38
6
40
36
31
30
34
29
44
38
29
37
22
12
36
23
39
41
44
33
39
28
19
32
39
30
48
40
35
44
17
33
33
48
54
63
51
57
43
47
52
51
48
42
43
63
39
29
51
49
52
41
35
43
36
42
47
50
41
39
59
54
43
48
42
45
45
54
46
45
50
62
49
53
50
47
54
59
60
52
47
50
58
46
48
57
42
62
51
51
41
49
48
65
50
22
36
52
43
54
66
46
52
41
50
55
47
47
54
57
55
48
60
41
55
47
53
71
43
43
51
70
46
56
50
50
48
57
42
42
53
49
44
75
49
48
46
46
42
68
55
42
44
58
53
49
36
53
51
41
55
52
41
21
57
57
59
54
50
56
47
50
42
50
51
30
49
50
42
55
57
49
48
40
57
63
61
52
52
53
44
59
43
55
50
46
51
65
44
53
47
50
61
57
51
53
44
48
36
61
49
52
49
44
41
67
46
57
49
66
49
47
48
48
56
51
46
44
50
49
46
46
68
59
61
27
52
54
44
47
54
53
53
43
52
43
50
54
58
36
54
75
46
45
54
33
45
53
51
56
47
62
60
45
48
42
46
58
42
62
57
52
48
54
49
57
47
48
51
48
55
45
57
45
48
60
51
51
45
49
57
60
49
