64
44
43
63
52
52
51
36
51
37
44
51
49
54
52
47
53
49
53
47
53
61
40
43
39
46
50
52
53
48
41
50
43
65
23
52
45
40
55
64
57
48
51
47
45
45
41
43
61
44
47
49
54
44
47
55
52
52
58
52
60
56
46
48
54
43
51
52
58
62
44
51
45
53
42
52
52
54
64
52
56
54
50
52
50
47
51
45
48
40
45
42
49
65
42
50
39
44
55
45
40
51
39
44
58
56
55
57
29
58
46
46
58
45
54
46
50
51
59
44
53
55
50
46
76
66
50
61
45
54
64
52
75
50
63
53
51
52
44
54
52
58
43
48
48
50
48
40
50
40
76
57
45
52
48
48
53
39
48
46
57
60
52
48
52
49
54
52
35
58
46
59
46
52
51
56
65
52
49
42
50
40
68
44
44
46
47
46
51
52
42
47
46
47
54
41
39
44
52
48
55
61
51
51
57
42
63
68
52
61
50
65
35
51
48
27
55
49
48
57
55
49
42
49
60
49
44
32
62
53
64
47
55
60
51
55
55
54
49
58
57
52
50
59
42
47
44
46
49
61
7
21
22
35
45
38
25
30
31
34
41
33
41
27
34
50
51
34
34
20
32
35
39
39
30
38
32
33
19
26
27
43
34
28
38
35
36
34
37
34
32
38
17
31
34
41
29
26
22
22
27
39
33
26
36
34
30
43
18
26
21
25
37
30
44
35
33
32
33
31
25
15
32
33
34
31
35
19
35
38
40
32
29
40
37
33
12
18
22
33
32
42
28
34
36
37
30
48
46
20
24
32
39
36
43
29
31
40
24
48
27
39
29
35
36
31
37
40
37
31
36
47
26
26
33
28
35
41
32
45
51
27
30
18
39
29
38
32
45
27
31
36
31
40
42
36
33
23
23
32
42
29
28
32
35
33
21
32
28
23
23
46
24
43
30
40
21
39
29
28
35
55
39
29
28
36
34
35
12
34
41
25
44
32
46
31
32
29
50
27
20
32
31
39
34
35
22
42
24
32
62
38
37
26
40
29
26
23
31
31
49
44
23
36
30
35
27
35
46
34
40
32
42
30
41
7
32
22
39
23
31
24
29
47
29
36
42
38
34
40
22
39
29
35
46
16
36
37
23
24
