26
38
34
42
37
28
30
38
36
33
38
37
19
43
34
23
40
40
25
23
38
43
21
45
35
24
46
50
35
35
56
27
30
29
30
34
32
38
30
40
34
24
17
36
33
42
34
28
36
41
51
36
27
26
32
45
23
36
18
13
40
41
31
33
18
30
25
41
46
11
40
39
32
44
7
25
31
39
33
36
22
38
25
31
20
46
31
40
38
45
39
44
31
23
37
34
40
45
34
34
40
32
35
33
25
34
41
18
44
22
28
28
40
39
47
30
30
25
35
12
45
33
33
42
40
36
40
30
9
35
29
44
32
33
27
41
31
42
41
41
33
29
41
14
39
28
17
29
33
40
29
32
25
35
29
36
39
35
48
30
29
33
44
28
36
35
43
33
36
35
31
31
31
35
35
31
27
18
34
31
19
33
46
32
36
36
24
32
36
38
36
26
39
26
36
28
35
28
36
24
43
23
29
31
55
39
11
38
22
38
37
38
45
35
32
43
29
26
36
28
31
32
35
36
37
33
22
36
40
25
34
33
35
40
38
31
15
41
20
36
23
30
38
25
31
44
32
40
34
31
50
49
54
55
42
49
47
35
52
48
53
55
47
35
55
48
48
58
59
59
53
50
49
49
44
56
42
46
54
53
53
61
45
70
44
52
52
40
57
42
52
45
62
60
49
56
48
49
38
58
45
35
49
61
52
50
47
42
35
52
50
43
49
45
57
46
49
54
32
53
58
40
54
43
52
53
48
45
51
44
31
49
54
43
49
45
41
47
53
42
75
66
59
62
68
41
52
56
38
37
53
27
51
63
44
65
51
52
57
66
50
45
52
51
58
46
55
61
40
56
58
53
54
53
52
54
44
62
40
50
50
48
49
48
56
56
52
55
50
57
48
57
20
59
42
52
53
56
52
52
36
48
51
53
51
56
52
50
46
39
63
54
44
45
52
57
58
48
62
46
76
51
52
49
72
46
58
52
43
52
54
49
48
44
60
50
58
45
42
41
43
47
41
54
47
54
42
40
63
52
60
48
52
54
45
46
44
46
64
41
51
51
35
49
52
53
49
46
64
41
42
47
45
51
51
47
48
54
55
39
38
45
55
71
31
49
56
51
52
55
50
58
45
54
41
42
53
39
48
54
