32
32
34
32
27
36
33
19
29
31
42
20
38
51
39
38
34
22
44
32
19
52
21
27
34
19
53
32
38
48
22
30
15
34
35
35
31
23
34
33
29
40
41
30
27
27
27
31
24
32
35
31
46
31
35
30
35
25
27
36
39
36
31
40
28
36
28
39
32
34
35
27
29
32
35
39
35
47
30
42
31
32
25
33
34
36
34
42
24
26
18
35
27
23
44
38
17
24
35
26
34
26
38
40
39
51
30
42
36
38
30
39
33
30
17
38
30
33
29
33
39
34
20
36
35
28
19
37
35
31
42
34
17
42
34
32
36
15
42
28
34
37
21
33
31
36
39
32
52
28
33
27
44
24
22
36
35
27
34
48
22
29
26
33
37
32
27
30
14
31
27
27
39
34
36
22
32
29
37
39
33
44
34
27
40
35
45
29
12
30
29
30
34
16
23
14
28
27
19
34
45
51
32
16
29
42
39
30
39
27
39
38
29
36
28
31
37
33
30
46
28
34
25
24
29
32
25
20
39
38
32
31
49
29
49
27
35
27
25
34
35
35
34
37
44
37
27
35
33
30
53
46
50
67
44
56
54
52
47
58
52
55
44
47
57
53
51
47
44
52
46
54
58
55
53
47
45
41
47
52
47
51
56
62
57
53
51
60
48
52
55
49
43
42
51
49
44
55
50
58
49
56
47
52
43
38
56
66
50
56
47
54
56
32
40
50
50
43
51
52
35
49
55
44
51
56
45
56
42
39
52
46
47
75
43
59
51
43
40
56
49
55
44
59
50
60
50
56
52
47
56
54
64
64
60
51
55
47
49
56
35
60
57
48
58
65
43
55
57
51
46
50
58
59
48
63
47
58
57
51
58
49
56
55
37
57
50
57
46
39
48
57
49
44
57
47
47
51
44
48
51
50
49
65
47
49
51
64
60
59
53
47
47
45
50
49
59
51
61
47
35
47
50
45
49
51
43
49
50
47
41
52
52
29
45
51
64
64
48
44
52
53
49
64
55
46
59
44
47
49
45
49
51
41
54
63
54
52
52
51
58
48
32
52
59
41
55
58
44
58
47
53
53
45
41
52
38
59
51
47
63
42
42
47
60
54
35
43
49
55
35
35
45
47
47
46
54
66
45
51
