19
48
7
23
14
34
36
35
35
40
31
37
21
47
33
36
31
39
22
19
28
45
37
39
27
41
48
25
40
31
41
29
40
28
55
39
19
49
32
38
43
28
34
34
31
38
38
29
30
34
28
20
31
33
30
29
29
33
30
36
40
39
39
50
39
20
33
36
51
17
23
12
33
23
21
23
36
37
38
29
26
31
40
23
38
37
35
22
35
31
24
41
34
32
25
27
22
20
50
41
21
39
39
30
43
36
46
21
35
36
35
31
20
25
31
24
31
39
29
39
32
37
25
28
27
42
39
37
44
31
38
33
34
39
34
32
21
35
12
29
35
20
29
28
30
44
35
32
26
41
35
36
30
34
21
38
40
28
33
33
26
36
38
23
43
36
37
29
34
30
39
32
36
36
28
10
32
32
22
33
33
38
44
17
33
39
32
29
33
34
31
40
44
52
35
40
28
25
43
52
48
31
33
32
44
36
38
28
44
36
41
48
41
36
38
24
30
30
28
24
14
33
37
29
35
59
39
37
26
43
29
39
35
33
27
33
22
39
27
17
55
41
31
32
33
24
45
39
31
34
40
51
50
60
57
47
42
55
55
51
60
45
43
40
51
46
48
32
47
44
53
56
56
53
36
42
57
47
57
30
65
45
43
53
51
65
47
50
54
55
45
48
56
60
63
51
53
50
53
52
60
58
51
46
53
58
46
45
45
58
43
50
60
39
45
54
52
53
59
53
43
51
45
46
37
57
55
50
47
42
42
58
48
48
54
44
50
50
53
57
49
36
48
43
59
49
40
46
60
58
59
53
40
51
55
51
50
63
52
52
33
50
65
47
53
49
59
52
45
56
48
47
37
60
45
49
52
50
52
52
58
57
45
63
64
48
50
55
51
55
53
57
43
44
50
45
57
46
55
50
52
45
53
52
62
48
41
58
30
46
44
57
47
48
53
60
47
54
43
43
48
44
45
54
63
64
57
62
50
42
49
51
53
59
45
51
65
55
50
36
35
34
59
51
53
47
58
56
57
49
53
55
46
53
57
49
52
53
50
49
43
51
50
53
52
56
41
44
44
54
52
46
22
66
56
47
42
47
47
55
46
46
36
49
48
63
40
49
54
54
49
57
57
53
65
49
62
42
45
61
