41
53
53
54
49
56
42
53
68
49
48
50
65
59
32
44
46
35
46
50
62
59
42
54
46
42
56
26
57
50
49
43
43
42
52
56
61
50
61
65
62
52
55
59
59
55
52
58
56
55
57
51
54
49
57
46
49
64
62
54
40
47
48
59
49
39
38
45
54
59
45
48
50
60
52
52
74
48
80
47
44
56
47
58
52
45
44
47
56
49
41
56
53
49
49
45
56
56
54
53
47
44
48
35
43
46
58
53
50
59
51
52
59
35
51
57
52
51
68
65
55
49
47
56
55
50
63
47
53
52
40
50
60
52
46
60
42
53
40
32
64
52
56
53
52
51
49
56
58
45
46
55
46
47
55
26
53
61
46
54
49
53
43
53
48
58
50
63
52
44
45
41
54
57
51
52
56
51
57
50
49
51
57
75
50
42
33
50
45
46
44
37
36
58
47
39
44
40
55
50
49
66
44
48
39
53
43
45
42
49
40
67
55
51
51
55
47
52
59
51
46
43
38
61
47
44
51
49
47
54
60
41
54
59
47
53
43
51
57
57
50
49
42
42
58
42
48
35
50
60
39
32
35
38
39
40
34
25
44
32
30
18
39
21
45
30
37
24
41
31
34
33
23
42
24
34
43
22
43
26
50
37
30
32
36
31
31
42
30
20
30
46
40
25
22
34
38
48
35
31
21
31
31
35
38
31
39
33
32
44
30
33
32
28
27
38
21
25
31
38
26
41
51
37
35
27
21
33
35
25
28
44
29
28
36
32
39
39
30
28
13
7
37
22
42
38
34
28
34
36
39
24
39
34
37
34
37
39
31
51
32
30
48
31
29
34
39
32
34
27
44
32
17
38
36
30
11
45
19
34
30
56
42
28
32
28
35
39
38
41
45
32
33
40
38
31
34
32
34
37
35
30
26
33
56
43
37
29
29
31
34
35
28
33
32
25
34
29
31
34
33
31
36
29
21
34
23
28
29
34
32
36
23
38
30
33
36
41
32
34
22
34
32
28
36
29
37
33
39
29
30
41
20
30
41
34
33
23
33
40
39
35
28
31
50
39
34
34
18
27
31
27
33
36
20
43
28
36
25
25
25
43
32
32
10
35
25
27
37
34
27
36
28
36
29
36
44
32
34
30
