26
46
45
66
50
45
61
44
40
46
58
64
45
57
57
61
57
55
53
55
42
52
38
45
37
52
52
46
33
48
52
63
64
60
47
40
48
54
47
45
52
47
43
55
42
55
52
70
46
60
36
54
49
49
38
57
52
51
49
53
50
69
42
45
52
51
49
77
42
53
50
51
35
53
44
54
53
45
49
34
42
54
40
47
46
80
39
57
46
54
55
47
49
46
53
63
33
50
56
49
50
38
52
44
58
41
32
49
50
37
50
67
50
55
49
45
33
46
49
49
50
58
53
47
61
55
56
50
52
43
54
63
53
38
51
52
60
41
70
47
53
48
58
44
52
39
50
59
58
50
44
42
40
51
50
56
46
48
49
46
71
48
56
44
49
52
50
66
41
70
56
48
55
48
53
53
48
59
38
53
49
37
56
40
68
56
51
49
41
48
43
45
43
44
66
61
53
56
55
51
57
40
41
32
45
42
51
44
53
62
53
48
34
60
45
55
64
50
60
47
55
38
69
58
42
55
40
52
56
49
49
37
53
56
48
59
53
47
46
43
53
35
46
47
54
53
49
54
48
49
28
35
53
43
27
33
36
36
32
35
33
22
32
31
28
36
32
33
47
24
34
31
30
29
30
43
26
29
32
27
32
45
24
31
40
34
34
56
39
35
34
41
26
48
39
32
29
24
48
31
33
30
39
38
22
31
40
35
32
30
34
32
36
17
29
34
36
27
28
31
12
41
24
35
33
29
38
34
30
42
28
29
33
18
38
35
38
46
36
28
30
35
35
40
33
30
25
41
29
33
50
45
42
41
31
31
31
32
25
27
38
27
35
25
41
31
38
45
36
38
30
26
35
36
43
33
23
27
26
33
39
34
38
34
55
47
37
29
23
31
42
28
34
24
31
32
27
30
38
31
30
31
27
29
32
30
32
35
36
10
31
31
36
39
31
30
33
27
36
20
34
17
39
20
36
41
31
29
28
38
36
40
28
36
54
31
23
37
40
26
43
28
26
39
35
36
45
31
24
39
35
18
47
39
30
35
30
34
36
53
36
32
38
33
44
30
44
45
36
6
31
24
54
50
34
36
25
34
30
36
36
39
55
36
28
32
30
17
32
33
37
17
45
27
27
40
23
31
38
37
