37
53
47
60
57
64
59
51
52
59
52
70
32
60
58
60
50
54
52
50
52
41
52
57
53
47
38
40
45
51
53
53
59
59
52
64
48
63
45
51
51
57
50
46
50
50
51
46
53
49
50
55
52
53
49
46
56
29
48
59
55
49
45
53
53
38
45
43
38
59
56
63
44
50
54
52
55
44
52
44
55
56
47
45
45
59
61
44
42
50
27
45
47
45
46
61
51
45
58
46
59
46
57
53
53
44
57
51
56
45
53
34
52
55
54
47
55
53
48
59
29
50
34
49
55
59
52
49
49
41
46
42
61
42
63
61
50
41
43
53
53
49
52
50
56
53
52
49
47
63
51
45
52
38
56
47
50
54
55
50
42
52
59
52
46
50
48
57
38
53
75
32
54
54
51
35
50
56
47
59
32
50
51
63
54
52
54
54
51
63
41
67
45
46
56
64
49
51
37
39
38
50
45
51
53
44
49
54
70
53
72
57
47
66
58
54
36
48
49
57
51
55
54
50
44
55
59
60
56
54
51
58
42
41
55
39
49
49
46
46
47
56
53
49
53
43
54
63
49
29
34
33
17
29
32
38
40
17
52
30
39
28
38
39
40
35
32
39
51
17
25
23
35
34
41
34
33
35
35
33
29
34
32
44
35
15
43
19
16
47
37
24
32
21
40
31
33
36
44
27
33
35
37
41
34
34
26
25
35
25
27
35
33
55
38
40
28
42
39
45
19
34
40
36
32
38
29
33
41
46
32
28
24
30
30
30
38
44
32
22
20
34
34
41
33
30
62
38
41
22
33
45
37
31
25
37
29
31
32
33
39
34
12
10
39
43
27
34
33
34
26
14
34
39
35
27
30
24
30
17
24
25
45
42
29
34
33
42
21
33
16
36
17
31
24
39
46
30
31
33
24
32
32
32
29
29
29
31
30
23
32
29
46
33
41
30
36
38
30
34
38
32
34
37
54
25
26
34
33
29
39
39
41
50
33
35
46
28
56
42
40
24
33
33
25
29
31
32
33
38
27
36
37
36
38
24
22
10
33
34
27
31
38
29
32
37
26
33
35
24
35
30
30
24
38
42
30
34
25
39
18
34
40
34
32
29
41
22
33
29
38
34
27
36
33
24
34
22
46
29
