35
31
22
44
44
29
30
39
41
34
34
34
29
31
33
44
44
37
29
52
41
34
19
31
28
28
35
8
23
32
29
33
28
38
32
19
38
41
25
40
22
53
31
45
27
32
25
30
29
34
44
41
35
33
31
31
30
35
30
17
37
29
31
30
35
43
33
23
39
25
46
23
39
30
36
34
39
34
22
38
30
29
31
49
32
38
31
38
27
34
41
32
41
42
40
30
25
31
37
32
47
36
35
31
31
38
34
31
31
37
38
43
36
37
52
53
26
37
49
35
32
32
46
14
22
42
35
24
22
19
35
29
28
28
35
31
26
37
31
34
32
38
28
31
33
22
23
27
32
31
36
39
28
35
34
36
26
40
31
22
31
52
32
35
44
45
21
30
22
34
11
43
24
50
27
24
29
32
8
24
40
30
17
39
30
41
13
35
44
35
21
27
38
21
46
35
31
36
45
36
14
30
45
27
43
34
48
24
32
30
33
35
35
26
36
41
38
28
36
32
31
35
25
41
19
40
23
30
33
49
43
33
32
37
24
41
36
34
36
29
43
20
34
35
36
29
31
26
37
29
40
57
58
49
32
49
60
48
43
48
51
50
60
47
70
59
56
49
55
50
54
58
45
49
51
57
57
56
50
65
53
43
45
56
44
63
57
45
54
61
53
38
58
61
72
52
57
50
57
59
55
53
53
41
46
53
63
72
55
52
41
50
59
49
48
53
48
55
55
53
49
56
57
44
43
71
50
47
49
45
42
64
60
67
57
58
52
55
49
45
47
64
48
52
51
48
50
44
49
44
54
57
49
70
62
51
65
36
55
56
55
42
56
45
61
46
43
50
57
49
48
47
53
52
42
59
42
56
53
45
61
51
49
44
44
41
43
42
40
45
51
31
54
43
51
60
52
50
48
61
72
56
58
57
58
52
53
63
50
43
68
43
49
56
50
56
57
56
45
29
50
59
52
53
45
57
49
62
58
55
45
51
48
54
40
58
61
68
48
48
50
45
60
52
45
42
52
44
54
51
30
56
65
45
49
44
59
51
45
48
26
73
51
46
52
52
50
50
39
49
49
36
47
47
72
55
51
54
40
43
57
49
50
40
29
52
52
47
53
57
34
54
54
51
52
59
57
53
36
51
