34
16
36
51
8
27
33
41
43
32
44
27
30
30
33
29
27
32
48
29
39
36
24
55
37
25
56
32
27
30
34
19
32
22
33
36
31
25
35
33
21
41
39
31
29
30
25
17
31
36
23
48
25
29
48
27
26
33
32
38
14
19
21
32
36
34
20
30
34
36
34
31
47
31
40
17
32
31
43
35
29
40
39
36
41
33
28
33
16
35
40
24
31
33
44
37
23
38
30
37
33
27
46
33
41
32
43
21
22
34
28
31
25
31
38
18
21
40
48
23
42
40
34
29
33
27
38
40
34
13
35
42
32
38
34
26
34
38
48
22
22
26
33
34
27
39
27
35
32
24
34
34
40
28
35
27
36
30
37
41
33
29
36
49
40
25
37
51
34
42
33
35
30
50
6
33
29
33
34
30
27
36
30
39
35
9
30
35
28
31
29
36
27
34
42
32
35
38
31
30
32
27
37
24
27
33
31
26
36
44
18
38
33
39
40
27
34
29
30
32
31
35
34
33
36
34
28
46
33
20
51
51
23
28
32
27
38
35
33
29
56
30
37
36
42
18
30
29
33
30
7
35
39
36
37
32
30
35
35
30
31
48
38
35
23
47
27
40
42
40
43
37
38
41
21
20
39
38
26
31
33
31
30
30
35
51
19
35
32
38
37
30
28
30
48
43
32
29
34
39
33
38
35
30
29
43
30
38
30
32
22
37
24
32
31
31
51
44
47
45
25
30
39
45
37
38
34
33
36
35
30
32
33
26
23
37
32
31
37
12
30
27
29
31
17
27
32
34
25
18
24
33
29
30
25
26
35
35
34
48
40
42
14
34
35
36
21
35
27
36
30
32
33
20
37
46
28
26
34
31
34
28
32
39
33
34
30
18
39
22
35
29
45
35
35
22
29
37
36
31
28
34
38
48
26
30
34
32
24
32
40
37
42
24
32
24
48
49
49
36
31
36
35
39
37
31
24
37
28
33
20
38
42
32
30
24
33
26
34
45
28
23
34
15
36
35
22
32
27
48
29
40
29
41
38
36
26
39
38
38
36
38
33
40
40
31
22
30
29
33
38
37
39
40
29
35
29
51
31
25
33
24
38
26
23
29
41
44
40
31
37
34
39
24
17
33
31
31
35
34
