40
36
42
33
18
31
32
16
25
31
26
22
38
28
37
40
22
51
28
36
31
31
39
40
30
30
21
31
49
33
26
25
31
33
31
48
31
40
37
24
34
31
37
39
31
55
17
35
39
34
46
36
36
34
36
36
33
37
41
29
31
35
34
37
30
27
41
28
37
33
30
32
23
43
34
31
24
48
25
36
35
23
24
34
39
31
51
31
27
33
27
35
25
32
42
33
35
30
36
33
45
28
28
36
36
28
39
36
34
42
29
38
36
36
35
41
44
33
33
33
35
21
29
40
25
25
53
34
36
28
32
28
30
44
47
31
37
41
35
48
40
38
29
30
31
37
29
37
29
33
29
30
51
31
24
32
16
40
37
39
37
34
30
27
39
36
39
31
37
39
49
14
34
28
21
26
32
34
45
18
34
30
41
30
35
32
37
41
41
41
34
33
23
37
37
25
26
36
31
9
32
42
20
28
39
55
36
33
31
29
29
18
25
32
18
46
46
31
40
22
29
33
23
17
22
32
36
35
34
31
22
40
36
25
32
38
39
34
13
36
33
26
34
27
34
19
32
29
37
37
37
20
39
38
51
34
35
31
42
36
34
34
36
46
37
33
36
32
25
28
33
34
30
13
33
33
45
46
55
48
21
36
35
6
29
9
30
46
14
36
33
31
38
38
23
36
31
32
27
40
41
44
12
33
41
36
17
32
30
43
35
31
32
32
20
32
27
43
22
20
46
27
33
27
35
41
31
26
32
54
25
42
32
31
38
28
26
20
49
46
31
34
40
32
29
30
31
27
29
26
39
33
24
54
30
27
22
29
30
29
38
27
41
17
35
36
30
31
19
34
49
26
41
47
39
24
28
40
27
31
41
35
50
37
49
36
26
29
19
29
50
32
21
44
41
36
44
30
24
32
32
28
53
36
35
31
39
38
37
42
24
27
33
59
40
34
30
30
36
31
28
25
29
28
34
17
32
23
26
34
33
22
25
36
34
34
26
30
38
48
33
46
37
18
33
42
30
19
34
39
33
30
26
39
42
35
32
34
28
31
31
27
36
39
14
31
41
31
34
32
28
47
34
50
27
26
36
38
8
27
36
37
36
31
25
27
44
20
40
26
48
30
28
26
37
24
40
46
54
36
