34
35
25
41
33
35
23
35
37
32
40
41
35
44
31
34
41
33
38
35
23
39
18
29
28
26
10
51
42
46
43
39
33
32
32
44
23
35
44
46
38
19
29
30
27
48
36
24
30
39
19
33
36
37
29
42
31
23
26
31
37
37
37
44
39
33
32
32
23
45
37
34
35
36
30
20
31
30
29
43
39
39
46
41
29
36
35
30
32
28
31
28
36
30
38
34
30
28
31
32
39
28
40
28
28
35
30
48
33
46
31
28
34
30
39
30
43
22
29
41
28
27
32
44
33
36
37
39
40
28
45
39
30
35
31
37
49
34
31
33
37
38
22
39
26
35
25
32
40
25
37
22
26
34
34
41
39
32
23
32
24
31
30
32
38
48
36
32
17
43
33
31
37
35
29
39
33
26
25
33
37
40
22
32
37
32
43
44
37
39
37
42
28
36
30
21
31
25
33
25
23
52
30
28
27
12
37
31
12
39
30
32
28
29
31
54
37
14
35
35
40
31
32
28
33
34
20
29
41
34
31
43
41
25
27
39
31
23
40
26
43
27
29
25
23
30
37
30
32
18
50
41
47
68
56
65
48
63
43
50
46
48
50
53
56
50
51
49
50
52
42
51
40
54
64
47
47
50
42
47
64
45
52
45
51
53
55
58
52
56
47
44
62
51
54
38
59
29
61
48
43
58
56
52
42
49
52
75
57
23
65
76
44
43
43
56
54
53
51
41
42
64
44
42
75
50
58
53
58
53
51
51
49
46
52
56
54
49
56
36
48
41
51
80
47
55
55
44
57
57
51
58
35
53
54
48
32
53
27
19
42
39
50
39
45
54
36
51
52
57
52
40
46
55
47
61
48
52
38
40
47
34
38
61
54
55
54
62
48
47
43
60
42
52
52
43
48
59
45
59
45
47
52
57
45
51
47
57
57
54
60
68
39
44
49
38
49
56
51
56
58
40
47
43
40
48
59
59
43
44
36
46
45
49
46
51
63
48
47
33
49
45
47
56
20
55
49
57
52
49
49
54
57
43
47
49
51
56
44
59
52
52
47
38
67
53
65
43
56
34
57
55
49
60
51
70
49
48
45
48
54
48
51
60
60
44
52
56
47
52
40
44
58
54
53
62
55
51
49
54
