48
56
47
37
52
52
57
50
37
65
47
40
50
59
67
59
46
37
39
55
58
64
49
49
49
35
46
63
47
47
57
48
41
40
41
57
43
47
49
49
72
65
42
45
66
35
48
46
53
46
37
42
55
59
61
54
59
40
45
51
49
37
48
55
59
48
56
47
57
61
44
52
63
60
53
65
52
51
39
53
42
44
52
56
40
53
57
50
35
50
27
50
42
66
62
41
51
54
58
60
37
61
60
49
61
63
53
51
52
54
58
48
51
47
46
51
42
48
45
47
34
45
61
50
60
55
58
49
56
37
57
53
47
56
48
54
61
60
56
56
41
47
50
58
49
44
41
27
35
48
59
52
40
50
47
32
44
54
44
39
37
52
58
55
52
60
44
48
58
49
64
46
52
64
40
52
43
46
57
57
35
62
59
57
51
45
43
65
44
68
43
52
40
47
47
52
54
43
47
28
73
48
51
50
56
55
42
49
45
52
46
47
34
58
50
55
58
49
45
75
46
56
52
38
70
49
53
44
50
47
40
43
37
51
46
61
58
65
54
57
39
55
48
46
56
50
44
57
52
51
35
34
40
27
23
25
25
23
33
38
25
26
38
36
33
29
31
34
51
46
38
29
43
39
37
31
43
27
33
34
38
32
30
34
36
34
24
38
39
55
39
37
32
28
27
24
36
17
36
42
29
34
37
32
31
33
32
14
31
27
32
43
41
26
34
34
31
29
31
28
34
41
31
34
48
20
33
31
36
28
31
33
24
26
31
36
46
37
38
42
48
15
34
20
41
39
39
9
29
35
32
36
24
33
36
34
43
28
30
38
18
40
42
30
41
34
46
34
25
40
30
35
38
28
29
44
28
35
38
32
26
21
31
31
37
32
20
33
33
49
36
33
37
41
34
37
36
29
33
29
52
34
35
31
34
17
39
20
40
36
40
34
36
26
25
29
21
33
29
36
40
43
34
26
32
25
29
27
33
30
36
28
35
4
34
16
25
22
39
32
33
30
29
40
34
29
31
38
36
36
32
38
29
44
31
31
18
20
24
31
25
37
31
39
29
26
29
41
26
32
34
31
29
36
35
33
33
44
45
26
20
20
28
37
30
35
30
30
44
28
28
36
36
16
30
22
39
39
32
17
