48
48
60
46
51
49
54
44
57
54
35
62
41
47
47
47
52
37
52
45
41
58
40
46
52
43
50
33
51
54
42
40
44
56
33
24
47
37
53
61
41
42
45
47
50
43
56
45
32
48
51
30
43
30
43
34
50
53
50
43
51
47
40
55
72
49
64
46
38
73
54
53
56
43
48
50
48
51
49
53
46
46
58
57
47
45
52
66
37
57
63
42
50
44
55
47
51
40
56
46
61
38
51
50
54
41
43
58
57
37
47
32
49
47
55
55
51
45
52
49
44
58
32
60
63
71
56
45
44
52
56
41
55
49
47
49
59
58
49
51
54
42
52
47
34
49
56
42
55
49
47
63
48
60
41
46
61
48
49
41
50
54
58
49
62
35
47
61
63
55
53
53
55
52
46
52
53
45
44
55
58
49
44
43
45
56
51
58
54
55
55
47
47
52
66
63
55
48
49
45
53
70
43
50
49
57
53
65
60
50
48
48
50
42
45
36
50
54
52
56
59
57
48
49
52
51
51
44
68
48
46
63
49
43
51
47
47
47
51
57
65
57
53
51
52
50
63
49
34
55
38
21
37
43
8
23
32
30
22
22
30
34
34
32
33
34
33
26
28
33
31
31
49
31
51
29
36
25
39
25
40
43
37
37
36
25
32
36
37
32
36
41
31
41
43
33
35
34
44
34
25
29
23
19
31
14
28
27
43
27
37
27
31
37
41
31
42
29
34
32
33
36
28
25
34
36
27
37
40
38
24
33
33
31
54
30
54
35
34
56
22
31
36
32
18
33
38
38
56
37
24
35
35
44
43
34
11
15
31
31
27
38
32
35
38
23
24
31
30
35
17
4
43
32
31
30
40
33
32
46
38
39
33
51
29
33
33
43
31
41
36
27
41
43
35
12
38
24
17
24
29
36
33
35
29
27
61
32
34
41
51
33
39
48
35
32
34
36
23
41
45
29
40
41
47
39
31
37
24
32
34
15
30
37
18
28
40
22
30
27
36
31
31
31
32
45
31
29
43
23
33
34
38
33
28
40
22
30
46
33
39
34
28
26
28
36
48
43
37
38
20
19
35
33
29
34
31
28
21
25
34
39
41
33
54
30
35
28
36
30
29
36
37
26
37
43
27
34
38
35
