53
33
47
49
46
43
49
60
36
45
42
47
53
50
40
43
56
50
54
35
65
53
50
51
53
60
54
46
45
51
39
45
46
53
71
43
49
51
45
61
56
54
50
58
47
59
41
51
32
45
53
65
60
53
49
78
75
44
46
54
48
64
53
37
51
47
49
55
54
58
62
56
47
43
47
49
52
45
44
50
34
50
51
48
58
51
45
49
47
55
53
56
56
51
47
52
59
50
49
48
38
55
50
52
46
55
48
42
56
50
46
35
69
55
50
41
52
44
61
42
54
55
47
53
54
50
52
49
55
42
55
54
62
44
42
55
55
64
52
54
45
51
48
45
43
49
52
43
33
56
58
51
51
45
48
56
51
43
30
50
39
46
61
41
53
49
53
53
55
47
37
42
59
47
55
66
39
35
20
52
50
59
54
51
58
47
48
48
47
47
51
49
50
39
40
52
49
52
50
35
57
47
48
62
51
43
42
35
47
56
59
53
38
47
35
50
45
37
62
46
43
43
50
48
45
69
49
52
48
52
42
41
54
45
50
46
57
56
54
45
61
53
57
46
51
52
52
43
50
56
39
29
29
20
42
31
33
26
40
37
32
18
41
35
30
27
31
40
37
38
28
36
39
29
23
35
23
31
20
33
39
24
40
41
30
25
35
34
38
29
34
42
25
35
30
49
32
29
27
14
36
33
34
43
20
27
37
45
34
43
40
28
28
36
38
26
37
12
46
36
28
37
34
29
39
37
42
37
36
35
40
39
37
17
31
34
32
26
23
41
37
24
37
28
23
26
28
37
21
33
48
31
33
26
44
19
19
29
14
31
35
32
35
41
34
33
33
27
30
41
42
22
34
49
46
30
31
27
31
29
37
17
26
31
49
35
37
29
23
43
33
25
42
40
40
32
38
32
36
36
35
27
30
33
21
39
26
62
33
17
17
29
38
38
45
30
30
40
32
40
34
26
30
33
31
35
37
27
33
38
28
57
40
27
51
22
39
37
38
34
50
45
32
36
25
41
25
28
39
57
27
27
37
36
54
34
40
32
47
39
32
45
44
26
41
37
37
48
39
34
27
28
39
31
32
25
38
40
33
37
40
32
36
32
33
30
35
35
37
25
39
12
16
38
44
35
34
55
32
31
