56
31
32
46
25
42
35
34
35
35
37
27
18
27
32
56
32
28
37
23
34
37
27
35
35
31
36
35
22
29
32
26
31
34
31
24
48
39
22
30
39
26
39
22
38
23
35
40
61
25
32
28
34
29
34
38
38
42
38
36
33
37
22
35
30
20
36
35
28
30
40
35
42
27
52
34
39
31
27
36
21
32
30
28
42
21
40
32
32
31
39
28
31
40
34
37
24
28
30
37
48
40
35
39
33
40
37
20
18
25
27
34
39
35
29
26
42
30
30
42
27
53
36
36
38
38
34
29
30
39
44
31
28
41
37
37
30
21
32
32
26
40
35
26
33
35
31
39
48
29
32
35
38
37
32
24
39
32
33
54
6
21
27
29
34
23
39
28
40
26
20
31
22
36
42
37
31
33
43
28
28
36
39
31
35
32
42
29
32
56
27
27
34
35
39
33
41
26
33
28
36
45
34
35
23
30
37
29
24
36
30
39
30
35
24
23
46
43
35
25
54
45
26
21
38
38
37
39
34
47
34
28
27
35
37
35
37
26
34
33
38
36
42
38
40
33
44
34
29
16
40
26
38
28
30
40
31
22
22
32
25
35
32
32
29
36
37
52
21
38
21
29
48
8
27
36
35
42
25
31
38
16
32
21
46
40
27
37
37
29
46
37
31
30
34
24
33
36
28
31
31
36
24
38
23
31
35
55
17
36
30
33
28
37
32
24
39
36
29
36
47
30
31
44
54
34
37
16
20
34
29
16
35
30
31
40
47
21
28
36
21
31
31
36
25
42
22
35
28
36
35
27
21
34
42
28
38
33
40
20
28
32
39
28
27
26
36
23
36
15
46
33
29
21
33
41
38
40
35
25
33
27
28
37
33
21
37
30
30
36
44
43
43
32
25
31
36
29
14
26
21
48
37
36
36
31
36
40
28
40
19
26
38
33
40
24
36
21
37
29
39
32
38
35
4
42
35
31
27
55
35
36
24
36
26
48
34
36
30
34
44
31
32
22
33
32
42
25
34
40
37
14
37
30
34
50
30
38
31
31
31
48
45
31
27
41
28
27
14
34
29
25
24
27
39
34
53
43
56
25
21
40
39
24
33
35
13
19
30
31
36
32
39
38
35
42
32
33
31
15
