50
50
52
43
52
44
45
51
54
48
59
42
44
55
58
47
59
45
46
39
51
64
47
71
65
55
51
41
55
49
53
49
61
51
46
47
48
53
59
47
51
43
44
64
47
52
50
45
47
46
50
52
39
54
52
51
50
49
52
49
50
58
58
57
57
44
55
57
50
47
47
52
46
41
54
53
60
50
40
53
41
54
47
42
44
46
62
46
48
50
47
53
45
53
51
47
64
48
49
56
57
43
50
63
41
52
48
41
55
58
62
54
48
50
46
46
51
64
53
40
48
45
45
68
56
53
46
53
43
46
56
46
52
62
61
46
53
50
51
46
51
48
67
48
39
51
44
51
49
54
55
53
38
38
46
52
49
55
31
51
62
49
53
59
47
51
46
64
66
57
52
52
54
50
50
41
63
45
43
49
41
47
49
52
46
55
51
48
57
41
38
63
60
50
52
46
57
63
36
50
47
48
47
47
38
63
45
50
53
47
63
52
44
41
48
57
44
43
51
46
52
71
60
50
57
45
53
55
46
54
43
38
61
50
60
52
56
57
47
46
66
47
35
59
34
57
64
48
44
47
38
34
24
38
34
28
30
51
43
37
34
45
22
27
30
35
25
34
31
25
38
20
35
33
38
53
35
33
18
24
36
35
30
38
51
34
33
12
6
41
32
32
34
36
34
31
32
4
32
24
36
40
33
27
37
38
33
39
27
44
29
40
41
25
31
32
61
29
24
42
28
23
27
23
34
39
41
37
23
53
37
46
36
31
50
63
38
32
33
34
42
19
37
8
42
35
28
39
26
34
17
37
28
18
32
30
52
25
33
30
41
50
38
44
32
41
35
40
36
53
24
42
37
25
30
34
10
22
35
25
36
30
29
34
27
42
30
32
24
41
29
34
35
24
23
15
42
36
39
41
48
28
33
31
43
36
37
62
32
34
16
36
31
33
36
32
32
34
23
48
40
38
31
24
26
31
29
35
35
51
29
32
36
41
33
43
47
37
23
34
32
33
35
38
39
37
29
23
32
39
32
32
43
41
28
36
19
19
30
48
34
33
22
38
47
36
44
41
33
30
30
46
30
33
31
17
18
39
33
31
40
41
33
21
43
29
37
32
41
9
47
34
37
31
11
26
54
36
23
36
