37
27
39
30
28
24
28
20
29
30
30
28
30
28
35
44
24
26
41
27
35
39
34
39
31
29
29
50
33
31
41
39
34
33
23
31
35
35
15
32
34
40
32
34
41
31
34
27
14
28
28
22
36
31
36
33
22
26
34
27
28
33
23
26
24
25
36
40
50
34
22
45
29
28
23
26
30
46
38
34
43
29
25
38
33
27
38
36
49
36
28
23
35
27
47
38
11
43
38
33
38
36
34
28
34
50
50
34
45
32
13
44
26
18
46
18
33
11
32
23
39
31
22
24
21
41
38
33
22
33
25
33
38
33
38
34
52
30
34
28
32
27
23
39
38
31
29
38
35
25
34
37
28
45
36
48
37
25
33
22
39
44
20
30
41
31
32
20
33
48
27
21
32
32
31
34
32
34
34
27
27
38
30
32
40
37
44
34
33
28
31
31
27
33
31
35
35
43
24
34
36
28
28
35
28
16
22
40
42
27
26
34
21
32
36
41
37
24
21
34
36
34
29
23
30
26
52
39
25
36
43
33
16
41
33
41
31
35
32
30
36
36
28
44
37
26
36
20
31
36
58
47
57
46
48
59
29
52
49
50
56
43
47
71
46
52
53
55
49
46
50
52
57
55
52
46
38
65
52
42
36
49
47
45
60
37
57
51
47
50
57
70
54
52
31
48
39
47
48
44
62
49
35
50
52
51
40
39
51
52
59
44
45
41
58
44
58
59
56
58
51
51
46
53
65
50
49
59
53
53
52
50
69
53
51
39
48
56
61
67
45
48
56
58
38
46
58
58
52
28
46
61
47
54
55
52
49
40
60
48
60
61
58
47
49
62
53
40
49
58
49
50
52
45
60
46
54
49
57
54
45
65
35
54
45
51
54
40
62
63
43
52
47
54
36
49
64
56
71
54
61
49
48
56
52
45
53
54
45
50
30
57
54
45
64
47
47
29
42
64
59
53
63
41
53
47
48
49
48
57
52
46
58
49
54
46
65
57
60
48
45
36
38
51
59
46
41
44
66
50
58
49
54
50
51
63
47
29
48
63
48
60
57
59
46
47
49
55
53
63
52
66
50
49
49
52
63
38
59
47
45
49
48
61
48
56
46
58
44
71
47
51
41
45
54
49
52
50
49
59
