43
27
31
33
32
40
39
39
33
27
35
39
30
31
41
31
31
43
25
42
47
37
29
49
28
27
49
41
33
27
31
16
31
28
37
12
33
34
31
28
42
34
27
48
33
35
35
31
34
25
27
34
30
35
31
36
24
38
38
51
42
32
35
26
27
28
31
38
34
34
49
22
32
33
42
40
34
33
32
47
30
28
35
32
31
38
35
36
36
37
19
33
24
31
37
39
36
24
41
35
33
56
28
40
37
35
39
29
26
38
39
29
29
29
32
39
30
25
35
29
34
32
34
36
28
37
41
35
29
35
39
34
30
29
40
29
33
35
28
24
34
16
29
49
33
26
42
22
38
36
37
17
51
41
34
32
26
27
30
27
33
51
37
44
32
32
30
28
25
21
30
50
35
34
37
24
29
37
32
43
24
35
35
33
19
29
23
42
29
31
35
28
4
37
31
43
34
28
23
25
39
31
31
31
28
37
34
37
34
32
32
31
35
31
36
34
33
22
31
25
45
40
8
34
40
18
34
23
25
37
30
28
33
33
24
31
35
37
30
39
27
29
31
31
19
34
31
31
40
37
55
44
50
47
65
45
51
42
48
48
42
58
57
51
36
48
42
37
59
49
50
32
50
55
61
47
36
56
33
57
54
51
44
51
43
55
56
41
42
68
35
29
56
51
49
37
49
64
56
59
58
40
47
41
53
46
53
42
35
60
43
64
66
45
43
45
51
53
54
51
67
30
50
65
52
37
55
48
43
52
78
50
52
53
42
48
59
57
51
41
42
57
29
51
39
51
36
69
48
55
59
33
47
51
75
51
42
37
44
46
51
52
41
55
41
55
66
50
42
52
52
55
47
43
40
56
53
48
34
57
65
46
38
41
45
52
51
49
44
62
33
37
51
45
49
50
52
45
48
47
51
55
38
55
49
44
47
48
49
44
50
67
46
59
59
52
36
40
67
53
51
62
43
54
42
70
76
45
74
59
40
49
60
49
52
52
55
55
57
49
46
43
55
43
55
61
68
61
46
35
54
50
42
57
42
55
20
68
46
53
42
53
33
54
50
54
47
51
59
57
50
21
47
57
51
48
44
58
63
54
48
41
45
53
44
49
46
45
47
56
53
51
50
54
45
53
50
41
65
60
