44
51
48
47
61
44
64
56
64
49
43
52
53
52
48
35
44
52
50
60
57
74
45
45
50
38
49
62
49
54
56
48
60
45
42
53
42
45
50
37
60
46
47
55
43
38
55
70
51
55
38
53
50
48
46
46
52
39
56
55
63
48
42
34
35
48
56
41
46
65
63
52
50
54
43
25
49
59
45
52
56
52
49
55
54
62
70
55
59
43
56
50
57
45
56
56
54
42
48
51
51
54
48
44
69
57
40
45
48
23
51
46
54
53
52
51
60
49
58
47
45
38
57
55
44
46
51
66
52
61
52
52
51
46
49
49
47
60
54
41
57
54
48
27
53
48
33
44
66
69
44
40
39
55
44
34
50
47
35
55
54
56
51
37
51
64
45
50
57
69
47
49
47
59
47
49
53
52
50
39
44
44
61
50
50
54
51
57
47
56
53
58
45
47
45
44
54
45
49
49
56
49
50
49
50
50
55
54
62
49
53
51
44
29
46
57
59
41
49
35
46
57
36
46
62
57
64
50
66
62
45
49
30
47
46
45
53
72
53
45
62
56
57
53
54
47
50
57
43
59
39
46
31
43
32
26
30
29
36
30
37
34
24
24
42
28
37
32
32
28
33
29
35
14
31
38
22
43
26
37
36
27
40
45
22
42
26
27
51
30
46
34
37
41
33
16
34
34
33
39
33
49
31
31
28
40
41
31
41
31
29
46
36
27
40
28
15
32
36
34
33
15
34
27
37
29
18
30
22
29
30
34
16
24
29
28
28
26
36
29
25
23
43
27
34
34
31
29
22
33
48
29
32
21
36
20
27
34
38
35
45
28
23
40
35
23
29
36
28
42
42
28
29
48
27
32
31
34
40
40
39
29
32
31
27
38
33
33
26
36
31
41
31
24
44
29
35
28
30
21
32
33
25
33
18
34
41
38
41
33
37
38
32
39
30
23
31
38
13
31
41
31
33
22
24
29
27
23
51
37
33
37
21
34
38
38
30
31
23
19
30
37
31
38
21
35
33
27
14
23
27
43
45
31
37
21
42
34
27
34
28
13
34
18
25
37
29
30
43
34
37
28
37
36
31
33
29
32
29
36
25
24
43
40
17
18
54
54
32
28
47
19
41
40
38
38
43
29
38
31
