35
27
34
34
44
40
48
20
26
24
24
34
24
25
28
20
36
28
24
37
30
31
25
28
26
31
26
37
29
22
29
22
43
26
18
44
40
30
38
30
34
36
35
32
23
36
25
35
26
56
37
39
24
37
31
36
41
32
46
37
42
38
31
36
35
31
38
36
34
26
41
31
21
34
37
26
41
37
36
35
29
27
37
30
31
29
31
40
41
27
4
51
37
26
34
35
32
21
45
29
29
31
21
35
39
30
33
37
29
31
29
9
28
35
36
31
31
34
36
42
21
28
35
21
29
42
36
32
36
37
24
6
36
34
33
46
32
24
29
34
34
39
37
38
35
36
36
22
31
32
24
31
35
20
30
36
37
29
30
31
36
24
33
33
36
35
21
38
41
38
37
34
40
30
35
16
37
32
35
42
34
35
29
29
26
55
33
33
29
32
32
32
27
45
14
34
34
23
29
37
35
51
28
34
43
36
36
39
33
47
47
14
29
38
34
32
21
42
34
23
34
37
41
37
36
29
29
34
44
34
46
27
40
42
14
44
22
41
36
25
41
37
31
35
33
24
15
25
34
25
52
48
52
52
55
53
55
49
42
57
53
48
51
74
54
46
55
36
48
55
57
45
55
46
56
56
46
49
36
52
59
49
50
59
42
53
51
48
40
47
58
47
44
58
53
52
46
45
41
41
62
60
52
54
53
42
58
47
53
56
63
52
35
53
45
52
53
49
70
53
52
61
51
62
62
45
49
48
51
47
58
48
51
48
51
53
41
49
51
41
60
52
53
52
40
44
41
49
46
59
58
62
41
33
55
54
45
49
57
32
44
50
45
66
48
53
40
27
53
54
49
53
45
49
46
53
47
49
41
58
52
53
44
51
44
54
40
43
50
53
59
48
49
50
51
49
56
55
47
37
54
58
59
46
55
60
45
64
45
64
53
57
39
59
51
51
63
41
49
46
56
51
51
68
37
49
52
53
42
46
58
52
46
47
57
41
32
43
54
43
53
44
53
48
55
49
39
51
44
57
51
54
59
45
57
42
53
48
41
57
56
68
39
50
63
54
51
44
60
52
43
42
40
61
42
54
51
51
64
55
52
54
42
53
50
49
47
57
34
19
60
51
51
55
66
58
59
53
30
53
