69
30
45
43
66
52
49
53
42
60
49
45
57
38
61
49
55
57
40
58
43
39
40
69
49
52
50
45
51
57
62
48
35
61
49
52
46
35
53
50
54
49
46
56
44
54
57
52
55
54
68
53
52
54
53
43
19
50
60
49
66
43
54
56
47
49
56
34
52
56
44
45
48
51
54
57
68
50
44
40
47
59
59
44
56
60
28
46
50
49
38
52
59
37
40
54
29
51
44
43
40
53
46
61
55
52
52
55
55
39
56
43
60
49
48
60
47
39
51
49
45
48
50
51
59
64
40
45
48
59
41
48
57
58
50
59
50
56
65
60
43
50
35
53
51
52
34
53
70
42
54
51
58
60
62
53
64
43
44
60
49
42
68
49
59
48
43
52
56
56
59
57
54
41
51
62
46
48
49
53
59
41
51
52
52
46
58
52
60
51
44
42
59
40
50
53
58
47
51
47
38
54
47
54
50
44
55
56
53
45
74
50
53
64
43
43
56
45
63
55
53
41
45
50
41
65
51
53
42
49
46
47
66
60
51
52
48
56
50
46
43
54
47
48
42
43
42
35
56
47
32
37
43
40
26
38
46
44
26
43
34
36
39
38
34
39
22
36
53
35
36
40
28
41
21
28
40
31
33
30
41
32
47
32
50
27
31
41
33
31
28
32
26
24
44
26
31
32
43
31
36
31
41
29
39
33
30
31
29
39
32
42
42
20
42
38
36
33
31
38
27
31
28
31
39
25
38
25
38
31
39
32
32
31
29
37
28
37
34
39
37
38
23
29
34
46
29
21
43
32
45
46
31
29
36
20
29
40
36
29
36
34
41
32
29
42
39
38
39
34
30
22
35
37
31
37
36
31
28
23
26
21
39
33
29
41
40
30
38
54
38
8
32
34
48
47
22
29
30
35
23
27
28
33
30
41
50
32
28
31
21
32
30
26
36
39
32
19
33
38
35
44
27
32
32
32
28
21
25
33
34
31
34
34
27
35
31
27
45
34
24
34
33
36
36
30
42
36
40
36
30
40
31
35
40
35
49
19
45
35
20
38
35
27
41
33
32
54
34
33
33
42
30
51
30
30
35
41
37
33
40
31
27
35
36
36
46
36
36
38
44
31
29
36
32
37
28
36
48
35
