40
56
52
39
45
51
45
57
63
49
44
53
58
52
53
50
44
52
50
53
56
54
63
51
55
59
48
47
47
49
67
57
54
52
49
54
34
51
53
46
50
37
50
47
50
53
51
42
36
52
58
55
63
57
49
51
55
50
47
59
52
48
57
43
38
56
48
48
63
58
53
50
58
40
51
60
35
54
53
50
50
51
50
45
45
53
41
48
46
60
61
45
65
52
47
53
44
47
43
56
45
36
55
73
67
50
51
52
51
49
56
47
47
58
39
48
51
40
43
53
58
49
37
71
57
65
53
56
52
41
47
67
49
47
38
50
41
49
49
52
35
46
31
51
50
37
59
47
60
56
37
54
51
49
43
58
49
53
62
44
50
51
55
44
41
43
42
59
49
57
50
50
45
56
42
49
58
60
44
46
49
43
50
47
42
60
45
48
51
41
52
45
50
49
45
48
55
48
63
54
70
43
44
42
45
45
52
42
44
54
54
51
37
47
53
45
54
66
51
38
55
51
49
47
53
50
53
47
52
49
43
45
48
43
41
45
50
48
53
61
56
41
45
48
38
43
52
60
48
48
26
25
37
44
45
23
34
36
31
44
52
26
28
14
29
35
31
30
29
27
26
36
34
35
33
27
28
12
36
26
27
33
31
39
28
29
30
34
47
32
27
27
30
41
31
30
22
29
40
33
34
34
39
34
37
34
37
47
41
45
31
39
34
32
23
38
35
32
31
36
40
63
7
23
26
30
30
14
30
26
46
23
38
38
24
27
31
34
47
34
29
35
36
40
22
44
26
40
16
25
37
22
32
44
28
29
22
31
36
36
34
44
36
36
31
20
38
34
26
34
32
35
47
35
34
42
44
16
29
46
43
40
39
32
26
47
32
31
29
27
38
44
32
27
30
28
28
36
26
25
24
36
40
23
34
29
34
39
40
36
24
46
31
32
31
18
34
30
44
33
25
37
32
25
31
43
5
42
16
36
37
30
35
47
41
36
29
30
31
29
20
41
35
26
29
27
32
27
20
34
52
43
26
30
29
48
31
36
44
37
31
32
37
42
20
14
31
30
32
34
29
36
19
26
29
32
46
38
38
29
37
35
35
44
31
17
36
36
30
32
34
23
34
35
28
35
57
27
49
33
