52
50
51
62
51
65
48
42
53
62
60
46
51
43
49
60
46
53
44
53
40
51
48
49
52
56
48
58
57
44
50
44
47
44
41
41
54
54
48
53
59
42
47
41
54
56
48
45
55
50
42
60
54
45
56
43
52
51
42
65
60
66
55
48
52
49
43
32
57
48
46
49
61
61
60
50
52
52
41
48
42
38
53
65
52
64
47
47
47
51
54
40
49
52
55
36
54
40
53
60
45
46
47
52
55
51
64
55
41
49
50
51
46
38
40
51
53
64
53
44
50
46
55
59
63
27
50
52
54
45
46
46
60
52
46
50
45
49
54
58
25
43
42
54
58
50
53
53
44
47
46
38
52
47
50
49
55
50
51
60
52
46
52
63
48
51
49
50
55
57
50
45
65
49
59
71
41
51
51
49
50
50
46
36
51
50
43
43
47
51
52
50
45
55
50
66
52
64
33
58
45
52
63
47
55
50
48
54
59
45
55
38
51
44
42
62
55
50
52
48
58
50
50
55
55
41
60
50
47
42
45
51
62
45
50
49
44
52
51
61
47
56
52
53
50
47
57
37
56
55
38
40
52
46
35
34
34
40
29
40
27
37
16
40
36
32
39
26
30
47
30
50
38
30
38
38
44
32
34
27
34
28
40
33
37
41
32
33
45
19
32
32
49
27
28
51
24
26
34
44
23
42
35
19
19
35
13
39
31
35
47
34
25
27
20
31
45
44
30
35
55
31
37
25
36
38
29
32
26
37
33
36
38
34
33
28
34
33
21
19
46
28
29
34
35
37
14
34
38
30
38
34
32
28
40
13
33
31
38
34
29
41
40
27
24
31
15
34
38
36
34
22
38
30
35
22
46
28
35
30
34
52
30
26
34
34
32
39
40
38
32
36
20
39
30
31
36
35
33
36
41
33
54
28
27
40
24
35
30
31
9
37
33
33
23
21
41
57
36
27
36
28
46
53
31
26
38
31
34
28
37
19
41
45
29
37
50
21
28
35
31
50
32
34
29
33
37
30
33
50
26
34
40
34
35
34
36
36
43
41
28
42
31
31
36
17
27
22
40
33
32
31
28
28
24
34
38
18
50
36
38
33
37
34
46
27
23
27
42
40
32
32
45
20
21
37
40
28
35
31
