57
65
35
29
57
62
58
47
59
43
50
52
47
43
47
46
48
50
37
53
47
54
46
67
51
42
78
59
74
62
53
48
63
53
55
40
36
50
50
57
58
48
41
59
50
49
39
38
51
47
49
55
47
43
52
51
49
53
60
42
49
41
44
43
52
50
53
51
48
50
48
65
57
37
49
38
40
56
41
48
51
49
47
47
58
58
54
60
43
53
57
54
43
53
49
51
54
41
60
46
49
53
56
57
64
42
54
39
52
55
42
58
52
54
55
43
52
56
48
51
45
47
48
42
38
56
44
68
59
57
53
52
50
40
50
44
52
47
39
51
70
51
56
47
50
58
45
52
44
49
56
32
39
49
64
60
57
55
38
62
54
44
35
53
52
55
57
52
54
45
56
51
45
46
35
51
41
50
46
51
50
51
59
49
48
54
50
59
39
41
44
53
43
51
49
63
59
45
48
43
55
52
44
45
51
59
44
57
48
49
44
41
35
43
55
53
44
50
57
48
49
37
53
59
64
54
59
45
49
42
57
59
65
60
49
67
56
39
53
47
51
32
50
54
50
57
56
48
55
53
44
37
45
33
38
24
41
43
55
36
26
61
14
30
29
24
39
44
38
36
25
47
47
30
34
27
34
29
35
27
34
36
34
37
31
25
37
41
32
30
32
44
36
31
49
45
36
35
33
23
36
30
28
33
43
28
26
40
35
37
36
59
13
25
34
27
36
22
28
39
36
25
22
35
48
36
34
31
35
27
38
22
36
35
31
33
35
27
37
28
34
39
35
30
12
35
41
35
34
34
29
31
9
38
40
33
31
33
34
32
12
16
33
33
32
36
31
39
26
34
33
35
31
36
29
31
24
41
32
41
24
40
30
36
31
32
36
24
39
30
37
18
30
28
32
35
38
28
40
51
45
32
33
38
27
29
29
33
42
34
33
40
39
43
36
28
34
34
32
39
32
54
35
34
41
17
44
35
42
28
32
28
40
21
48
31
42
26
39
25
27
31
19
32
40
37
35
26
39
32
36
31
43
12
34
36
34
34
33
32
19
20
31
32
34
36
51
32
37
26
43
43
12
26
28
28
37
38
49
36
42
49
32
19
23
42
33
29
49
32
27
35
31
38
33
34
34
23
34
39
