14
35
18
33
27
36
35
48
21
31
37
39
30
34
44
46
36
29
26
41
26
45
29
31
34
37
32
33
35
29
35
48
54
41
29
35
34
28
54
43
31
35
30
35
32
37
23
36
16
25
35
36
48
30
30
17
31
30
43
23
30
40
45
33
33
39
30
35
20
35
43
36
33
31
34
30
39
42
35
41
31
29
29
24
27
56
34
37
34
46
32
33
43
19
31
34
32
26
29
22
33
33
31
22
39
44
45
27
30
24
30
46
33
38
30
20
38
11
25
29
33
33
30
40
36
27
34
36
29
33
37
27
24
46
35
39
24
35
20
42
39
29
41
34
54
27
35
28
28
7
26
24
38
38
32
20
38
37
25
16
26
42
24
34
45
25
27
28
32
28
41
26
31
42
39
28
38
47
31
24
54
19
38
32
32
21
20
36
31
42
32
44
21
39
32
37
38
30
29
45
48
46
34
28
39
29
14
31
28
25
22
21
37
30
38
27
23
32
31
32
24
22
45
39
23
29
35
44
37
29
40
29
36
34
10
33
23
44
36
36
41
32
35
38
34
35
59
42
35
26
42
53
43
46
57
60
51
56
51
53
59
57
47
49
48
37
46
79
47
60
49
47
34
47
57
48
47
44
44
45
46
29
56
54
44
32
35
55
45
49
63
46
55
49
56
56
57
61
56
52
53
39
52
44
51
52
48
52
53
41
59
45
46
54
53
43
50
34
44
70
40
54
43
65
57
39
51
22
46
37
51
59
61
54
52
38
53
41
51
58
38
61
54
53
43
45
41
58
41
47
47
55
49
49
57
47
47
30
59
53
43
54
45
55
38
48
53
65
51
51
52
42
56
47
58
46
54
70
53
57
52
45
57
41
41
67
50
64
54
41
57
53
54
49
43
51
44
52
47
52
58
52
59
48
46
54
47
42
54
39
46
57
51
50
34
52
41
45
51
50
40
50
49
62
49
56
43
55
60
55
54
50
41
56
50
48
48
50
37
49
54
51
55
54
63
54
37
40
62
50
49
44
58
44
54
48
49
57
45
46
52
49
54
69
54
49
51
49
49
44
57
52
45
39
53
62
46
60
49
53
53
47
45
53
60
55
48
39
48
52
54
42
57
53
44
57
60
51
47
56
