39
31
22
56
48
41
37
42
16
31
41
32
29
29
38
34
21
34
36
24
36
22
36
39
34
35
34
31
42
35
41
40
42
34
21
44
35
28
35
34
29
47
37
29
31
38
27
29
33
33
26
43
31
30
32
25
39
31
35
34
27
28
34
37
37
25
34
30
23
32
28
37
36
39
29
40
22
45
39
28
29
28
17
33
41
27
27
32
33
25
31
47
37
22
36
41
33
32
23
41
20
39
26
33
29
19
25
38
27
20
30
17
34
40
28
34
34
52
39
28
31
31
32
43
55
35
35
47
32
28
32
31
38
31
36
32
36
39
27
40
40
34
42
29
27
35
33
19
32
54
17
32
38
29
24
33
40
33
30
20
10
29
24
31
40
41
46
51
42
41
50
36
34
21
44
37
34
43
24
36
26
38
32
34
48
38
18
28
15
41
36
31
34
32
29
26
34
45
37
47
27
37
35
30
31
26
41
39
29
44
28
37
30
39
31
41
40
25
24
37
44
33
34
37
47
38
53
36
36
33
27
31
30
31
33
29
28
26
31
31
36
33
17
11
27
45
42
46
39
38
33
35
23
34
41
29
36
43
25
31
36
39
31
33
46
46
18
45
33
37
18
31
41
41
19
35
24
41
41
35
38
27
32
43
54
31
27
31
34
34
31
32
40
33
49
16
35
24
34
27
23
24
39
29
27
29
40
39
33
44
19
55
24
30
23
37
31
35
27
27
38
25
29
36
41
32
40
23
35
34
28
36
18
38
28
27
25
42
29
39
37
27
37
35
47
39
37
38
20
38
30
32
45
31
32
32
31
36
44
36
35
34
38
9
39
34
34
34
31
26
33
22
44
42
28
29
41
48
30
38
41
41
38
31
35
28
30
22
45
24
34
26
33
25
48
32
37
37
36
27
36
51
28
32
38
27
38
41
34
29
30
43
41
36
44
43
41
40
20
32
24
32
32
37
21
27
25
23
37
38
28
28
34
33
24
35
35
40
35
30
34
36
36
39
44
38
33
43
36
21
19
27
26
28
36
42
24
39
32
39
22
36
31
32
33
32
31
42
31
29
29
35
48
38
32
33
45
40
30
34
38
33
37
44
34
22
31
22
51
27
29
55
35
34
39
38
43
18
41
30
