15
14
30
38
35
31
31
36
33
29
33
32
50
34
39
33
27
36
41
34
32
39
32
33
42
52
32
29
17
31
37
45
11
32
22
39
32
27
14
32
20
25
35
43
38
27
38
34
44
31
45
35
27
34
39
37
32
48
33
28
27
34
40
32
31
34
46
33
14
49
39
31
37
34
34
40
32
11
24
36
28
28
34
24
31
35
29
34
42
24
39
51
32
34
56
30
42
33
28
45
34
46
25
44
22
33
39
29
38
46
29
24
36
31
43
41
38
48
44
28
21
35
32
31
42
22
35
49
27
35
32
31
38
39
27
34
34
32
51
34
35
33
41
37
46
39
34
49
38
30
33
31
26
40
41
34
36
21
39
34
48
36
37
35
33
34
27
33
35
29
27
44
28
32
25
18
25
40
29
23
27
29
36
26
22
38
29
19
40
33
30
36
42
32
12
42
31
40
19
36
42
44
36
33
49
21
32
28
37
37
31
35
29
37
41
29
35
32
29
24
36
21
28
30
42
38
21
29
40
37
27
33
33
33
26
27
45
41
37
28
24
39
31
45
23
21
17
16
42
34
54
45
43
56
49
56
56
54
51
41
52
52
47
61
47
47
45
45
53
47
47
44
53
51
46
51
59
63
47
45
52
52
55
45
43
48
49
47
45
46
39
55
45
44
46
41
49
56
49
65
47
54
42
45
51
59
58
54
45
65
46
54
61
33
49
50
54
43
55
37
56
56
51
44
49
47
45
55
49
48
45
50
54
44
60
53
47
47
45
52
46
58
35
41
45
53
40
54
38
48
45
48
49
58
34
53
50
48
41
57
59
56
39
43
45
56
52
44
45
37
49
49
58
49
43
43
37
49
45
49
47
48
49
43
33
52
49
47
41
72
47
44
52
41
51
35
48
55
56
65
56
25
52
46
39
49
54
39
45
52
39
40
54
58
58
41
53
59
44
47
56
50
46
45
78
51
63
56
50
49
55
48
54
56
63
49
52
38
32
52
59
58
51
48
63
53
58
53
49
53
42
47
57
50
56
40
54
44
46
48
41
47
54
31
45
56
50
53
60
43
51
51
61
54
51
65
39
53
56
48
59
42
42
51
44
57
54
39
56
64
52
27
47
44
58
49
43
48
63
52
