27
30
37
30
25
45
49
34
27
31
38
36
44
18
31
57
35
43
35
19
28
29
29
19
33
46
25
44
28
31
26
30
32
29
39
31
34
21
37
25
32
25
35
36
39
41
22
28
38
9
32
37
30
35
31
31
35
24
26
36
51
41
30
23
27
33
35
15
39
21
26
45
14
39
31
26
16
30
29
29
59
34
32
34
30
50
37
22
48
34
32
31
30
17
34
32
24
41
44
39
36
36
35
34
28
26
39
23
32
30
34
43
36
34
49
34
37
27
25
30
45
36
27
38
42
35
33
35
31
13
29
31
23
34
33
36
24
36
45
22
37
30
33
34
33
35
41
43
15
40
40
33
34
35
35
40
41
31
36
36
9
28
32
26
27
35
51
34
26
32
40
32
33
37
42
35
19
25
29
24
15
29
30
22
35
36
32
29
31
33
27
31
32
22
48
30
34
31
34
43
25
34
43
25
39
33
17
42
23
38
28
34
26
41
50
20
27
27
38
23
26
27
26
37
40
32
28
39
38
21
28
39
34
41
33
34
34
37
39
34
32
36
30
38
30
30
30
27
29
29
45
60
56
45
47
60
45
48
44
55
38
56
49
55
49
47
51
56
59
41
66
53
56
46
62
56
53
63
46
67
54
48
43
39
54
71
37
48
58
55
50
65
54
53
46
53
49
72
46
41
48
58
59
63
51
41
35
45
57
53
46
38
58
59
53
44
48
50
41
49
55
44
58
48
56
51
53
50
45
49
51
55
45
26
60
47
60
74
47
60
36
51
62
53
53
38
50
44
48
43
60
46
55
45
53
49
53
44
46
48
58
38
37
43
34
50
44
38
49
50
69
37
51
52
40
53
35
57
51
52
52
48
50
52
29
48
39
52
41
58
66
58
60
54
50
70
37
64
25
51
47
54
47
48
57
46
60
59
48
43
47
58
57
51
40
52
50
51
48
51
49
46
50
58
53
48
43
52
47
42
45
54
45
46
51
48
49
25
51
33
55
48
52
55
52
47
44
50
42
38
44
48
46
58
37
52
58
72
53
45
46
49
50
35
48
54
49
51
50
61
47
53
74
40
57
63
29
56
52
58
60
46
60
44
42
44
49
52
53
48
41
52
47
55
48
58
54
44
64
46
