52
48
38
48
51
40
46
51
46
35
52
41
55
47
48
44
43
49
41
50
45
64
48
52
42
52
43
45
41
47
48
60
48
51
49
50
61
59
49
47
47
58
51
57
61
50
64
42
54
55
55
48
60
33
40
50
43
53
44
37
37
61
41
62
51
57
45
54
44
32
41
55
44
60
54
51
63
48
50
48
50
43
44
40
63
41
43
53
51
63
45
42
57
54
49
50
43
53
37
47
59
40
66
45
47
43
47
49
46
37
79
49
44
60
31
44
54
47
51
49
53
56
44
37
59
52
48
56
59
62
56
51
36
46
58
49
43
46
64
48
44
51
50
50
35
49
50
47
50
53
51
55
44
54
58
55
56
45
43
45
49
50
22
41
47
47
52
47
47
52
32
59
54
48
54
52
53
35
40
52
46
42
59
49
47
48
50
53
46
42
52
40
43
63
57
51
61
47
54
52
44
54
49
57
54
61
32
49
52
48
59
59
50
57
50
39
47
60
47
48
52
38
47
53
71
37
43
61
52
46
64
57
53
52
56
43
64
41
55
43
56
60
50
64
57
68
49
39
55
50
54
25
31
36
32
35
29
29
26
30
31
40
36
41
32
18
50
31
37
26
34
36
42
34
24
39
39
39
31
53
27
27
44
28
17
36
27
44
36
27
36
37
32
30
20
19
41
42
29
31
27
37
26
39
32
14
33
31
31
44
31
29
30
38
36
31
14
30
26
41
30
28
25
19
26
36
27
42
36
33
30
37
40
32
19
42
51
33
29
32
39
17
39
24
26
39
31
28
38
32
32
37
32
35
47
30
25
35
43
42
36
32
38
38
38
33
31
30
35
24
40
34
50
37
30
40
30
33
25
31
39
32
26
43
34
30
38
15
27
29
30
35
27
38
25
41
30
33
35
29
28
32
43
36
20
39
34
33
41
38
28
37
31
25
27
37
30
20
35
28
41
27
26
21
33
23
34
24
22
46
30
31
36
27
38
27
35
31
31
31
39
24
25
32
33
29
21
41
36
28
39
35
20
27
40
29
29
34
17
29
35
36
31
27
28
40
29
45
24
17
21
30
36
43
40
44
42
37
48
28
36
31
21
20
33
38
50
40
54
22
32
36
32
39
36
21
26
28
28
23
