31
37
41
29
31
28
43
27
26
26
32
41
35
36
30
35
36
42
39
28
41
39
47
36
24
41
31
26
32
44
42
45
45
30
35
29
6
46
32
41
38
22
25
17
34
35
46
34
34
22
36
43
44
26
34
15
31
27
28
34
34
32
35
46
35
34
25
33
27
42
31
27
46
26
33
34
34
40
33
26
31
32
34
30
29
37
39
50
18
45
29
39
23
31
39
28
35
18
14
33
31
31
27
33
27
40
36
28
32
23
31
29
39
36
30
38
44
37
14
29
41
30
27
28
25
50
8
32
47
42
23
33
39
29
30
24
34
45
28
28
34
37
28
40
30
29
26
15
54
32
37
39
38
31
32
37
26
35
54
44
34
47
31
24
46
35
27
37
35
22
28
34
32
24
34
22
30
22
31
41
19
25
30
38
28
41
31
36
33
18
41
36
30
21
23
39
28
25
46
35
33
38
24
33
42
35
37
24
44
27
32
34
30
52
31
40
40
27
19
55
37
32
35
35
43
29
37
37
36
31
35
43
38
38
29
21
29
35
23
24
36
37
36
28
37
32
42
39
34
16
53
69
55
43
54
38
76
37
54
35
47
61
49
64
48
54
51
43
41
57
64
55
49
49
60
44
51
51
38
55
53
41
47
52
39
42
47
52
32
56
52
54
52
56
56
52
47
45
46
53
51
50
46
58
46
50
52
51
65
51
59
48
63
50
46
49
50
48
50
33
45
57
51
53
45
56
58
49
51
56
52
54
46
46
54
42
57
65
36
40
66
55
42
49
52
49
48
55
45
47
44
50
70
40
44
47
57
58
62
56
48
44
46
48
43
43
32
42
49
37
51
51
49
48
69
46
47
48
43
47
57
57
42
52
43
47
70
40
54
61
51
40
41
48
49
56
43
50
43
45
62
45
52
52
50
43
47
50
47
45
47
41
60
43
53
53
58
52
41
52
40
46
68
50
47
55
46
55
55
52
55
49
50
49
58
52
46
48
40
49
49
43
55
59
52
48
63
55
51
60
57
40
50
52
72
46
64
49
48
75
32
52
53
46
54
38
48
42
43
44
48
48
64
43
50
45
55
55
46
44
44
52
52
41
48
50
55
49
55
40
68
48
50
53
35
44
60
46
74
43
