31
39
30
37
40
20
17
31
40
20
27
37
33
37
41
40
36
46
30
35
55
37
31
47
31
31
31
30
27
32
35
40
35
38
32
28
61
24
33
43
42
36
34
41
32
34
27
28
43
25
27
34
35
30
37
23
30
38
44
35
39
32
23
29
34
32
40
33
23
25
32
43
28
25
39
36
40
39
27
31
38
18
27
31
40
37
28
23
31
36
25
33
32
37
29
28
24
37
43
22
37
20
32
29
40
24
38
29
30
38
28
34
35
20
25
25
32
35
31
32
39
17
35
31
26
40
43
38
35
19
32
32
35
26
36
35
37
21
37
28
37
29
38
37
36
31
50
35
9
36
20
22
30
27
35
25
26
42
4
38
39
45
34
28
38
34
24
13
24
38
39
32
40
33
37
29
31
37
35
34
29
38
38
28
31
36
28
37
51
33
33
47
13
41
34
27
38
35
27
33
37
27
32
24
35
27
34
37
30
19
36
33
34
37
35
28
34
40
40
32
26
22
48
30
39
29
16
47
32
30
24
32
34
42
38
35
34
28
49
17
27
42
42
56
41
23
16
28
42
36
46
49
54
34
49
47
52
45
49
29
48
51
53
56
56
48
61
44
45
39
68
54
52
45
50
53
41
52
49
42
64
70
45
69
65
49
46
42
56
51
41
42
43
48
58
56
47
51
51
58
50
47
54
45
59
46
47
57
46
59
53
30
49
45
51
39
44
49
43
49
67
44
49
44
57
46
53
50
46
50
58
57
53
48
43
58
49
48
49
52
50
52
43
64
33
56
56
38
43
57
49
44
63
47
54
59
40
55
35
55
33
48
54
58
47
61
40
54
49
44
42
51
52
57
60
51
78
51
49
56
32
70
41
47
51
55
52
37
39
50
50
55
42
50
52
47
49
54
57
60
54
52
58
37
68
49
52
38
38
45
54
54
34
59
60
45
51
47
47
58
50
46
53
38
60
54
54
49
54
75
55
53
39
50
39
52
50
51
48
32
55
52
41
37
41
57
50
51
35
52
57
49
40
56
53
63
49
56
55
43
45
49
52
53
50
43
53
51
40
56
57
47
52
58
50
38
63
44
30
56
49
57
50
65
57
52
48
45
45
55
53
51
48
32
49
62
49
60
65
61
