38
40
29
40
50
39
36
37
42
30
25
29
32
23
33
41
30
37
34
32
31
38
24
33
30
54
43
44
40
40
31
33
26
34
34
22
44
31
30
41
37
39
28
19
40
45
41
37
36
40
38
30
45
22
36
31
43
26
31
32
32
35
28
42
37
36
34
22
43
35
41
24
24
25
33
36
31
36
30
41
39
31
34
33
31
20
32
28
29
32
41
30
41
26
38
32
30
27
44
38
19
31
34
42
30
29
51
20
27
45
35
25
47
29
47
31
32
25
34
24
31
35
34
31
38
32
28
35
35
27
29
36
37
38
37
28
38
39
37
31
30
39
28
31
31
27
44
36
31
41
47
41
45
33
34
27
16
38
27
37
30
39
31
25
27
41
37
20
39
54
29
40
32
34
32
32
30
30
32
31
37
35
38
24
38
30
43
40
45
47
39
47
41
30
53
26
19
29
32
25
31
29
28
42
40
35
36
39
40
32
31
41
48
35
42
27
31
31
31
36
22
27
59
29
14
31
33
38
36
29
35
31
51
42
33
26
33
37
30
13
38
35
32
27
49
40
23
32
33
31
46
56
60
38
56
38
45
65
53
50
57
44
58
51
37
39
51
42
39
54
38
52
45
48
49
52
41
70
48
51
48
44
48
48
49
68
54
50
37
55
69
56
45
50
48
45
50
26
35
54
49
57
65
36
53
47
57
47
58
43
35
56
27
46
60
51
47
48
47
53
50
52
57
64
52
47
52
54
60
38
54
43
54
61
40
51
38
54
57
53
52
44
48
51
56
54
55
47
55
59
41
45
53
43
41
54
51
41
56
30
53
47
42
44
65
48
52
56
41
53
39
40
52
54
48
42
52
55
33
44
48
38
49
53
53
46
55
53
48
43
52
46
53
44
41
55
56
55
50
63
61
43
42
55
53
50
63
40
54
53
51
49
54
47
51
48
42
46
51
46
58
66
51
51
53
59
48
52
57
49
52
43
57
61
48
63
45
53
46
49
43
44
53
52
60
54
55
43
53
43
48
52
42
44
52
55
53
56
41
38
53
39
45
51
63
34
48
51
49
44
47
70
39
42
42
46
58
49
43
54
44
47
46
51
38
43
57
44
51
50
54
68
54
49
52
49
53
56
35
32
