22
33
26
38
37
34
38
33
29
25
36
35
43
34
25
35
25
29
20
37
29
42
46
38
38
39
32
31
31
37
36
28
32
32
29
29
21
48
36
33
32
34
31
19
28
29
30
31
38
32
30
39
41
32
31
32
29
24
21
30
36
28
30
37
27
37
39
34
31
33
32
37
46
26
48
33
24
40
24
29
37
32
40
34
25
31
26
34
31
41
30
39
41
28
16
30
32
29
37
19
37
34
31
35
33
22
41
13
47
37
40
25
18
36
35
45
37
23
39
33
30
31
43
33
38
28
49
35
36
40
54
38
39
36
36
29
25
59
41
35
41
34
43
36
45
28
26
40
31
31
17
38
32
31
44
33
20
38
32
32
30
35
35
23
35
30
50
43
30
49
38
28
32
34
40
32
25
31
30
17
30
29
32
32
32
36
35
38
37
32
28
23
34
37
23
13
27
42
28
35
31
22
29
31
29
18
35
29
35
42
34
19
45
8
46
27
18
37
31
42
23
36
45
33
34
37
56
17
31
37
25
40
29
32
33
32
36
33
37
29
23
30
39
32
12
39
41
36
34
32
57
49
58
50
52
62
37
52
40
53
58
35
51
72
52
55
53
41
48
47
44
51
58
53
62
46
43
61
54
50
52
59
45
67
60
44
59
53
47
55
53
45
57
57
42
54
57
38
46
62
52
51
56
46
49
38
44
60
49
50
62
40
61
32
53
46
43
51
50
44
43
61
60
60
59
45
38
43
55
39
58
58
44
55
42
50
41
60
50
43
46
41
47
53
49
47
52
48
49
25
54
45
57
37
44
42
44
48
45
51
56
47
41
62
32
50
54
57
40
52
39
46
46
52
56
49
45
42
62
54
50
67
32
50
38
53
49
32
67
50
41
54
55
65
35
51
54
51
50
64
42
53
64
51
43
62
67
57
50
59
42
61
65
50
43
48
43
57
57
42
52
56
51
57
32
40
70
51
37
52
49
49
33
61
38
39
52
47
52
45
55
48
47
52
57
54
50
51
48
52
48
45
39
69
51
48
65
51
63
40
50
45
52
65
48
46
49
43
30
46
37
39
49
51
66
49
53
59
51
30
42
37
51
41
40
44
51
50
55
56
54
70
67
47
43
57
72
49
53
63
