27
34
25
40
31
37
27
45
33
38
20
37
41
19
13
39
17
42
43
36
30
16
30
28
41
37
21
20
27
37
39
36
26
14
29
33
39
23
51
34
22
40
42
36
40
39
39
46
22
34
30
26
30
33
30
35
43
47
26
40
28
30
39
20
29
27
26
24
40
44
39
29
20
34
52
26
35
34
38
38
42
39
53
45
28
44
38
33
44
33
44
28
35
39
41
36
39
29
29
34
51
26
33
37
30
31
31
42
31
41
34
38
33
30
46
28
31
28
26
41
25
24
9
26
30
19
35
33
35
28
24
29
51
36
25
29
31
55
32
28
27
36
20
45
28
24
25
21
27
37
54
33
38
28
44
28
23
17
29
25
36
38
31
38
31
31
18
30
21
54
30
37
30
29
35
27
25
25
31
27
19
34
41
28
28
32
31
62
37
40
39
44
43
26
29
33
30
45
30
34
32
40
33
36
33
37
25
41
12
29
23
25
41
30
27
28
27
35
40
34
21
35
34
34
39
16
47
24
34
45
45
33
35
23
27
28
36
38
44
40
39
28
37
15
27
47
39
28
33
34
59
47
49
38
55
47
49
45
52
79
47
39
34
56
52
49
45
50
55
51
50
58
54
41
59
49
51
57
48
50
63
44
66
46
41
45
53
50
55
50
60
46
68
42
43
47
47
50
54
59
63
52
52
48
44
50
46
53
48
41
53
72
60
57
41
47
46
54
50
40
58
40
49
59
47
33
44
42
45
46
59
51
46
57
50
57
49
52
48
60
45
39
61
46
49
54
58
58
51
55
55
35
55
52
52
39
42
49
46
48
63
53
51
46
54
50
49
57
47
53
47
58
58
49
42
50
45
49
51
49
50
55
56
57
36
54
38
55
40
40
60
51
54
45
39
45
46
46
52
51
55
64
67
50
49
52
36
49
45
52
53
63
54
43
42
52
50
55
60
56
57
48
53
56
59
47
47
46
57
46
49
46
47
51
45
57
48
42
41
50
52
58
49
43
49
55
34
33
47
51
47
54
37
66
45
48
45
44
44
56
42
47
59
41
60
60
54
60
49
59
53
47
45
49
53
55
58
56
54
45
55
53
66
59
50
50
54
48
63
47
44
56
43
58
46
46
47
48
67
52
