27
34
34
33
36
40
37
38
33
31
46
36
32
35
42
35
28
30
36
46
33
34
27
33
22
7
26
29
34
35
24
18
40
33
27
41
26
37
37
38
26
31
30
14
33
38
28
36
30
28
38
41
32
32
29
27
37
30
40
33
31
24
30
33
47
30
32
45
29
31
34
33
39
37
45
41
33
39
26
33
26
31
38
32
37
32
33
37
37
7
33
25
31
33
32
40
32
33
25
28
48
26
24
31
17
20
25
35
35
55
34
41
36
42
40
17
40
46
31
38
24
45
27
21
31
42
44
38
33
43
29
37
40
33
33
39
41
36
22
23
37
42
39
39
26
35
30
33
28
37
37
40
49
27
29
27
39
32
37
33
38
39
34
40
46
40
36
37
26
27
33
35
31
37
33
24
35
30
32
33
37
28
27
22
33
31
32
36
25
30
20
24
25
39
32
29
32
39
37
41
27
28
29
33
38
42
33
27
41
33
26
33
39
23
21
31
46
32
39
32
27
43
19
34
15
28
39
33
39
34
26
36
36
30
35
40
38
29
38
36
28
41
28
29
32
27
20
31
42
45
63
56
65
51
44
54
38
58
68
53
61
44
49
49
51
41
47
62
47
66
50
53
50
66
53
66
50
46
61
42
41
40
56
55
52
53
54
59
47
42
52
55
50
60
52
45
37
57
58
42
42
44
65
52
51
39
50
45
57
53
50
44
48
57
68
53
56
51
51
41
56
46
56
44
46
43
45
65
51
37
53
45
54
56
53
48
54
68
57
57
57
45
47
49
48
47
46
47
54
26
40
50
54
52
39
55
40
63
43
55
50
54
56
62
60
48
54
62
52
59
52
56
52
47
40
56
47
44
43
64
47
65
52
41
56
53
45
55
52
36
37
49
57
57
52
55
35
39
51
54
38
33
42
42
47
50
32
59
48
46
50
59
47
62
49
30
51
66
52
54
58
55
49
50
44
51
55
49
60
45
58
68
47
42
47
37
47
31
59
55
33
62
57
60
63
53
63
61
46
66
64
50
39
63
47
46
53
40
60
43
41
54
47
40
45
43
46
53
54
48
46
49
54
48
55
49
50
59
65
56
50
56
45
56
52
39
46
43
45
52
52
45
48
48
51
61
48
62
59
36
