52
46
53
48
44
50
47
47
50
43
60
39
40
45
51
44
44
53
51
50
41
38
53
46
60
47
39
44
53
55
45
44
47
35
52
57
50
65
37
54
50
60
56
48
51
47
60
45
49
49
44
43
45
71
54
71
60
35
49
53
38
58
53
47
50
42
39
40
56
61
33
53
50
53
53
54
63
41
53
52
47
48
48
57
38
37
55
43
41
55
57
45
47
47
56
35
50
58
41
54
48
58
50
33
68
69
49
48
61
54
48
53
50
38
54
55
45
56
59
58
47
53
54
52
52
59
49
57
55
50
57
52
53
46
47
57
54
50
54
43
60
54
42
70
42
42
53
45
42
40
50
68
49
54
47
53
38
46
60
59
58
43
41
46
48
48
50
42
49
62
68
49
52
58
47
49
61
29
47
48
57
50
45
46
50
68
59
54
48
72
60
52
56
51
48
56
44
53
45
49
63
39
49
56
53
44
56
65
59
46
38
51
19
55
51
53
44
50
42
39
69
60
61
43
41
59
54
44
50
32
50
55
46
48
47
55
59
52
58
55
38
47
50
52
44
48
46
55
60
56
33
46
30
33
30
29
35
36
23
32
34
25
51
22
34
18
35
41
38
32
30
43
33
37
22
23
36
32
18
38
31
21
35
36
17
35
29
29
26
39
38
31
30
29
29
35
29
41
30
31
27
15
29
29
40
23
39
35
34
33
31
32
27
20
36
22
24
16
42
33
38
35
48
37
24
46
32
41
26
27
32
26
39
39
28
38
24
39
36
41
39
38
38
18
37
34
49
36
37
34
41
39
22
37
24
22
44
17
27
22
34
32
28
36
36
21
33
30
49
38
28
24
35
29
39
27
32
23
23
35
34
16
40
41
26
32
38
38
33
39
36
27
33
37
28
27
27
20
30
18
28
36
33
29
26
42
32
32
34
39
44
29
31
14
33
33
30
29
38
42
51
33
31
38
36
30
17
38
27
38
32
41
34
37
32
30
34
36
34
43
45
39
30
40
49
39
38
37
55
35
37
35
28
31
41
37
46
28
22
31
31
33
46
39
24
30
36
48
33
16
50
25
23
27
33
21
30
50
39
43
29
32
35
34
35
38
17
34
26
39
38
35
39
27
32
28
36
25
38
35
