20
17
28
42
46
24
34
32
33
41
37
39
9
34
30
28
39
32
41
38
34
32
23
32
29
33
27
38
29
23
39
32
38
32
35
41
42
37
34
23
30
33
17
41
24
32
39
38
37
37
23
33
35
39
21
29
36
37
45
24
48
28
33
43
40
39
30
33
27
29
41
35
22
39
27
33
28
42
23
31
40
39
30
6
40
37
36
43
31
50
40
32
28
37
30
24
21
22
21
34
45
18
37
25
17
28
28
55
40
36
29
35
31
31
28
26
16
30
27
39
33
46
25
32
33
18
45
44
26
42
49
30
41
30
33
46
27
29
12
29
35
26
56
33
32
29
34
29
33
31
32
36
28
38
36
41
30
41
30
47
34
21
36
35
37
36
34
30
33
31
43
27
35
35
19
30
32
23
33
45
35
32
22
36
35
35
33
24
39
30
31
34
32
31
42
27
24
30
36
28
28
34
21
37
27
35
27
42
36
42
38
39
22
38
55
38
24
27
40
32
34
28
6
14
31
31
27
27
41
29
39
29
26
23
56
26
34
27
38
38
36
23
36
42
38
18
35
34
37
37
51
51
52
55
57
60
45
62
42
55
48
51
45
37
49
54
47
52
56
46
58
38
53
53
37
46
57
37
47
49
50
50
51
52
46
48
58
38
68
47
63
47
47
44
48
58
58
53
45
45
42
36
50
42
21
55
51
45
44
50
65
42
52
52
21
51
33
54
65
55
33
35
51
49
50
54
54
56
52
63
45
42
54
47
56
60
46
41
56
47
67
59
48
56
49
54
49
42
56
42
38
52
44
43
43
46
50
48
48
56
58
63
58
62
52
49
52
62
44
47
44
44
53
52
45
63
51
64
55
44
52
36
64
53
58
52
51
52
48
52
49
64
51
53
45
42
52
40
55
57
41
48
51
49
55
54
55
41
41
52
48
46
57
50
37
61
46
52
73
62
66
57
79
40
53
53
49
49
38
58
47
50
59
57
55
59
59
35
45
68
57
50
44
38
47
66
59
55
67
43
66
43
40
58
59
38
67
56
31
58
38
49
35
56
54
46
49
56
62
60
60
58
52
55
43
49
42
49
49
48
61
61
48
46
35
48
46
45
44
50
46
50
57
42
60
56
65
33
56
54
