40
56
47
38
61
60
51
54
48
55
50
51
54
55
61
44
53
45
64
46
38
54
41
63
60
48
28
47
48
44
56
53
50
55
40
50
59
47
65
50
43
41
52
44
52
37
44
44
41
44
36
66
53
43
51
47
61
62
45
54
45
40
50
49
51
48
48
50
53
38
43
51
53
39
52
51
59
60
47
62
56
52
37
49
41
55
36
37
49
59
57
48
47
42
55
47
42
54
52
73
56
42
54
51
50
58
50
34
56
44
51
52
42
51
38
63
57
52
52
48
49
59
57
52
53
51
54
38
61
55
53
53
34
47
61
54
62
46
47
44
55
61
49
47
53
44
59
55
50
58
53
50
54
49
47
50
55
44
52
37
51
58
46
21
46
50
58
45
47
48
55
53
62
63
40
53
26
54
48
30
48
52
59
41
42
52
45
60
39
53
45
40
42
66
39
53
54
58
62
41
47
42
51
47
59
50
53
36
59
50
49
33
49
64
50
52
40
58
52
59
41
32
39
41
51
40
35
46
56
51
53
49
44
43
50
33
61
45
39
45
48
51
53
38
41
56
46
42
48
48
23
21
15
33
31
37
32
27
43
34
24
32
24
47
34
22
32
34
40
33
35
30
19
38
47
43
45
30
25
21
26
33
42
30
22
34
31
38
37
41
31
29
41
24
20
21
20
43
26
35
16
45
29
32
8
39
35
25
35
22
31
14
33
34
26
35
34
33
36
26
34
38
31
43
45
38
34
41
32
38
13
19
29
35
25
45
30
20
25
32
20
31
36
33
31
37
35
23
34
23
33
41
34
30
12
23
22
40
31
37
32
33
28
47
28
25
28
27
31
37
28
30
33
30
42
35
39
33
37
12
28
36
23
30
39
38
34
38
34
29
49
28
35
21
30
33
39
44
32
25
37
45
32
32
46
30
29
23
56
37
28
31
33
37
45
19
28
24
28
36
39
41
29
36
26
27
29
30
34
34
33
36
29
37
39
30
19
37
27
39
46
30
37
9
41
30
32
34
35
36
32
34
37
41
47
34
38
29
28
25
27
30
36
30
31
31
30
27
14
34
27
31
35
26
47
22
30
42
35
32
31
33
34
38
40
35
40
31
29
52
22
38
31
21
31
33
36
36
42
41
