27
29
34
32
29
28
28
39
30
35
20
31
43
37
27
46
35
33
25
41
30
45
39
27
26
34
35
27
43
32
41
38
27
41
37
41
32
26
54
36
27
33
47
36
38
26
39
42
41
40
40
37
20
32
30
26
24
41
32
34
33
31
44
36
46
25
34
55
27
37
47
23
39
35
27
28
34
38
36
35
29
25
33
16
36
42
27
26
38
31
20
28
35
20
36
29
36
31
37
36
41
36
37
34
36
36
28
34
33
37
36
39
36
34
24
33
36
42
34
33
32
38
15
23
42
30
35
35
30
34
41
36
35
48
37
25
22
32
37
41
28
21
27
37
33
33
37
16
31
36
23
33
31
29
17
23
25
17
48
24
36
29
16
37
29
41
28
47
23
24
31
28
29
29
26
31
27
25
18
36
33
37
28
31
39
35
34
27
32
37
31
27
27
39
41
34
38
41
21
36
35
39
29
38
34
39
35
37
40
27
34
36
33
36
30
15
12
39
33
35
27
40
34
26
39
37
32
35
33
35
36
42
32
33
39
35
28
40
37
29
9
33
31
46
31
39
36
32
29
49
21
35
34
35
38
39
49
33
39
43
30
29
39
30
39
41
31
31
35
39
34
26
29
24
37
37
30
32
21
33
33
19
36
14
40
30
24
28
33
39
28
26
37
23
48
44
41
28
49
22
36
30
20
27
34
40
40
35
44
27
36
39
38
31
12
51
25
37
32
36
33
33
34
37
45
25
38
28
32
35
43
35
42
41
26
28
32
29
28
39
22
48
35
39
50
44
27
7
32
17
41
30
6
30
43
31
12
45
13
25
41
35
31
25
46
40
19
36
41
28
29
33
42
38
35
29
26
27
44
26
36
38
35
27
28
42
37
31
26
33
26
39
28
30
33
32
26
54
33
31
22
25
44
34
27
54
25
37
35
24
32
35
39
33
33
32
6
46
34
37
37
49
34
22
39
48
24
33
29
35
19
30
38
29
54
34
24
37
33
28
27
39
20
17
30
25
32
42
30
15
20
29
38
32
51
25
36
32
31
27
45
24
31
31
31
25
43
38
14
38
47
20
41
33
32
32
30
33
30
32
36
33
24
34
30
28
29
34
38
38
34
24
34
35
40
14
32
29
33
34
