48
42
28
33
38
31
47
35
42
24
27
37
39
31
51
28
29
20
28
22
34
52
34
38
32
41
29
46
26
33
34
38
20
28
41
38
42
44
30
38
37
40
35
47
30
55
30
20
22
25
40
43
31
41
28
33
31
37
33
33
33
34
20
30
23
28
32
31
32
38
45
41
29
59
22
31
50
34
19
31
39
30
17
31
30
29
32
36
34
31
40
32
16
22
20
22
33
32
25
26
36
31
33
36
33
38
43
38
32
38
33
34
28
40
37
36
33
29
26
39
44
33
37
35
21
39
22
22
32
33
31
39
33
32
39
41
24
31
29
34
43
35
33
31
30
26
23
45
23
39
31
40
39
28
19
17
38
51
32
31
49
40
21
43
38
31
44
20
49
32
31
44
46
31
32
48
27
43
39
51
39
32
42
19
29
24
36
26
35
13
26
26
31
18
32
42
38
22
23
38
32
40
27
47
32
33
31
19
37
38
32
8
37
35
24
26
34
29
31
30
49
34
38
38
30
18
20
15
35
21
38
32
37
45
30
29
31
36
40
30
39
39
29
34
31
27
23
45
32
28
38
53
54
50
55
37
57
43
59
53
46
42
57
49
46
50
58
48
49
49
38
52
36
54
50
50
47
56
51
46
52
72
53
56
47
56
42
59
42
58
54
53
40
65
40
64
53
60
52
44
56
58
52
45
52
49
49
61
50
44
57
53
53
48
51
52
54
59
54
49
53
57
51
62
44
44
59
54
48
45
37
52
50
47
59
57
42
49
52
38
46
63
41
56
50
46
52
49
57
46
67
41
48
52
45
68
50
59
56
50
37
68
59
56
43
47
65
57
47
56
48
37
56
45
54
65
54
29
49
46
61
50
46
53
53
57
45
42
63
35
33
53
59
37
54
46
46
46
51
45
45
48
49
46
40
39
55
42
68
47
48
62
66
52
55
34
57
45
45
46
51
54
44
61
43
39
52
52
58
37
58
50
44
41
51
57
49
64
46
43
43
55
46
58
44
50
41
48
51
49
45
59
41
47
63
37
47
47
44
46
53
59
48
56
55
43
48
60
50
48
53
48
59
57
61
46
41
59
56
57
44
46
48
45
72
45
47
59
41
42
53
35
57
27
51
43
49
53
41
48
