24
50
34
14
24
28
29
16
30
35
38
33
31
32
31
24
37
27
34
35
18
26
31
37
34
41
35
37
44
31
20
35
21
31
28
35
36
29
23
14
36
41
30
42
31
39
43
33
23
37
41
27
17
19
34
35
35
32
27
18
34
35
41
20
45
28
35
28
36
28
34
23
22
21
47
50
26
26
39
30
28
35
23
35
29
14
36
28
30
26
26
37
24
34
44
49
37
29
35
32
39
45
33
20
37
38
34
22
31
34
8
39
25
25
31
50
33
37
29
38
28
24
25
31
33
34
30
31
35
29
36
26
29
42
35
27
25
33
32
25
46
25
18
30
52
50
34
33
47
19
34
44
31
50
20
32
35
50
49
46
43
34
35
38
27
40
9
29
36
36
28
31
39
29
33
33
63
28
45
41
33
36
30
28
35
36
39
45
37
5
38
38
31
34
33
30
30
39
29
35
39
17
12
38
35
42
30
21
34
31
32
27
42
31
46
27
34
20
27
49
31
32
33
35
40
27
34
28
25
37
38
46
37
40
42
28
36
36
20
29
47
42
27
46
30
27
37
35
32
25
48
41
49
63
50
51
66
40
48
48
51
44
53
64
46
45
43
67
60
56
40
50
56
53
48
37
34
77
55
63
53
39
56
50
37
59
46
53
45
48
56
63
48
47
42
49
54
57
48
40
58
48
48
51
40
45
52
67
51
61
58
44
53
56
54
54
41
48
54
54
47
32
27
57
46
66
54
52
45
51
65
63
56
63
43
58
50
50
42
58
51
52
52
46
56
60
26
64
53
38
50
56
56
48
34
25
47
49
53
52
41
36
51
51
52
64
61
49
52
61
55
58
57
50
43
63
48
49
62
50
53
52
41
50
45
43
37
41
44
60
66
39
49
40
53
42
50
63
50
48
49
32
63
47
51
64
57
47
49
48
38
41
51
55
57
52
61
64
54
44
62
56
59
48
45
59
49
43
40
39
57
50
50
50
34
47
44
49
66
50
51
60
61
46
44
54
48
56
52
42
53
62
60
50
41
57
55
37
52
50
51
50
57
45
41
40
57
64
53
53
50
65
52
58
41
53
53
50
58
44
51
45
48
47
55
51
44
60
52
49
52
48
56
56
57
47
42
36
64
51
