30
33
18
29
35
17
32
30
26
44
41
21
38
25
29
29
35
34
44
26
32
39
34
27
38
25
32
35
30
50
22
40
41
31
16
34
33
30
31
41
30
37
34
16
35
47
31
21
41
25
50
34
39
27
42
37
37
36
19
36
23
34
38
38
26
29
48
32
29
30
30
31
38
36
29
14
30
41
34
29
45
31
35
31
42
29
29
31
44
34
27
42
35
43
27
30
38
41
38
27
33
31
26
18
10
27
30
50
39
39
39
40
25
32
23
28
33
38
32
29
33
20
36
33
18
27
27
33
34
43
26
24
34
33
41
24
30
22
24
43
33
32
23
44
36
35
35
33
28
32
29
40
44
28
35
23
39
27
34
32
41
48
35
27
34
26
52
39
48
35
34
37
29
29
35
34
32
25
24
35
28
27
41
20
39
31
45
36
44
35
27
42
41
36
37
38
38
39
44
13
36
30
35
32
31
42
34
39
34
37
37
43
48
44
22
28
32
35
20
18
47
36
24
32
40
30
35
41
34
40
38
23
22
29
38
40
55
34
28
35
36
34
56
39
38
45
25
32
28
12
48
59
32
49
52
44
60
41
46
57
54
60
46
49
59
42
52
45
58
56
49
52
50
56
46
37
34
46
51
50
52
52
48
37
77
52
61
44
50
45
52
46
54
49
41
43
41
58
53
29
54
55
44
53
61
41
56
34
48
46
52
44
56
50
39
48
56
48
62
54
69
55
58
62
47
51
31
54
49
69
49
58
60
43
46
46
46
41
52
47
42
35
53
56
57
60
53
58
64
48
45
53
49
53
54
42
45
50
45
61
54
42
49
61
53
49
43
47
44
36
52
46
51
44
49
49
46
53
55
42
59
48
68
46
51
48
36
59
59
38
42
35
47
51
52
53
46
51
47
57
54
60
49
33
49
54
52
50
52
51
48
47
49
48
53
50
58
55
48
47
47
54
38
45
42
52
57
54
57
49
59
47
63
35
45
59
49
42
47
43
49
54
50
50
49
54
58
52
33
42
47
38
30
63
54
74
53
53
48
43
53
38
45
42
57
51
50
53
49
54
48
53
52
49
65
43
51
51
59
60
34
69
46
60
56
43
47
57
42
51
36
47
44
57
57
45
22
47
61
42
