42
41
28
37
38
30
56
37
33
39
16
34
34
42
24
24
37
17
42
30
36
31
49
33
34
27
31
27
43
36
29
17
35
34
38
30
29
36
28
12
39
37
51
20
26
12
40
30
33
40
35
31
30
35
51
26
40
38
26
31
44
33
33
40
33
11
18
51
42
27
28
32
31
31
23
37
34
46
22
19
47
30
41
27
35
45
37
34
33
42
33
45
12
39
30
45
31
48
43
23
31
15
33
22
30
32
27
28
40
29
29
41
28
37
36
33
36
39
38
21
33
31
28
48
45
38
33
39
29
33
37
31
44
28
40
34
32
33
32
28
34
30
29
39
36
20
31
35
39
33
36
35
28
34
33
28
29
40
31
27
27
23
31
22
15
31
27
33
33
32
7
33
29
24
43
36
34
36
34
33
41
28
33
25
36
38
34
36
35
24
33
27
34
19
31
35
33
42
27
55
26
23
22
30
27
49
33
30
34
28
38
31
33
31
33
38
31
14
27
37
43
29
31
38
36
34
39
29
32
41
49
43
39
24
33
42
19
44
9
45
44
39
51
53
30
24
36
17
50
26
50
53
47
40
57
60
47
46
44
46
42
62
55
41
45
46
47
38
55
43
64
48
49
34
63
51
67
65
45
48
38
49
59
44
36
52
49
52
53
48
48
47
57
48
56
51
57
39
49
51
47
62
52
53
59
30
52
43
59
42
45
46
49
54
50
38
46
44
47
58
45
66
49
53
46
52
55
54
54
48
52
52
45
57
51
60
52
37
50
53
41
47
56
52
48
39
49
37
51
49
53
64
53
49
52
42
40
55
52
51
57
52
57
49
56
49
42
59
59
35
47
44
58
54
60
33
57
65
49
49
34
55
65
54
50
25
40
48
46
45
47
42
62
44
62
53
50
55
57
50
46
46
42
54
53
57
54
45
43
58
49
51
50
44
40
53
58
46
35
60
34
51
56
48
56
48
52
54
59
28
49
37
51
56
50
53
52
41
50
45
51
51
60
35
44
53
51
53
51
51
37
50
38
42
54
49
51
52
48
48
50
51
43
49
47
53
45
50
50
58
49
30
26
58
68
47
48
30
38
47
50
47
48
55
58
60
52
47
46
46
42
44
52
46
58
52
59
48
57
41
