50
28
35
34
24
28
50
28
27
31
37
22
26
29
35
30
39
39
33
29
54
36
29
43
36
18
19
32
32
24
29
30
32
15
35
27
33
38
34
30
26
41
29
31
29
34
37
25
35
34
37
26
30
35
25
34
28
27
33
32
24
36
30
24
40
50
38
41
33
38
38
28
34
37
33
38
47
33
53
32
49
15
13
24
31
27
30
26
45
30
22
35
38
28
39
36
29
32
34
32
48
37
14
43
29
40
29
28
37
45
34
30
27
25
26
31
45
30
22
37
28
23
45
31
34
42
34
28
35
22
27
33
31
43
4
32
17
24
26
19
35
24
40
29
29
35
31
46
41
33
35
33
33
36
32
38
36
10
51
29
29
39
27
38
46
46
48
20
17
28
32
31
36
42
33
24
26
23
57
26
40
36
36
23
44
19
34
35
33
54
35
41
32
31
32
31
29
41
40
37
28
18
23
20
42
28
32
34
45
37
16
43
28
30
32
28
27
38
25
27
30
45
25
37
34
22
42
37
28
44
42
26
38
31
35
25
38
38
59
33
44
37
24
16
33
37
36
23
35
31
24
32
32
20
32
40
26
32
37
37
37
37
32
32
29
32
32
33
37
33
31
34
27
38
26
27
26
41
33
55
32
25
36
29
41
27
28
21
45
38
21
38
50
43
28
40
51
33
15
33
27
27
40
20
34
36
18
38
36
29
32
29
38
36
34
39
39
5
33
28
49
41
59
33
27
32
45
19
21
29
50
26
32
28
27
26
42
25
33
36
31
26
41
31
38
31
31
32
37
32
23
29
40
46
38
44
37
37
25
31
35
26
36
36
31
33
21
35
61
33
35
56
49
35
18
28
32
42
51
35
34
35
31
38
39
36
19
31
27
42
29
31
35
32
34
22
44
38
41
14
30
18
31
24
28
21
28
28
31
33
25
29
22
39
30
33
27
43
22
37
37
29
36
49
28
21
28
39
27
23
33
25
62
35
21
35
30
36
38
39
42
31
38
34
38
34
31
30
41
39
28
23
34
17
23
37
24
27
36
29
26
19
34
28
36
31
36
32
32
38
32
27
19
35
19
24
44
32
38
28
37
33
31
42
40
30
29
39
37
47
28
22
32
42
44
29
33
54
31
33
