36
18
25
40
53
32
31
30
44
29
26
52
29
37
27
34
48
35
39
29
34
45
31
30
42
41
30
30
10
26
37
22
37
33
40
37
24
32
33
28
29
26
32
37
27
31
38
29
46
16
33
38
44
29
27
32
26
34
27
32
31
30
38
37
35
36
55
33
31
30
37
52
42
31
35
32
33
35
40
38
28
26
28
36
50
28
38
23
34
40
40
30
46
29
36
32
32
39
40
30
25
33
28
54
25
42
33
37
30
22
34
24
56
36
36
28
33
34
37
21
19
34
42
31
30
22
38
33
38
17
46
35
47
33
43
41
30
26
33
27
34
14
33
29
41
21
24
32
38
44
39
38
31
43
33
28
37
24
28
29
29
22
28
35
26
27
44
42
40
43
28
30
34
30
50
33
36
34
30
40
54
32
45
46
33
29
41
33
41
40
42
33
20
33
41
33
15
43
29
36
28
18
35
36
27
31
32
38
32
29
21
33
23
27
23
32
36
30
28
36
42
36
40
32
19
20
31
36
36
27
43
28
30
34
36
33
31
41
30
13
41
30
22
44
40
35
37
29
44
43
55
45
44
49
47
44
44
46
70
43
52
45
57
50
65
49
44
61
58
45
55
37
67
55
35
49
43
36
51
51
62
46
57
41
51
44
36
48
68
42
75
55
43
57
43
53
35
50
55
58
48
46
53
33
42
55
69
47
50
44
51
47
49
57
52
40
51
59
50
56
54
57
57
42
50
54
50
48
43
72
49
45
27
58
59
39
40
49
47
63
44
47
55
40
47
54
55
50
60
53
50
67
56
54
45
40
45
52
55
47
50
49
50
38
50
61
47
65
47
66
47
54
56
50
48
47
49
37
48
47
46
42
52
43
54
40
60
45
57
41
52
63
46
49
54
34
56
64
45
55
47
29
51
51
48
52
50
60
49
59
59
27
50
58
41
52
50
57
28
46
58
34
48
53
44
53
51
49
57
49
49
54
42
58
50
59
47
55
49
47
49
45
65
51
42
54
52
57
61
60
60
50
49
38
48
51
37
50
43
41
38
54
49
40
50
76
44
51
47
55
60
51
49
41
49
63
45
75
49
52
30
52
50
48
51
58
44
47
43
47
49
49
45
58
48
54
52
51
53
52
