54
50
63
59
52
63
52
61
46
59
52
53
47
59
45
50
63
54
40
30
58
54
57
45
61
50
64
50
51
52
50
53
44
37
38
54
59
50
51
44
50
62
58
47
47
51
49
50
65
67
43
45
47
60
47
48
46
54
43
45
62
47
38
64
48
34
42
62
60
37
56
41
32
42
47
33
55
54
50
27
53
45
44
56
52
49
38
47
47
52
34
51
48
52
48
53
44
44
53
48
49
46
53
50
58
67
49
47
58
49
62
45
56
35
49
52
50
48
44
52
65
50
63
52
44
68
65
43
48
52
51
43
45
46
54
66
60
46
53
56
41
59
40
41
41
46
38
46
47
59
59
58
50
48
51
56
61
45
54
45
47
47
60
45
68
55
49
54
47
51
48
50
38
48
47
37
47
42
45
46
50
56
42
53
64
49
45
48
47
56
56
51
50
57
56
55
53
42
47
40
38
61
56
46
54
46
56
60
60
50
48
56
56
42
43
49
42
54
52
57
41
50
50
53
48
49
54
51
50
50
49
48
55
50
46
49
45
46
47
50
53
65
49
49
57
48
24
41
41
57
37
31
22
48
37
23
48
31
16
31
43
31
30
24
35
33
18
40
32
32
37
33
35
27
39
32
34
30
35
37
39
29
33
31
32
26
39
30
36
20
34
40
41
35
35
34
41
31
36
16
31
30
36
25
21
25
30
30
23
26
21
33
22
50
27
32
36
41
32
27
35
31
12
14
27
36
27
36
41
50
36
38
26
36
28
33
23
26
28
22
51
49
37
46
38
31
33
34
33
35
40
42
37
30
35
31
36
35
30
24
33
33
30
13
48
28
25
22
40
35
34
41
37
27
29
43
27
35
29
29
21
44
24
36
54
27
39
25
14
27
28
33
35
45
43
28
11
25
15
32
29
33
25
22
23
44
32
34
32
25
42
28
21
29
41
35
41
27
34
29
37
42
31
40
20
21
33
39
45
30
40
23
48
34
35
51
24
40
33
36
18
29
33
24
33
29
40
19
34
32
37
28
34
31
28
28
37
32
51
27
32
26
32
26
33
40
31
43
47
45
34
32
28
38
35
31
28
43
48
32
48
33
24
40
36
22
41
47
46
38
35
33
10
31
32
36
35
31
31
36
