57
50
52
54
67
40
45
54
42
50
46
49
53
40
30
49
50
49
58
56
53
63
57
61
58
55
54
50
41
55
41
54
54
27
46
46
46
52
46
44
57
69
60
57
51
53
51
57
47
54
49
41
57
37
48
55
50
57
47
57
52
74
51
31
48
41
54
53
41
51
44
50
63
51
48
47
50
51
56
47
49
51
55
58
45
54
52
45
47
45
57
47
45
58
55
59
54
47
52
39
47
43
41
47
44
41
59
59
48
48
47
59
40
56
47
50
43
41
52
45
50
51
54
43
53
52
55
59
48
42
69
58
31
50
49
60
54
45
52
47
65
34
62
53
55
46
35
48
54
46
46
61
52
50
50
50
62
47
51
50
60
43
48
49
46
46
52
56
43
57
42
51
69
47
45
49
51
53
54
56
57
43
57
51
49
51
61
54
30
46
48
43
54
50
52
55
49
45
62
57
57
55
48
58
50
20
50
48
45
55
50
49
61
68
50
64
58
48
54
30
44
41
30
46
51
62
51
63
48
37
43
37
53
37
38
45
50
63
42
59
29
49
64
55
61
56
54
51
70
55
31
31
31
32
39
36
20
24
42
28
37
32
15
31
32
25
32
37
29
24
39
29
35
34
23
42
39
52
29
30
41
30
31
24
24
35
37
43
26
47
32
44
31
39
28
33
40
35
43
34
38
36
34
35
34
40
40
37
39
25
39
37
26
32
34
22
27
39
16
31
7
25
36
26
29
33
25
30
37
38
33
31
31
36
31
32
25
38
40
26
23
17
27
32
30
40
28
38
31
45
37
35
33
33
34
43
35
29
41
18
22
31
27
34
31
28
37
37
27
37
43
17
38
36
14
41
35
33
28
13
24
34
37
32
37
22
45
25
37
30
41
49
23
36
22
28
41
40
32
32
40
31
36
35
24
32
39
35
22
28
31
33
28
35
36
38
37
34
22
39
31
34
4
36
16
28
28
32
23
47
37
36
29
30
23
51
33
40
32
28
25
30
44
40
40
37
32
30
39
33
32
31
35
37
28
48
37
32
27
34
36
27
43
33
32
31
36
40
29
29
38
34
32
30
21
35
6
35
26
40
34
41
34
29
32
29
29
46
36
37
31
33
40
26
35
35
31
26
37
29
