23
34
25
26
47
40
45
34
38
25
39
28
39
34
48
45
34
39
37
33
28
28
32
31
41
22
26
49
29
33
24
38
31
43
36
46
27
31
43
35
31
44
36
31
37
26
31
47
39
39
32
14
52
48
17
32
32
40
37
27
33
39
13
45
14
35
31
35
30
54
33
25
37
33
7
27
37
42
40
31
30
33
35
29
34
32
28
33
22
38
18
34
32
32
19
32
33
25
31
31
44
43
29
38
35
40
48
27
39
21
42
37
32
41
43
36
45
23
36
24
34
28
20
32
24
27
35
34
10
29
38
24
20
34
19
28
25
41
35
33
34
40
28
27
32
27
36
39
27
34
33
28
45
35
31
42
9
38
42
28
36
49
33
29
24
33
28
30
33
26
39
25
38
18
33
40
33
38
43
16
28
43
36
29
36
26
21
15
37
39
32
45
39
20
44
27
30
26
44
40
37
37
36
31
34
27
36
30
10
24
30
31
42
28
31
33
26
13
35
29
36
32
42
30
48
32
37
29
27
38
29
35
43
40
14
34
29
27
38
47
39
35
32
20
29
18
24
31
30
34
37
49
47
53
52
54
51
63
73
47
46
49
47
54
46
52
52
47
36
51
49
63
58
36
46
49
53
61
51
41
64
49
58
44
52
44
42
52
55
38
53
53
46
51
59
50
49
59
48
59
63
40
58
52
60
42
38
41
49
40
47
54
44
54
41
52
41
44
58
51
50
43
58
45
41
44
45
28
37
50
71
52
51
54
52
68
52
46
53
46
37
55
59
39
66
32
38
68
50
47
58
53
60
30
52
43
59
51
56
51
41
44
46
56
58
46
71
57
59
47
48
56
51
51
53
51
43
53
49
51
60
37
35
51
57
40
51
49
50
42
58
46
45
50
60
47
51
46
41
48
47
59
60
48
54
55
60
63
49
67
57
56
44
52
54
46
55
40
40
41
56
45
53
44
54
63
41
54
48
57
50
58
43
40
52
49
50
56
40
55
51
51
65
48
32
55
51
48
46
51
40
38
52
48
45
60
52
44
55
53
54
48
51
42
55
62
52
63
48
44
51
41
59
60
50
50
54
39
43
37
57
60
67
43
52
49
56
70
50
65
49
39
39
51
63
47
50
47
45
56
