50
57
61
48
45
51
65
52
34
52
28
36
50
42
48
51
34
60
59
52
57
66
58
51
63
56
53
52
49
56
49
44
51
56
48
45
68
68
53
61
40
38
53
57
45
41
50
64
39
47
57
49
45
48
52
55
52
40
51
43
57
49
62
69
46
59
57
64
56
45
49
52
55
51
46
46
40
57
50
52
43
53
52
61
51
54
52
65
44
63
49
70
28
53
60
45
43
51
55
55
45
57
51
53
49
46
38
50
48
52
50
65
47
57
64
49
61
58
50
46
64
49
65
52
52
59
49
39
53
44
56
50
47
50
55
55
62
50
50
46
42
49
54
60
64
46
58
52
54
53
48
53
51
64
52
46
45
48
50
49
45
46
44
45
39
57
44
52
50
38
56
58
42
54
48
52
54
45
49
51
55
46
58
47
62
60
44
43
49
60
38
49
22
46
44
53
40
50
55
54
50
64
56
58
58
49
50
54
52
44
50
39
55
50
41
50
57
47
45
43
40
52
48
49
53
55
48
43
46
46
52
75
42
40
52
52
51
59
34
46
56
36
41
46
38
48
51
49
58
63
30
24
29
30
43
26
20
37
34
34
35
41
32
32
39
50
36
27
33
31
34
40
34
34
9
38
33
38
32
33
36
28
41
30
32
18
50
34
31
37
31
41
44
46
41
27
42
45
26
31
28
31
36
28
32
29
33
26
32
32
38
39
43
18
34
34
30
22
31
37
19
33
25
38
32
29
32
33
36
37
34
25
27
37
33
31
36
29
22
33
32
27
31
31
44
39
34
35
25
30
44
34
39
32
35
34
38
22
35
49
28
35
31
34
42
31
32
13
21
17
35
39
40
26
37
32
30
34
35
30
39
30
39
36
14
34
34
35
48
30
29
44
35
36
37
30
38
35
31
36
34
54
47
36
41
24
28
36
20
31
27
33
29
31
29
20
29
15
21
28
37
30
34
28
34
37
45
27
33
37
18
42
29
28
39
24
32
37
36
41
31
34
35
24
18
25
31
25
31
28
31
38
20
35
29
37
33
40
28
22
31
34
29
30
19
40
42
17
24
31
39
22
39
31
23
45
27
24
36
39
31
29
28
27
36
39
38
32
30
31
45
39
28
41
24
40
31
26
37
37
