45
54
47
50
50
49
52
48
53
54
51
50
49
49
44
48
45
59
42
46
51
41
53
48
45
48
59
59
53
72
45
53
57
49
47
50
60
61
56
35
56
60
52
50
63
53
39
48
36
55
48
44
57
46
39
44
51
60
48
42
43
47
64
55
44
45
45
54
50
53
50
50
40
45
57
50
40
55
55
58
52
40
53
29
40
50
45
58
47
47
60
49
40
54
51
59
47
51
60
49
37
60
54
49
43
45
45
52
59
40
49
42
51
39
57
36
40
52
49
46
64
53
44
44
51
52
37
61
48
55
48
52
53
49
51
41
55
41
44
32
54
53
48
51
47
62
42
52
50
45
53
49
40
39
56
53
46
54
45
56
49
36
47
46
50
51
57
68
61
55
52
65
40
51
48
31
44
47
33
49
55
49
54
46
77
48
48
60
51
44
43
48
55
51
61
47
56
52
53
58
45
58
60
44
58
43
38
62
47
52
45
46
39
49
53
52
45
68
44
28
43
60
56
60
49
46
52
50
33
47
44
42
43
60
49
44
54
61
54
48
49
52
62
42
57
51
48
57
56
62
38
50
44
33
31
32
28
25
19
36
19
35
28
30
40
27
28
39
33
29
37
38
30
30
33
30
19
22
26
27
35
46
34
37
39
38
39
34
31
39
34
17
29
35
22
49
27
53
37
25
28
31
30
17
27
54
52
33
43
35
32
31
33
37
28
36
50
29
24
39
26
27
39
34
44
27
33
34
23
34
39
16
34
47
45
38
36
38
22
29
29
40
37
30
36
36
27
29
41
42
35
43
44
26
34
33
33
21
12
37
38
38
35
30
32
32
34
31
28
26
61
35
55
32
28
32
7
39
42
45
33
39
32
29
38
9
31
39
32
22
37
35
50
24
34
40
35
36
19
45
21
38
49
26
35
42
35
28
27
32
33
29
42
33
31
43
43
27
33
32
36
14
45
31
14
32
18
34
34
46
42
19
36
37
34
50
22
9
33
19
30
28
35
31
30
31
23
30
28
22
30
32
19
27
26
25
33
33
22
37
26
29
8
42
29
44
32
29
33
24
34
37
48
31
40
30
25
41
33
38
39
49
35
28
46
47
55
24
38
17
30
40
42
39
46
30
35
33
35
45
