34
33
40
30
31
30
31
40
37
29
42
40
40
48
32
23
34
27
34
44
42
34
20
28
31
35
20
29
38
12
27
36
30
27
31
27
31
37
34
45
40
34
30
34
32
33
42
39
42
32
32
32
29
35
32
50
23
50
35
30
42
37
34
36
28
37
14
43
52
27
42
34
38
29
44
26
34
10
41
37
28
32
38
44
32
24
31
33
33
40
34
33
26
46
36
38
43
43
32
28
31
31
29
25
33
41
33
37
45
36
45
38
34
34
31
30
41
28
56
28
39
29
31
22
30
48
34
18
35
23
36
30
38
34
34
33
20
33
27
35
28
44
26
32
34
31
37
41
38
41
27
33
34
37
30
36
31
32
30
33
30
41
32
30
28
35
45
14
31
42
18
31
24
25
39
51
42
45
29
34
36
34
33
36
37
29
32
49
23
33
38
31
31
24
32
34
50
25
26
40
41
40
43
32
29
30
25
39
22
32
30
34
42
34
37
44
33
35
31
42
28
29
25
36
22
33
44
44
25
44
32
24
35
37
31
56
30
40
44
43
33
38
29
17
24
17
24
30
50
29
38
37
26
25
36
35
16
23
41
22
34
29
37
31
29
25
30
38
40
31
16
32
29
40
36
14
32
41
27
27
32
38
35
36
31
31
23
36
25
47
39
21
21
39
35
30
26
33
31
35
28
37
14
47
48
35
20
37
32
34
36
38
17
31
37
36
27
42
36
31
43
29
31
26
38
37
32
32
39
32
33
18
28
45
25
34
29
37
37
36
27
32
30
27
24
32
46
43
30
46
22
25
32
25
22
36
37
29
26
43
30
34
42
30
35
25
17
18
30
29
36
30
23
31
27
28
26
30
36
29
31
29
33
37
41
29
33
41
33
25
45
19
48
35
37
30
24
24
31
33
47
49
43
33
38
16
38
37
4
27
40
36
30
46
28
43
27
28
33
23
24
32
26
30
26
37
28
19
36
41
46
33
41
35
32
26
34
34
29
38
36
11
34
27
30
25
37
31
40
23
6
41
31
32
24
12
26
31
39
33
29
21
31
33
32
37
26
38
34
36
48
36
31
24
36
29
26
35
46
36
39
44
28
40
29
33
25
13
35
27
40
34
20
38
34
59
21
34
36
41
