31
30
25
39
31
29
40
28
32
54
39
30
30
28
35
41
35
32
20
35
39
38
41
45
19
36
31
33
32
35
31
42
35
30
41
37
40
40
30
25
34
39
28
30
29
35
45
46
27
42
25
32
34
23
21
33
23
50
34
36
40
38
32
35
30
30
26
50
35
34
31
21
32
42
34
32
49
14
42
47
37
19
30
12
38
30
37
25
32
45
41
40
44
24
33
23
33
26
50
46
35
23
30
44
29
41
17
26
42
48
28
26
28
29
34
25
32
31
32
32
54
41
37
35
42
37
48
38
27
29
31
45
31
29
40
27
33
31
38
34
32
29
40
49
37
29
22
48
32
46
35
36
33
32
42
37
49
24
30
11
37
33
31
33
31
27
28
38
41
29
34
37
32
27
19
40
31
37
40
33
27
34
41
38
33
23
27
29
33
23
33
36
27
32
32
27
20
49
49
31
28
36
38
41
28
22
54
56
33
43
38
27
44
22
17
27
49
31
32
30
20
34
41
27
29
49
37
39
34
23
20
40
35
34
22
31
32
25
38
39
19
35
32
29
29
29
37
31
39
30
56
32
32
28
41
28
40
39
32
26
36
33
42
45
34
19
28
22
26
25
19
27
33
32
43
37
32
37
37
31
35
37
31
34
42
33
31
40
40
33
29
32
34
43
30
28
40
24
36
41
31
29
46
34
34
37
37
34
34
46
26
42
46
40
54
33
32
23
32
38
33
30
27
34
33
26
29
40
34
43
33
24
31
25
40
39
47
22
40
23
42
39
19
39
33
31
24
33
46
23
17
32
42
36
22
39
36
22
30
28
36
33
30
31
35
35
28
43
25
33
28
35
37
35
47
33
22
41
19
42
15
29
26
39
40
47
34
30
30
57
43
24
25
32
24
19
28
35
31
33
34
36
39
37
35
44
33
31
27
34
33
34
26
31
31
37
34
26
41
52
31
22
39
53
46
35
22
34
39
47
5
37
31
35
32
24
26
40
32
22
27
33
41
32
37
45
32
33
39
38
36
22
30
36
28
51
23
46
37
32
31
37
38
23
32
33
30
40
17
31
33
32
31
32
36
32
44
34
36
36
26
38
33
24
30
59
38
38
27
31
31
32
39
31
36
35
31
28
30
22
