30
33
30
43
46
29
37
35
39
36
37
36
29
35
23
28
15
32
38
30
37
35
35
35
28
35
29
4
30
35
30
21
46
40
30
34
46
39
48
32
52
28
39
41
24
25
37
38
23
36
36
37
37
35
25
20
34
24
28
29
24
36
46
22
21
27
29
41
24
26
37
33
33
31
42
30
41
41
31
30
22
40
34
27
26
26
21
38
32
41
45
27
39
28
31
24
26
41
30
44
40
22
30
25
32
16
29
47
29
45
32
38
42
22
34
42
29
42
23
33
50
39
17
36
34
16
44
33
24
35
40
33
42
30
18
32
32
23
27
22
37
23
41
39
38
15
43
37
36
31
35
39
40
39
40
27
16
47
31
42
39
40
31
40
29
48
24
32
34
16
37
30
48
26
32
37
29
35
31
39
32
27
27
28
38
34
35
40
36
35
37
31
48
26
31
31
34
22
34
31
16
37
41
32
41
28
31
30
35
43
33
41
27
31
28
25
33
32
30
28
31
38
41
40
34
38
36
21
16
43
33
36
36
46
33
45
29
33
20
25
39
38
36
33
33
26
35
46
32
37
48
74
63
50
56
55
52
36
51
49
29
59
49
51
59
49
44
55
48
37
54
55
63
56
66
61
59
54
51
48
46
49
55
51
47
73
48
61
55
45
59
47
47
55
37
22
39
57
44
66
39
53
47
44
22
49
62
49
66
49
53
36
43
42
51
64
52
38
51
50
59
50
48
55
44
61
60
50
53
60
49
53
45
60
28
54
47
44
57
52
40
51
54
54
50
48
51
52
57
44
59
47
48
37
45
54
51
41
52
69
70
52
33
28
55
59
47
52
46
52
52
44
47
58
55
50
50
52
52
46
49
56
47
39
68
52
59
51
41
54
57
53
54
42
40
42
46
45
51
62
54
61
32
50
44
51
31
52
47
49
60
37
56
59
52
45
45
48
47
48
47
48
35
53
52
43
49
53
51
51
54
47
53
48
57
43
53
49
32
40
59
30
42
51
50
48
45
45
37
55
61
19
51
42
66
48
61
56
50
47
49
54
62
46
61
47
57
57
20
48
42
52
72
51
34
39
49
51
49
79
48
47
56
57
49
56
40
52
58
52
55
48
53
56
58
46
41
39
46
51
