40
22
34
27
31
35
35
40
30
34
28
30
35
35
42
35
27
41
33
38
34
36
38
32
39
22
29
53
21
36
33
39
38
21
28
36
34
29
38
31
25
48
38
17
36
25
37
31
29
54
23
23
33
38
37
31
35
27
38
34
24
32
35
25
35
38
53
36
30
38
25
25
32
35
19
27
24
30
39
22
34
18
27
33
40
29
40
25
25
34
41
40
28
31
39
42
33
37
33
45
28
38
43
38
38
32
25
44
28
33
32
40
29
35
36
33
35
19
22
33
22
27
25
48
37
17
34
41
34
24
30
38
38
23
20
23
19
18
25
27
42
30
37
33
31
39
32
29
37
44
32
41
45
4
33
34
35
34
33
43
36
32
31
40
31
29
37
34
26
29
37
32
35
26
36
34
33
32
32
34
44
37
30
30
37
30
39
28
14
38
40
44
34
24
54
28
42
28
29
37
51
31
35
41
31
27
25
38
35
41
34
37
27
29
32
34
37
37
34
24
27
11
44
32
43
18
36
37
35
33
36
23
51
34
37
30
27
42
35
23
32
38
25
23
38
30
36
34
31
34
63
45
38
56
51
51
53
29
44
52
60
43
67
53
57
40
48
45
49
36
48
48
49
58
51
56
63
51
49
61
54
50
51
55
58
45
47
49
53
36
51
51
50
54
49
50
47
47
57
51
44
47
44
54
49
55
49
57
34
40
55
48
51
48
58
44
48
52
49
55
58
48
53
30
50
58
25
59
54
48
53
47
53
39
49
52
48
51
41
44
26
52
48
48
44
54
56
60
50
65
54
48
48
50
52
52
50
50
45
51
40
45
49
59
57
52
50
52
42
68
51
62
64
50
51
43
61
47
58
53
66
47
50
54
46
45
44
58
39
53
46
45
57
50
51
32
45
53
38
48
63
63
56
43
46
50
39
52
49
68
54
59
39
47
39
41
42
53
49
44
43
48
51
50
52
52
51
73
47
66
50
56
47
46
43
56
43
60
48
52
58
56
41
64
49
48
42
40
59
47
39
59
44
64
39
50
30
49
51
51
52
50
29
44
55
49
41
50
55
47
52
65
49
47
65
38
52
51
56
55
35
48
49
32
61
48
44
58
47
45
49
50
68
41
57
55
54
45
43
47
