51
49
60
54
56
40
52
47
49
49
61
49
60
44
47
40
56
54
43
52
52
63
49
44
47
56
51
36
43
64
49
40
54
45
50
47
46
53
52
52
34
52
59
48
52
49
49
50
44
47
52
50
41
48
46
67
58
47
56
57
57
54
63
47
52
56
53
51
50
49
50
51
51
56
54
48
51
53
50
52
52
45
48
55
58
44
62
29
40
59
49
41
41
58
59
47
47
58
44
50
48
44
43
36
54
48
42
52
47
52
52
27
58
52
51
47
52
44
57
54
51
53
43
51
66
53
45
44
50
39
48
50
51
41
53
48
57
48
62
55
54
56
60
46
50
33
49
43
49
44
29
50
55
37
48
35
48
48
42
65
54
42
41
50
48
51
48
67
62
51
41
52
47
49
60
53
45
51
49
49
33
36
50
53
48
48
37
54
51
43
57
56
52
51
23
47
41
59
57
54
60
54
50
53
38
49
65
47
55
56
63
47
58
43
54
52
27
47
53
60
48
68
40
51
54
38
50
37
27
52
41
48
57
58
49
39
50
55
52
41
58
59
54
46
48
40
57
56
58
48
38
32
56
38
54
32
29
31
30
28
32
34
32
41
34
26
27
39
38
41
43
39
32
37
31
27
28
50
38
28
33
23
35
33
43
41
40
40
27
42
50
38
29
29
25
40
48
29
26
24
34
24
31
43
17
42
30
31
30
38
40
40
29
38
40
32
46
31
38
37
25
34
29
21
23
28
38
20
38
28
30
31
16
38
31
39
21
20
36
38
26
26
20
19
24
39
32
36
28
35
38
40
35
26
22
39
39
33
31
50
21
42
32
28
37
30
26
39
31
29
31
46
34
33
40
41
31
32
37
26
37
21
37
30
28
32
41
34
25
32
45
36
30
18
29
34
33
50
32
29
29
28
37
27
34
31
30
30
25
39
38
36
35
37
28
32
27
19
56
35
32
32
45
53
33
36
35
36
30
32
31
18
46
32
22
28
20
25
37
40
20
23
29
32
38
24
22
42
31
41
35
35
22
23
31
31
31
34
38
31
39
26
44
29
32
27
38
25
36
33
31
30
38
23
24
24
38
30
26
15
18
23
33
31
25
29
47
14
32
20
26
34
33
35
31
42
29
37
33
7
