42
45
36
30
36
33
39
32
36
22
29
23
39
35
46
28
35
30
36
37
31
28
39
35
30
56
33
40
41
40
38
44
34
33
31
41
30
26
33
27
39
39
50
33
37
37
49
22
30
34
29
31
24
24
22
32
39
38
40
44
19
49
34
44
37
30
42
26
28
35
38
43
42
22
29
29
32
27
35
38
23
38
34
29
34
42
21
33
36
33
36
40
24
37
29
30
32
25
29
33
28
30
35
25
29
31
34
31
33
48
34
31
35
39
37
42
37
40
32
28
42
31
38
30
31
31
38
26
32
36
30
33
38
41
29
24
50
29
23
43
47
17
26
25
27
23
18
33
47
39
30
28
35
36
32
36
22
36
23
36
31
21
33
28
31
30
31
22
28
27
27
30
34
45
29
35
46
54
41
29
25
41
37
35
34
47
27
42
34
27
27
34
29
33
31
61
35
40
43
41
30
26
39
37
29
37
31
15
27
35
27
29
12
29
24
31
31
43
33
30
38
38
34
36
23
33
27
23
57
33
30
29
35
53
41
27
19
29
32
40
8
36
31
34
35
34
26
33
36
14
51
44
50
41
32
40
54
37
50
37
46
67
51
56
45
45
47
54
56
46
49
40
47
62
52
47
53
64
38
43
48
49
45
47
51
49
45
55
44
58
49
50
59
44
53
41
51
55
33
56
52
59
48
61
55
65
44
44
55
40
26
32
51
51
52
42
61
50
52
39
40
50
62
48
34
44
53
56
57
53
42
56
58
47
53
37
42
60
52
44
42
53
56
39
58
56
53
56
56
52
46
55
52
49
44
52
45
43
47
52
47
51
48
70
49
47
42
53
55
55
53
44
42
46
50
56
51
52
53
59
52
63
42
53
50
49
57
55
57
45
54
54
57
50
57
60
45
51
60
45
41
51
49
43
44
44
48
56
53
54
52
58
49
48
44
54
68
56
54
66
57
57
66
48
33
53
52
55
58
55
47
55
51
47
40
58
46
50
57
47
52
50
56
50
41
45
49
57
47
36
41
57
57
50
50
51
60
44
56
50
48
41
74
43
37
53
72
53
36
45
45
49
37
43
54
51
53
59
62
47
48
54
36
53
49
47
42
47
42
55
31
50
53
49
50
39
56
53
42
52
