27
26
44
39
29
43
45
31
31
28
24
40
41
25
26
42
28
33
44
37
32
38
23
37
30
50
35
31
33
29
31
37
35
34
37
37
19
24
39
29
43
6
42
31
38
36
35
34
30
27
32
41
21
47
36
33
37
31
33
40
35
31
40
32
32
35
28
35
41
38
32
33
31
33
16
35
37
41
34
26
41
30
35
33
18
37
20
36
41
56
48
16
40
27
26
36
34
30
27
37
31
36
38
36
38
23
43
40
30
32
48
39
27
32
35
33
30
32
34
32
35
34
35
28
27
23
37
33
33
5
32
18
26
44
45
32
39
31
31
36
28
30
36
21
37
38
33
35
27
32
25
49
33
30
31
31
30
37
20
29
30
33
25
33
20
22
22
39
34
31
38
29
22
54
32
44
28
32
28
35
36
39
16
37
51
51
30
29
28
35
34
28
24
32
23
28
37
37
13
27
30
36
38
19
40
26
16
16
23
42
31
36
25
41
38
36
36
40
28
22
36
29
43
27
40
27
56
28
18
39
40
35
27
33
38
45
22
11
53
33
35
41
54
24
33
34
42
39
29
18
50
67
55
49
49
56
46
40
38
54
55
50
31
47
55
56
37
48
44
59
48
57
47
42
55
39
46
48
57
46
62
54
61
40
48
55
40
57
38
46
55
44
52
57
47
58
38
57
48
58
47
52
69
48
43
40
66
47
52
50
43
46
53
58
46
46
46
69
64
54
52
66
56
35
31
43
49
63
48
52
54
65
51
50
50
47
56
55
32
47
59
49
67
60
50
58
37
50
55
53
61
46
56
31
53
48
56
49
46
54
50
48
51
38
49
41
57
49
63
44
68
50
41
41
67
48
49
49
57
51
46
46
52
57
56
42
55
62
35
61
45
62
24
49
67
50
46
48
53
58
48
45
48
63
50
58
45
62
72
39
68
59
38
41
53
60
51
54
52
45
56
35
55
42
44
53
47
28
55
42
42
45
50
55
50
41
47
56
58
45
49
39
53
50
52
47
50
58
56
50
44
45
59
48
50
65
47
40
47
60
47
52
57
34
49
42
46
46
53
51
52
48
49
54
58
52
48
51
50
47
50
41
55
57
58
51
46
49
47
45
51
59
52
50
58
39
59
51
56
54
