17
41
47
25
32
24
31
38
34
35
45
32
40
33
28
29
41
33
33
39
22
31
33
41
39
37
18
37
34
35
34
53
29
28
34
26
33
25
36
35
34
27
31
33
40
38
46
44
24
36
37
17
29
34
42
35
32
38
39
40
33
37
28
32
30
32
32
34
22
36
25
33
34
25
29
42
40
30
34
29
37
33
28
33
29
15
30
32
39
34
35
42
38
25
36
43
26
17
30
36
31
35
43
40
34
29
30
31
36
31
37
39
36
35
42
28
30
30
31
42
39
33
38
35
29
17
29
36
29
41
27
44
30
25
30
35
33
28
40
18
26
43
38
32
30
34
36
39
35
36
20
29
26
26
43
33
50
31
36
39
31
38
26
29
33
33
34
38
27
44
36
32
32
35
32
30
17
29
33
34
27
26
39
36
12
33
36
23
36
24
32
31
31
44
12
28
25
23
27
25
23
12
47
39
32
37
48
14
29
33
42
38
17
21
31
56
20
32
32
26
29
39
20
37
38
46
29
33
27
41
31
35
39
29
32
40
32
31
32
20
29
29
38
16
34
35
34
37
27
35
33
37
25
27
18
30
36
24
41
27
31
29
46
33
23
35
29
43
28
27
40
29
54
36
36
28
20
36
29
42
33
22
24
41
31
39
29
37
43
34
37
27
36
17
29
25
43
35
28
17
33
38
32
25
21
44
24
37
37
28
29
30
39
51
31
33
41
32
38
34
30
35
26
30
40
30
36
34
41
39
36
33
32
27
31
29
19
30
32
30
16
28
38
44
17
38
25
21
36
34
27
25
20
36
39
32
22
41
39
39
34
33
29
49
21
31
28
17
30
31
33
33
41
29
38
32
26
37
30
40
31
32
40
37
33
48
36
42
23
34
39
27
34
33
31
35
38
24
36
34
38
36
29
23
25
31
29
35
32
39
35
32
39
33
30
28
23
18
28
32
31
39
47
39
30
37
33
28
40
27
44
45
41
33
44
28
45
24
33
42
24
28
15
33
33
40
34
20
33
41
24
48
40
29
26
38
32
33
51
37
34
29
35
21
39
35
32
36
34
39
30
28
37
25
44
41
41
32
30
32
24
40
29
34
30
34
32
30
44
31
16
38
36
39
44
32
46
37
33
31
