41
22
37
29
34
29
42
31
26
40
32
41
30
26
21
38
22
30
35
34
29
31
45
33
33
20
26
27
32
35
36
41
40
40
18
44
34
19
34
28
34
33
34
23
37
35
27
50
35
35
40
32
29
32
44
49
26
32
31
41
30
29
40
30
33
38
51
23
37
29
29
37
31
34
33
39
14
32
38
28
36
37
38
26
28
37
29
43
32
31
34
42
43
27
51
31
20
36
29
33
19
45
26
26
29
32
41
31
27
37
30
31
37
29
31
39
29
29
35
27
42
29
34
32
29
34
47
36
30
28
40
28
38
32
21
29
31
53
29
26
23
37
33
42
21
27
35
36
35
31
30
33
35
11
35
34
22
7
24
33
39
19
35
14
31
39
31
41
24
41
40
35
35
38
31
27
38
36
41
36
37
35
50
34
24
28
30
32
29
47
28
29
32
30
33
39
28
27
39
27
30
24
41
32
41
40
22
38
33
31
39
36
18
36
35
43
37
28
33
18
28
25
35
30
20
32
43
49
35
21
50
33
34
27
30
28
23
35
34
38
32
26
19
40
36
35
27
39
32
45
56
60
53
50
41
48
44
58
47
53
52
37
47
47
73
44
62
47
46
46
45
53
58
45
41
52
55
54
53
44
38
48
47
67
53
54
43
27
61
40
49
25
48
65
51
50
46
54
48
44
45
65
47
60
52
51
63
47
56
45
41
29
54
48
61
63
43
43
54
42
45
50
56
54
38
44
64
49
38
45
50
63
52
51
51
45
47
51
51
43
40
50
49
55
59
53
47
33
53
47
33
55
19
49
50
27
48
40
55
57
56
51
46
56
41
52
76
49
71
47
44
59
48
49
58
53
54
49
78
39
56
64
71
36
53
25
72
44
45
62
64
56
45
43
59
43
71
47
47
59
59
51
60
47
45
48
39
49
45
20
59
49
50
53
46
54
47
53
50
51
35
52
54
42
43
45
52
61
56
49
34
47
49
50
44
53
52
45
39
43
61
51
55
65
52
55
51
25
41
51
53
59
32
34
49
47
53
51
49
49
50
52
48
59
43
43
52
49
50
41
56
39
68
45
66
40
49
49
44
48
47
55
53
41
51
44
46
50
41
51
42
38
49
56
50
47
41
38
37
52
