42
49
58
56
43
58
43
46
48
54
43
66
50
41
50
58
50
49
47
49
59
54
48
49
41
38
60
57
44
54
45
48
52
48
53
52
43
51
57
49
50
55
49
37
52
50
45
64
46
56
31
40
52
49
47
58
46
59
64
46
43
62
46
41
35
51
58
55
52
52
48
68
54
46
56
40
56
72
49
38
51
63
45
48
54
49
49
39
55
42
47
51
46
33
42
50
43
49
53
61
54
64
55
42
54
38
47
47
67
65
43
59
40
48
45
54
47
49
49
51
53
48
50
54
62
56
57
49
53
52
54
62
44
62
40
55
41
42
43
58
52
56
48
41
44
49
45
58
50
56
40
41
38
61
56
48
62
72
42
49
45
60
44
42
63
53
45
46
55
40
68
57
54
27
33
56
48
62
42
71
42
49
57
52
47
54
46
60
38
49
54
52
41
49
52
49
50
33
44
59
47
57
56
42
53
50
40
44
54
57
52
39
44
56
47
44
50
52
33
59
62
53
48
54
59
47
57
49
45
46
43
44
49
36
48
50
50
36
48
52
51
51
48
42
41
56
46
58
53
60
34
37
32
28
33
25
40
38
38
23
45
27
47
37
39
36
32
28
32
41
36
21
20
42
59
30
42
26
52
26
22
21
35
36
28
21
30
32
31
38
18
23
40
32
42
23
36
28
29
46
27
36
29
18
29
32
32
30
24
32
31
32
40
36
36
14
41
41
38
41
42
32
22
38
27
34
32
48
17
32
32
38
21
37
37
32
52
31
39
33
27
29
21
37
27
39
34
30
42
34
13
15
29
45
41
27
39
38
31
30
31
36
30
28
49
54
37
30
40
36
28
30
36
36
31
24
32
24
45
33
30
33
41
36
43
33
27
18
26
32
34
40
31
34
19
30
25
22
34
42
31
43
27
44
34
26
34
27
19
32
35
28
35
29
36
35
48
37
30
39
39
36
21
43
24
27
28
26
34
41
28
34
29
55
42
31
42
23
49
31
17
40
52
29
39
28
37
32
31
33
28
27
22
29
37
33
35
21
42
8
25
30
47
18
22
24
33
36
27
41
35
33
38
51
33
31
16
33
30
24
26
50
27
29
29
36
50
12
31
26
26
35
32
42
20
32
33
30
40
32
