48
55
51
50
43
49
54
48
34
50
54
50
45
56
52
27
38
41
53
32
43
57
41
48
49
57
46
46
68
51
56
51
52
50
52
53
47
61
45
52
51
46
50
53
65
72
46
36
46
44
65
51
70
47
63
45
63
57
52
55
58
66
52
68
44
52
39
53
46
47
52
43
37
57
57
57
45
52
54
48
64
43
51
48
54
45
57
54
58
39
39
50
49
46
37
44
39
59
53
47
37
62
48
54
54
59
59
49
63
48
37
44
60
49
62
51
53
56
47
52
53
57
50
48
48
46
45
47
53
39
55
57
49
65
57
57
54
46
51
44
44
52
47
47
60
54
42
48
54
57
46
55
41
66
45
57
53
50
51
56
47
54
46
48
45
55
49
68
55
43
54
50
55
54
57
54
58
47
44
50
54
43
51
33
57
59
44
51
56
48
63
57
44
45
49
42
32
58
42
51
50
45
46
46
62
54
50
49
48
32
63
47
50
51
44
37
68
49
52
47
46
40
52
47
43
45
58
59
58
68
50
54
44
57
44
39
63
54
41
51
49
44
49
51
54
50
41
40
55
32
12
26
19
33
33
41
45
45
36
20
24
43
24
27
37
31
26
32
28
28
34
36
36
47
31
40
33
32
35
22
32
27
37
22
41
30
44
29
34
40
34
39
28
42
61
29
46
56
30
33
33
17
29
43
38
28
41
35
28
28
20
35
28
40
23
54
37
40
25
30
42
32
32
32
37
23
24
20
31
51
36
33
46
34
26
32
29
43
43
29
26
37
38
39
30
30
33
32
32
22
41
24
35
40
31
30
45
33
38
35
31
38
50
34
40
6
25
27
30
27
40
34
36
22
36
27
54
22
32
36
24
12
22
32
36
41
42
47
32
32
32
18
39
38
39
43
33
32
36
38
40
33
28
42
35
14
44
35
22
39
28
20
27
46
29
23
33
34
31
24
37
39
40
39
38
19
27
29
31
29
35
32
26
22
42
42
33
33
35
32
19
43
21
33
34
38
20
38
41
37
32
27
16
24
23
34
36
32
33
40
36
41
21
19
29
28
31
32
31
41
49
42
43
37
39
42
26
37
51
23
22
22
27
30
35
25
36
30
34
30
35
22
22
21
36
31
33
29
24
34
