45
48
47
57
64
53
53
48
41
47
54
58
52
50
58
43
48
43
51
52
48
53
50
51
54
46
33
33
41
60
37
47
54
46
42
45
30
51
45
41
38
56
64
44
59
69
53
55
52
54
66
46
54
55
52
56
51
49
60
62
55
58
61
45
61
54
45
51
52
58
48
52
52
45
50
61
51
29
41
47
47
45
41
46
65
52
52
55
47
71
55
45
52
46
48
44
47
62
34
52
39
45
56
56
51
52
38
53
47
56
38
49
50
51
39
41
41
51
42
42
49
50
45
45
50
52
43
66
58
56
48
50
45
63
57
50
47
47
40
53
50
43
40
42
48
53
53
56
47
47
46
47
42
53
54
58
50
53
47
55
60
40
49
54
48
47
55
40
54
50
50
54
38
56
45
49
56
51
49
62
51
50
44
63
58
57
64
55
67
47
57
45
44
55
46
52
56
51
45
60
48
54
57
47
45
44
52
44
55
53
59
54
47
53
43
45
39
60
38
57
46
53
78
42
40
53
51
45
48
55
45
41
58
50
57
39
61
43
44
44
44
54
45
54
47
44
42
50
52
58
33
34
56
30
15
33
41
11
29
29
23
39
36
30
44
39
22
38
43
24
29
31
28
33
20
28
37
30
32
38
37
36
18
32
41
33
16
41
39
34
36
27
27
30
51
47
37
33
36
38
41
37
37
44
39
34
30
38
41
41
39
24
11
30
42
22
31
31
27
16
23
33
37
36
34
37
34
56
36
24
34
18
26
35
31
26
21
33
34
36
34
36
33
27
29
42
30
35
38
49
34
34
34
30
39
34
33
27
38
33
31
35
47
34
33
45
37
32
20
37
37
31
32
24
32
35
37
19
26
31
38
33
37
37
23
31
33
19
37
38
16
37
27
36
22
28
40
27
34
44
31
23
35
51
38
30
36
47
31
20
41
31
39
32
25
21
37
35
39
28
29
26
47
29
28
17
27
33
35
33
44
26
31
28
28
33
16
40
30
21
23
14
8
36
38
35
36
38
37
34
26
32
40
20
27
35
39
32
30
34
29
31
25
38
23
36
37
33
17
33
42
41
39
28
57
29
35
38
32
43
26
36
34
38
41
16
31
46
31
33
36
24
28
49
34
33
33
36
42
38
