52
44
46
42
25
44
40
40
43
53
48
47
47
46
52
52
47
44
35
51
59
49
55
45
59
61
47
49
53
68
56
45
38
27
40
44
51
58
55
41
63
54
62
47
47
44
46
63
48
66
50
50
35
56
45
52
50
42
38
57
47
48
42
61
54
29
63
46
36
44
37
50
42
38
55
49
49
65
50
46
49
47
60
62
54
54
49
53
44
35
21
40
43
55
42
53
53
54
45
50
46
52
50
55
62
57
42
55
52
49
55
51
56
32
63
53
50
57
39
53
48
48
71
50
48
55
55
52
55
53
43
51
41
46
50
48
48
54
48
40
44
48
48
67
61
52
53
49
52
55
40
50
44
53
64
54
40
55
40
47
58
58
58
46
57
60
53
40
51
38
46
60
51
48
46
52
64
37
36
44
58
62
51
49
59
57
62
53
50
60
47
50
45
48
60
51
45
55
45
51
58
44
53
55
53
42
44
68
50
60
49
48
52
50
47
59
41
53
56
51
52
61
54
49
60
46
49
28
48
25
66
57
48
21
54
49
51
51
76
52
47
56
48
55
43
48
63
46
42
46
27
27
46
28
28
40
22
26
48
32
34
36
18
35
28
39
33
14
22
30
31
13
31
33
47
40
37
33
17
39
29
35
41
35
42
25
46
52
42
36
22
36
35
30
34
35
30
35
29
21
35
28
26
34
27
32
31
44
35
41
46
36
31
29
34
48
26
29
29
34
45
26
51
34
36
31
31
39
29
28
32
33
35
38
28
32
44
18
36
47
36
38
34
31
37
29
54
31
28
41
33
20
39
40
47
34
17
32
32
37
34
15
51
32
24
28
54
31
27
30
34
28
29
29
33
45
37
19
25
35
33
27
42
36
32
30
37
27
31
36
31
34
34
14
28
30
28
38
27
30
45
13
45
38
36
16
23
30
44
29
33
46
30
39
38
32
9
41
37
28
38
33
29
37
25
42
41
40
39
31
34
33
34
38
38
36
38
43
43
45
33
30
31
26
37
24
25
15
16
40
47
39
32
38
34
34
33
26
37
34
44
27
41
36
37
32
36
38
30
39
17
41
25
26
34
14
33
27
33
36
33
36
24
40
36
13
41
29
42
43
34
31
40
34
29
43
34
30
28
37
