36
47
37
36
41
26
31
26
46
37
29
45
37
23
50
30
33
24
42
16
34
38
35
22
29
36
34
39
28
28
27
35
33
33
17
16
28
35
33
28
32
32
27
37
33
34
24
35
35
40
29
25
26
27
34
42
39
37
32
34
33
34
32
38
44
32
32
31
30
28
26
39
49
38
36
33
26
32
19
37
19
27
38
35
31
34
41
37
52
13
25
33
30
38
9
20
37
29
47
28
42
37
27
19
22
31
26
34
26
45
38
33
38
29
25
21
31
37
30
47
29
33
42
29
30
42
41
31
30
40
33
26
35
30
31
30
51
42
39
30
24
33
33
32
20
34
23
39
24
33
32
33
31
41
21
23
27
37
44
26
24
30
37
36
27
30
29
33
28
38
41
40
34
40
33
37
27
28
41
35
29
12
40
36
23
46
38
49
19
46
35
37
18
25
31
42
39
29
27
31
27
42
42
26
27
28
29
34
28
22
33
39
22
34
22
33
41
40
34
26
19
45
24
27
33
37
49
34
36
43
33
30
35
28
33
33
37
36
30
33
59
33
37
24
37
36
29
16
30
41
47
58
52
47
46
66
54
47
51
52
50
74
47
51
45
50
57
58
55
52
49
53
55
64
51
57
40
55
37
60
52
40
50
55
56
64
46
54
42
38
70
54
49
68
41
49
48
59
75
49
70
55
53
57
43
41
50
63
57
40
35
52
44
53
32
51
57
69
38
48
60
35
43
45
52
54
52
43
57
47
50
53
59
58
48
44
55
38
59
59
46
54
47
51
52
33
45
43
59
60
49
49
39
43
50
50
53
49
58
54
36
43
45
38
40
65
39
37
38
50
69
53
55
49
55
54
52
45
49
45
48
57
48
46
56
58
45
53
28
28
54
54
70
51
52
59
51
41
58
54
55
51
47
39
49
51
43
39
43
43
65
41
49
48
38
57
49
54
62
41
35
56
58
41
74
63
47
50
53
42
56
54
45
60
44
43
56
48
52
54
49
43
47
30
52
47
45
58
49
50
51
58
48
50
48
55
42
55
44
41
47
39
57
54
60
68
55
43
63
52
61
47
48
58
48
41
41
51
50
54
52
60
34
64
53
47
52
53
51
58
57
52
49
59
62
54
43
58
49
41
