48
46
42
62
49
48
41
47
45
42
61
50
39
53
47
47
59
43
42
58
43
47
50
42
54
54
56
43
45
62
53
30
52
53
49
58
55
40
47
45
58
40
41
50
54
48
56
46
46
45
54
55
43
43
48
47
42
45
48
44
47
58
62
37
61
50
50
50
44
64
58
51
42
51
52
41
32
53
45
47
54
22
58
48
55
59
40
54
61
53
47
33
47
54
37
54
44
51
53
57
60
47
38
62
47
52
47
53
57
57
50
55
57
57
58
40
57
45
40
41
54
52
47
54
45
61
55
56
37
42
32
42
64
54
44
67
43
47
45
40
45
50
53
37
57
59
59
58
34
52
63
47
49
37
61
51
41
51
46
51
50
54
47
42
56
55
47
51
45
41
46
33
55
50
56
46
56
48
43
57
46
49
50
58
45
52
38
51
52
45
39
45
29
52
58
60
45
52
74
44
51
48
67
43
41
48
40
57
43
56
44
61
54
53
59
45
60
49
49
47
55
57
44
50
60
74
72
52
69
66
50
34
72
55
42
45
47
47
50
55
63
61
44
36
50
48
30
43
45
34
32
37
36
39
32
33
31
34
40
47
30
9
36
32
17
32
36
37
35
40
40
35
28
16
41
30
30
36
23
31
31
35
30
24
27
34
26
18
23
21
5
34
25
33
34
38
24
34
29
30
31
31
46
47
23
27
43
31
30
33
30
28
30
36
34
39
30
31
31
21
47
31
35
27
35
36
32
31
31
32
25
21
37
38
31
29
18
25
30
34
27
34
39
40
33
35
20
24
39
37
33
16
33
24
32
39
34
31
33
39
24
35
30
41
36
18
36
53
28
32
43
44
35
36
34
13
26
53
41
35
39
35
44
33
20
31
23
31
38
27
34
12
18
52
19
39
24
46
19
44
37
42
37
21
27
31
30
35
35
39
28
38
44
62
32
34
42
12
47
37
38
49
31
27
37
23
30
39
25
25
35
33
32
41
31
22
37
34
21
31
30
24
26
33
32
24
32
28
28
31
20
29
11
33
32
17
30
38
30
43
40
41
14
39
36
36
25
33
40
37
36
40
35
34
31
35
35
39
39
38
32
25
27
36
31
36
46
39
42
45
28
21
30
29
34
34
24
25
42
32
