39
22
31
32
19
20
12
28
33
31
24
27
36
32
30
41
25
32
27
39
35
40
39
45
36
35
29
23
45
32
30
26
36
38
14
36
35
48
35
33
36
27
36
50
21
40
23
51
39
33
37
37
35
15
34
41
18
28
29
27
36
24
36
29
39
25
31
24
39
39
33
22
37
32
47
28
28
31
48
34
26
24
46
14
28
35
22
33
30
33
21
29
41
44
29
8
32
40
41
42
31
43
41
38
48
33
21
27
36
28
32
42
19
28
30
32
33
29
33
37
32
38
29
35
26
24
40
31
36
40
40
29
31
33
35
36
31
29
24
26
33
29
38
20
34
49
39
24
30
20
31
34
32
11
29
34
33
50
38
32
23
36
38
23
25
33
23
37
29
21
43
33
20
54
38
22
46
37
50
30
31
23
33
34
12
38
31
44
31
31
31
36
13
32
14
24
42
40
18
39
35
27
32
24
34
41
35
43
30
38
47
32
46
32
17
37
28
41
36
18
49
36
36
29
23
31
34
21
26
28
32
35
41
42
23
42
29
51
28
49
31
46
34
22
17
37
28
5
33
32
26
30
35
36
39
33
39
29
45
22
33
18
18
35
30
39
34
35
31
22
30
31
25
39
24
28
30
36
39
26
31
40
45
24
26
33
32
32
38
34
42
31
54
32
30
34
22
31
30
36
28
38
45
20
35
41
43
36
33
43
33
33
28
33
41
35
30
32
32
33
26
31
30
31
29
35
37
48
29
51
36
42
49
29
28
36
34
16
32
28
33
42
23
35
34
19
48
25
42
30
31
37
31
33
31
34
33
34
27
33
23
35
35
25
30
41
19
48
33
14
30
25
5
34
37
22
46
35
34
30
37
45
33
33
40
30
33
35
28
28
33
37
33
42
48
22
35
29
32
26
33
22
21
26
34
28
39
50
34
29
36
20
29
38
37
25
29
21
36
37
37
45
14
33
45
34
35
35
50
37
37
24
37
33
32
36
41
21
37
51
24
24
32
35
39
33
33
49
19
26
34
24
41
33
40
49
38
33
29
38
31
31
36
39
36
31
16
37
31
25
33
34
31
41
36
37
26
37
21
38
32
38
20
34
34
34
25
27
34
29
38
53
32
40
41
29
36
20
24
33
