31
42
29
34
33
37
34
36
33
28
48
27
63
35
24
27
35
30
37
46
36
32
25
44
28
32
35
31
32
32
32
36
35
36
41
32
31
28
40
29
28
35
28
31
30
37
39
34
26
28
45
24
40
40
30
21
53
31
39
33
29
31
27
39
29
31
47
37
28
28
30
34
22
39
37
29
39
35
30
29
33
34
20
45
30
30
18
35
32
39
28
34
22
36
20
35
32
35
37
37
43
30
18
27
38
45
37
39
31
44
28
27
26
28
33
36
47
28
27
29
39
35
35
27
37
30
34
29
31
38
33
31
29
38
21
32
28
35
34
38
31
30
35
17
36
38
30
47
31
38
35
38
44
39
36
25
19
35
33
32
22
32
28
35
37
32
34
42
25
37
44
35
41
35
31
51
33
25
43
34
29
30
34
41
19
31
36
34
29
22
34
24
48
43
30
30
43
23
35
27
26
46
31
32
50
25
40
37
34
33
28
30
27
39
36
37
37
47
29
33
34
37
30
26
37
35
30
51
26
50
41
29
32
36
22
35
29
23
29
47
25
28
28
31
29
44
26
36
29
54
54
42
59
64
37
49
60
51
58
38
57
53
44
45
52
45
56
57
57
49
47
49
50
53
55
48
51
52
41
37
59
50
49
46
46
51
48
54
48
37
41
55
30
46
47
46
49
41
64
48
58
55
46
48
60
39
52
54
46
50
62
42
52
49
46
49
52
38
40
57
50
53
43
62
58
51
30
45
40
29
52
50
43
42
48
56
47
50
51
58
52
50
47
41
65
47
52
59
38
53
41
48
64
60
45
51
47
51
51
41
68
48
49
52
33
55
53
40
52
65
50
60
42
58
47
48
54
44
42
49
54
41
46
59
39
46
43
55
57
49
52
47
19
56
47
44
47
62
50
44
56
60
51
54
39
46
46
39
48
46
63
63
51
48
53
52
36
48
52
55
64
66
34
46
50
45
65
40
54
43
45
50
45
42
49
41
43
50
58
53
19
52
47
27
61
54
41
57
49
53
58
55
42
62
52
60
50
34
52
47
50
48
56
48
55
47
55
45
56
58
55
50
44
43
41
60
41
37
49
49
55
57
49
43
52
56
49
57
43
55
51
47
51
60
49
32
60
45
43
54
