30
27
38
40
32
33
38
32
16
35
30
14
29
35
34
29
29
42
29
27
38
26
27
27
42
34
45
46
28
38
34
32
47
30
37
30
35
39
43
32
28
35
51
23
32
36
27
9
34
41
53
31
36
33
42
40
28
35
17
18
32
30
28
32
30
42
40
25
41
17
26
27
36
33
41
37
30
24
43
32
30
28
38
46
39
19
26
33
23
24
30
39
37
31
39
40
34
39
44
19
40
42
24
33
34
34
24
32
41
33
36
32
39
39
35
26
43
49
41
31
40
32
29
29
55
43
20
33
16
31
52
44
27
32
34
32
30
35
34
35
37
30
35
37
39
32
42
20
43
32
29
32
29
25
47
35
18
36
40
50
24
34
59
32
33
43
41
32
33
28
17
28
28
35
34
31
41
38
41
31
37
36
34
34
21
32
37
34
36
32
36
38
28
31
27
41
29
41
40
29
36
38
37
17
31
35
36
32
27
19
19
42
31
32
34
47
31
33
38
39
29
36
33
29
42
50
46
41
35
29
24
32
31
31
32
49
44
28
40
30
38
44
21
31
42
48
34
28
36
43
43
60
45
35
47
45
51
43
61
60
64
50
38
53
39
53
48
55
48
57
49
52
54
48
65
31
62
49
64
47
59
44
43
49
51
47
50
50
58
58
48
44
46
43
46
49
49
47
50
44
52
39
52
54
35
47
63
56
45
42
43
43
51
57
52
45
51
63
31
54
63
52
33
42
72
51
59
56
64
45
64
47
44
30
49
47
50
50
45
47
45
56
53
52
56
56
60
48
43
47
60
54
56
50
41
47
58
39
55
55
45
41
53
58
50
53
69
57
63
55
34
58
55
62
65
53
51
52
51
31
54
47
54
55
57
47
41
50
67
57
53
40
39
56
52
61
47
56
65
55
75
39
55
54
39
65
55
47
60
54
48
40
72
30
51
57
45
46
41
42
55
40
43
55
38
66
59
63
43
45
56
54
45
51
43
64
47
57
53
45
57
46
46
49
51
30
59
71
56
57
51
47
52
38
58
44
45
59
46
45
56
58
44
52
57
54
60
64
61
54
48
57
49
48
43
40
44
44
47
47
46
32
50
54
55
54
55
59
53
48
50
49
55
51
66
66
46
57
41
53
