34
37
32
38
24
28
46
36
40
48
21
29
46
33
34
32
31
30
38
30
30
40
30
26
30
31
33
33
32
33
43
24
42
21
24
42
39
42
41
43
47
31
34
42
27
28
29
35
25
38
26
43
36
16
28
42
30
35
23
29
23
22
27
29
34
42
30
44
30
8
40
44
23
27
44
34
27
39
28
39
37
27
31
35
23
30
41
24
32
33
44
33
31
35
35
31
32
41
51
27
38
10
35
14
14
35
18
36
32
42
27
26
45
25
36
43
27
40
39
37
39
37
36
36
31
33
27
34
40
31
36
27
41
35
39
37
20
29
36
38
33
31
34
35
26
31
45
16
25
31
32
40
33
36
28
25
35
29
23
6
32
38
26
33
37
32
33
28
25
34
22
27
51
27
41
36
51
24
35
32
34
31
46
30
22
34
51
40
24
36
49
36
29
35
27
24
46
28
31
40
43
43
35
34
37
35
25
24
32
42
28
34
40
38
32
29
36
23
23
37
34
33
25
39
25
31
25
36
54
26
47
34
25
24
42
35
26
33
39
36
36
37
21
14
25
37
24
28
21
36
52
56
47
61
58
55
51
48
51
43
54
52
43
56
55
53
45
43
50
52
42
47
58
57
56
55
29
47
45
49
44
59
48
50
57
34
48
40
31
56
51
42
50
61
53
52
67
52
53
36
47
56
52
62
50
52
46
51
40
50
54
47
55
46
53
50
42
66
65
51
50
47
54
45
55
56
41
51
52
49
46
55
67
33
50
43
60
48
51
48
45
47
44
34
53
47
53
53
59
43
57
27
48
50
57
51
51
41
45
50
48
45
45
54
36
40
55
47
51
51
46
29
65
35
47
48
53
54
50
74
36
60
36
47
57
53
49
49
54
53
43
46
48
46
39
48
48
51
45
60
56
58
37
45
43
55
48
61
58
54
50
52
46
59
47
50
52
50
39
63
49
62
57
57
38
54
44
43
41
58
45
55
42
47
62
55
50
33
62
49
47
39
54
49
65
40
51
40
60
49
46
49
53
51
56
44
51
48
50
46
59
52
53
49
63
56
60
49
65
53
42
27
44
56
52
42
59
59
43
46
54
44
40
50
53
37
53
59
35
50
50
58
50
34
51
49
53
52
55
51
