31
38
11
47
29
9
29
44
44
28
25
22
33
29
33
33
25
43
38
30
27
51
29
23
37
40
32
37
30
24
33
27
36
43
37
16
6
54
22
24
35
17
30
55
31
34
29
42
41
27
32
41
24
26
36
29
31
34
23
32
36
42
36
35
35
30
37
37
32
35
42
36
34
25
31
29
29
17
29
34
25
41
36
31
38
19
42
33
30
29
27
43
42
63
35
34
41
43
35
27
22
21
33
32
28
36
42
44
25
41
38
17
46
40
33
38
37
36
44
23
25
22
31
20
42
21
44
27
25
36
17
37
39
28
41
39
36
17
39
29
35
34
12
22
39
26
39
37
37
47
33
35
35
29
33
36
34
34
33
31
41
28
28
26
42
38
34
11
51
30
31
18
26
25
43
55
36
38
37
35
29
49
34
30
29
30
31
43
38
27
40
29
29
21
30
39
48
26
33
27
40
37
27
28
38
32
29
40
31
39
8
38
37
42
33
31
30
15
43
19
52
28
26
34
25
35
31
31
36
29
42
49
39
35
33
25
33
33
22
32
34
25
32
36
37
46
29
31
12
31
65
49
50
43
52
45
54
59
54
46
50
46
54
67
36
30
46
62
52
56
37
48
63
65
50
48
56
56
41
64
58
54
30
54
29
51
62
52
47
45
57
56
48
56
56
59
51
49
52
36
47
54
53
54
65
45
48
46
44
44
55
40
33
42
62
48
48
56
42
47
36
52
59
49
57
64
36
49
55
54
50
57
53
48
42
53
51
43
37
47
47
62
54
45
57
50
55
51
58
56
49
50
60
41
56
59
51
44
60
56
41
58
53
47
44
61
53
48
50
40
40
56
63
55
45
44
54
54
48
61
35
45
53
43
50
48
64
40
40
52
61
42
53
59
60
64
50
49
50
50
49
52
29
32
54
48
59
58
46
49
58
61
63
38
52
52
50
59
50
44
46
58
47
54
52
57
47
58
47
42
48
37
67
44
54
53
37
51
43
35
47
61
48
64
40
57
46
49
68
61
37
51
42
44
47
54
49
48
48
43
55
71
56
67
51
44
46
47
57
48
50
60
52
51
52
50
45
46
48
55
49
55
49
53
46
62
57
51
53
53
55
57
42
53
48
46
60
58
58
53
