53
43
53
34
58
59
55
46
55
59
55
51
41
54
48
52
49
50
45
56
62
43
51
48
43
40
49
49
41
46
47
70
50
52
49
50
62
52
58
58
69
58
40
48
56
51
49
53
43
49
52
55
53
56
47
51
47
48
52
60
46
57
45
70
57
58
48
42
57
48
56
44
64
54
54
54
59
52
57
41
38
45
44
48
55
51
74
50
47
35
46
40
66
43
51
63
37
46
61
56
54
51
25
51
54
46
53
44
39
64
41
60
54
44
52
49
39
51
43
24
57
45
45
52
45
48
56
56
45
41
66
47
51
48
46
52
27
47
46
44
56
43
40
43
60
51
52
51
63
55
51
40
52
62
48
42
43
41
48
45
62
57
38
49
38
55
41
52
64
46
42
52
50
50
61
44
43
36
51
58
60
61
60
63
49
50
53
53
68
50
47
43
51
50
52
51
47
41
61
50
54
35
38
69
51
57
23
52
47
43
58
61
54
53
60
42
46
54
48
51
37
66
53
49
57
51
44
50
50
25
48
51
46
57
52
48
36
53
21
38
44
53
55
42
47
55
53
52
46
54
37
35
28
29
32
24
30
39
31
34
36
28
25
36
34
31
18
35
43
41
36
39
47
39
37
27
31
52
37
24
40
37
30
16
30
40
56
36
14
27
34
28
31
34
41
48
40
31
28
39
35
44
32
34
27
28
30
31
36
30
41
36
34
41
43
24
38
48
30
26
27
33
33
34
27
31
34
30
35
31
23
36
33
34
26
35
38
45
30
41
35
38
27
29
32
26
32
28
43
37
47
35
38
32
34
34
32
22
34
41
34
36
55
36
43
41
30
37
36
39
30
43
17
17
32
37
49
43
38
28
14
34
36
31
38
31
25
34
37
31
42
37
37
37
29
29
34
33
36
34
35
38
40
35
44
19
36
51
33
26
38
22
51
36
35
57
36
31
30
39
52
26
26
37
23
24
36
37
39
33
41
36
29
32
32
25
35
31
28
15
31
44
29
35
49
40
33
55
44
20
34
35
27
26
22
42
37
39
44
31
36
36
31
29
15
36
31
45
35
28
23
28
32
17
22
37
36
32
40
32
10
35
40
44
37
29
33
26
35
25
33
34
33
35
39
29
28
29
45
35
