49
53
48
47
52
54
50
44
50
63
42
58
54
52
47
52
49
55
53
59
48
60
43
48
49
63
57
45
49
72
49
40
54
54
52
51
50
46
56
50
40
48
54
60
49
37
74
46
45
54
53
53
41
58
49
50
51
43
49
48
54
47
52
38
49
33
54
29
39
50
51
51
43
50
50
41
52
48
51
43
45
47
50
42
57
44
55
33
53
51
43
49
52
49
43
52
39
29
54
44
62
47
56
50
42
50
44
52
47
44
57
44
48
51
56
42
59
52
46
56
40
48
46
54
53
42
49
55
51
68
62
51
52
49
41
45
65
39
53
41
46
54
52
54
37
58
53
42
57
42
36
49
64
73
50
40
52
36
63
44
51
55
44
53
40
63
38
44
50
63
56
42
45
43
59
59
41
47
55
55
49
51
53
47
50
50
43
59
30
58
42
59
57
61
60
59
40
46
46
59
50
69
38
40
45
60
51
28
51
60
38
46
60
52
45
53
54
50
53
44
47
44
42
47
56
66
53
49
52
60
42
53
46
57
42
52
47
47
68
43
62
49
44
42
49
51
56
51
56
42
47
38
40
30
28
25
34
27
50
37
29
29
42
23
31
24
41
36
41
28
34
38
31
28
34
32
25
28
31
17
27
33
17
30
34
38
30
36
13
36
31
42
30
26
14
36
34
38
33
37
36
32
18
25
36
37
40
30
26
57
40
23
45
34
39
44
37
39
35
36
9
33
27
38
22
29
29
32
29
36
36
43
36
32
33
35
36
25
26
24
35
42
14
33
25
33
26
18
29
28
21
41
48
25
35
38
28
38
7
44
26
36
36
45
31
36
35
18
57
34
35
46
18
36
35
42
27
32
40
40
41
34
30
33
26
43
27
32
16
32
14
37
28
37
36
33
44
35
41
31
37
32
39
34
51
32
30
36
34
27
29
23
21
39
48
50
32
44
33
32
43
29
32
29
32
36
24
41
36
19
35
33
32
45
33
28
39
48
36
27
24
27
41
29
24
30
26
38
12
31
28
33
36
34
48
41
28
32
26
36
45
27
27
29
29
37
32
26
30
34
27
19
35
32
26
43
36
32
43
33
42
18
32
34
46
37
32
22
32
37
28
39
36
33
43
21
18
25
35
35
