39
31
40
36
39
28
29
41
47
30
31
25
33
35
39
32
37
27
34
38
46
21
45
29
30
57
30
39
28
42
36
40
50
32
32
9
37
31
23
15
30
32
29
28
38
42
30
32
26
29
29
25
24
54
39
31
41
18
37
24
29
46
36
34
50
37
55
31
27
49
29
29
45
29
45
23
29
41
44
35
45
34
41
31
48
44
46
27
23
34
35
31
22
30
16
18
37
31
30
34
40
36
45
18
39
35
31
40
32
25
41
30
29
37
37
43
44
44
44
40
38
29
27
21
37
31
32
31
46
39
17
30
32
38
54
23
36
34
30
39
33
29
45
28
44
33
47
30
26
43
23
25
29
18
41
17
33
29
31
26
51
31
29
26
43
27
37
24
40
32
28
17
33
25
38
49
39
14
24
36
30
27
34
38
31
15
30
40
39
27
32
25
29
38
39
45
35
23
30
41
38
34
31
24
29
25
27
31
40
6
32
32
26
35
45
37
27
28
34
41
38
38
38
29
27
22
28
51
29
39
37
55
39
21
31
28
32
47
33
39
29
23
41
39
32
33
23
27
37
34
65
59
54
46
42
49
41
40
50
59
48
52
34
55
53
29
42
56
65
54
51
47
46
44
61
51
50
45
59
52
57
46
59
57
58
48
33
47
52
52
53
43
57
49
47
48
57
47
63
52
28
48
47
58
42
37
53
52
58
54
40
40
58
51
49
50
46
55
47
56
51
50
54
48
38
54
51
39
47
48
49
68
49
55
42
55
57
53
39
49
39
42
38
64
52
52
46
52
34
47
47
39
47
52
57
66
63
48
35
53
41
56
49
48
43
64
51
56
32
46
47
51
68
31
41
45
43
49
53
42
47
55
46
46
57
49
75
51
45
57
49
49
47
41
54
49
49
62
53
49
70
65
46
47
49
58
50
44
51
44
60
48
47
49
55
52
66
51
58
50
48
36
48
63
43
62
48
44
44
38
52
46
46
46
66
45
58
50
51
52
30
58
43
59
47
60
56
52
44
67
61
52
75
57
55
55
53
67
49
58
45
53
48
49
51
61
49
59
57
27
42
35
51
48
74
31
58
48
41
57
66
48
53
54
57
49
51
53
43
52
45
50
51
34
62
55
49
47
49
49
