55
50
50
49
61
46
49
42
51
50
63
53
52
50
45
47
40
47
44
47
49
47
51
48
64
43
41
37
59
50
42
55
38
52
47
48
58
51
59
35
46
52
55
45
53
51
57
68
37
58
62
31
57
47
57
58
47
50
58
56
52
45
60
58
50
55
52
49
47
56
41
57
41
52
42
43
60
50
57
54
49
49
53
55
51
48
46
45
52
52
46
74
48
51
56
53
40
52
63
47
54
48
45
51
50
49
50
46
51
58
53
49
43
46
51
41
48
59
53
48
56
46
49
50
50
40
52
47
49
51
41
51
57
66
45
54
58
49
68
49
57
51
47
52
67
45
49
30
42
59
57
44
40
57
47
51
39
42
54
59
56
44
55
53
42
62
37
53
50
55
54
62
40
54
52
51
53
47
59
43
47
61
50
49
55
46
54
52
61
37
52
46
56
47
34
54
75
39
47
50
48
56
45
44
59
45
62
49
66
49
49
47
58
49
56
49
50
54
59
57
74
69
64
50
48
51
58
49
50
43
38
52
48
55
65
60
52
57
53
53
58
52
54
54
47
46
38
44
48
56
40
35
21
34
33
40
29
36
32
28
31
30
4
23
41
43
30
28
47
33
32
30
35
20
29
31
37
20
35
33
38
14
29
31
40
37
12
42
40
34
31
24
40
27
27
24
31
35
31
36
43
22
43
48
37
33
24
34
23
49
26
36
26
22
25
32
21
28
19
26
26
40
37
36
35
31
39
29
32
20
28
30
39
23
43
31
27
35
31
37
33
37
31
31
42
31
31
35
44
36
32
34
36
38
30
33
41
29
39
22
29
28
29
33
25
38
38
24
33
27
40
35
34
41
38
37
28
30
20
40
31
34
30
44
29
36
39
33
24
31
32
26
28
23
18
27
50
31
42
38
33
50
31
34
32
29
25
49
38
37
31
40
33
55
34
25
27
26
24
38
44
11
53
51
47
23
42
47
25
28
40
44
34
26
27
37
25
17
35
33
32
32
29
11
36
21
31
33
32
36
45
36
35
35
40
33
29
42
28
34
31
26
30
43
36
34
28
35
34
33
38
27
29
38
55
28
31
31
35
45
45
30
28
35
24
49
29
38
33
36
28
40
38
15
28
27
33
34
35
27
