30
17
40
28
33
34
38
26
38
37
29
31
24
30
37
42
30
14
30
29
32
31
50
37
37
36
22
35
34
24
31
29
48
42
30
37
55
41
32
36
36
27
27
21
29
24
32
51
35
36
29
27
41
27
33
23
13
42
39
21
40
16
21
36
31
32
18
40
17
40
30
35
43
39
31
24
34
33
37
36
32
26
36
38
30
20
32
30
51
23
39
38
33
33
25
39
33
28
33
30
34
40
31
27
35
46
42
32
34
13
23
13
28
45
28
32
34
23
34
30
36
20
29
31
29
30
41
45
34
43
32
34
36
27
37
27
50
30
36
28
24
13
30
16
29
18
33
36
37
32
29
29
43
33
17
25
35
31
9
29
42
27
35
42
33
31
33
43
30
30
35
31
32
46
13
35
40
40
40
24
32
38
25
32
31
38
39
29
31
24
28
31
33
37
34
36
34
32
30
39
37
34
9
30
30
34
27
24
30
18
34
37
35
28
41
39
24
25
37
26
30
19
41
31
35
30
33
39
36
38
43
38
18
27
30
35
22
45
12
29
42
40
56
33
35
35
30
26
32
27
49
42
49
53
60
48
56
45
53
75
44
53
53
53
59
67
51
48
64
48
49
43
48
52
50
56
47
58
37
52
50
59
51
53
49
45
48
51
42
58
58
51
75
56
48
61
45
50
45
36
57
49
56
47
47
62
38
54
40
38
47
45
54
44
49
52
57
54
59
66
51
52
54
46
63
45
55
57
53
42
43
42
57
56
46
45
53
57
47
51
56
48
64
37
50
51
38
52
69
58
53
50
72
51
54
48
54
60
51
47
25
49
43
36
45
49
56
50
52
37
41
43
46
51
61
65
61
45
49
49
42
49
60
44
63
41
55
62
42
45
60
42
47
68
56
68
53
40
43
45
48
60
50
52
44
53
50
53
46
64
58
45
29
42
49
48
55
59
42
42
33
48
51
44
57
50
44
47
51
51
58
47
43
49
43
45
48
51
47
55
58
38
53
47
42
45
38
46
44
46
48
74
52
41
49
54
48
57
43
42
45
33
57
48
43
52
52
52
41
44
44
56
61
57
56
46
44
59
46
51
54
43
57
43
46
57
61
41
58
62
55
48
38
43
41
54
38
49
59
51
