41
51
57
46
58
33
57
62
59
58
58
43
54
49
43
43
50
43
51
47
54
56
40
46
51
63
63
51
59
53
39
57
51
42
52
41
57
51
49
53
54
45
57
52
53
46
60
58
49
49
49
53
48
51
52
47
55
45
48
44
51
57
53
49
48
56
45
54
50
42
50
57
57
49
49
59
52
47
50
51
56
49
51
52
57
50
36
44
55
53
64
42
42
53
37
61
52
44
48
50
56
48
52
48
52
52
53
65
45
42
52
53
41
48
58
53
51
59
65
51
43
45
47
50
81
44
47
59
42
62
48
47
50
53
43
45
58
50
41
54
55
60
44
57
52
57
53
33
40
48
61
43
47
61
55
49
44
47
54
37
47
60
47
49
44
41
78
38
47
50
42
55
61
58
53
56
42
70
73
51
30
31
57
52
54
45
47
43
57
50
53
57
59
52
48
45
40
38
54
44
47
42
55
56
52
48
63
39
51
41
47
33
54
48
44
54
55
38
59
42
58
32
34
68
64
38
48
59
40
41
48
59
42
48
63
50
53
51
76
59
46
55
54
75
56
48
46
63
53
61
40
13
20
20
27
33
36
24
35
28
36
32
41
39
54
33
36
26
36
44
34
29
46
30
26
38
35
42
42
24
36
22
26
46
31
48
31
33
29
34
34
25
39
39
33
31
45
21
23
29
24
34
34
34
35
29
34
26
35
50
45
6
31
31
31
14
36
30
27
41
33
43
33
53
43
30
32
36
31
62
29
44
23
23
28
23
26
11
29
38
35
37
40
22
29
45
38
25
34
25
26
23
30
23
24
32
31
29
31
37
36
40
29
33
42
34
38
46
31
35
45
32
39
36
21
37
39
31
42
23
32
29
35
32
16
38
33
37
28
29
22
39
32
29
38
36
20
30
35
35
39
19
46
37
32
29
36
32
33
27
31
33
28
38
39
26
29
39
29
34
31
31
23
33
31
47
33
33
35
34
27
5
9
34
47
33
45
19
38
34
31
20
36
29
30
39
38
31
28
38
36
8
42
27
31
40
54
35
44
34
25
33
20
29
54
38
39
44
40
41
32
63
24
24
32
31
23
42
34
53
35
43
44
42
36
33
27
24
34
25
37
36
35
35
48
25
39
38
25
36
