57
34
45
52
51
54
59
44
53
44
41
34
49
49
56
52
32
47
42
61
31
59
46
51
54
48
48
56
47
57
54
59
56
41
48
52
28
63
58
48
57
56
24
53
54
49
54
36
56
48
60
50
43
53
53
62
34
67
49
65
53
63
51
53
41
45
54
46
47
44
48
43
67
42
52
47
48
47
50
48
49
45
75
44
50
56
34
53
51
43
60
55
45
54
50
61
40
55
51
39
47
48
22
27
37
52
47
51
54
51
53
69
51
59
59
60
47
56
49
70
43
47
60
50
50
38
54
49
49
47
53
47
64
56
59
55
60
52
49
28
53
44
66
63
52
41
59
49
45
48
47
50
43
47
56
51
61
54
49
55
58
47
40
52
41
54
68
42
30
54
44
51
40
41
53
51
52
57
56
50
40
58
52
52
53
44
48
47
55
43
56
41
51
52
58
49
54
52
37
47
44
22
41
29
53
56
50
52
53
44
45
48
53
48
51
43
49
48
42
36
49
48
53
47
68
55
49
56
43
44
40
44
42
58
49
42
50
41
44
41
60
60
50
51
55
42
57
46
42
53
30
41
45
34
12
36
46
13
38
31
29
31
27
35
45
30
54
52
38
30
29
27
34
36
35
31
27
39
28
32
44
29
41
32
35
49
35
41
40
21
31
43
29
39
30
30
42
39
32
39
47
40
42
30
30
26
47
31
40
37
39
36
36
30
18
33
20
46
53
37
21
42
25
27
43
40
39
29
42
40
37
36
37
48
27
25
39
27
42
36
27
28
18
32
42
35
30
41
33
31
29
11
29
31
34
38
29
36
22
36
27
41
28
23
41
39
26
30
39
32
30
42
28
39
30
41
11
41
27
36
37
36
48
53
39
45
20
26
24
47
20
33
38
39
37
40
22
33
41
32
37
25
20
30
36
33
19
30
36
38
34
32
34
30
54
41
42
29
26
24
31
32
27
30
42
48
22
30
28
25
34
31
32
15
39
32
32
28
32
28
36
27
27
31
29
39
31
30
28
29
29
40
34
29
32
33
37
35
27
29
30
38
31
42
27
25
27
31
39
27
27
33
29
30
34
24
18
36
39
40
40
32
46
44
44
45
37
31
28
55
29
37
56
9
30
19
44
33
51
32
