27
27
44
45
35
27
33
37
31
43
40
20
33
20
37
24
11
48
42
36
28
39
38
26
32
32
39
31
33
23
51
31
24
37
40
32
24
23
36
38
21
24
35
37
25
27
41
31
30
40
33
27
34
25
24
40
29
37
17
33
33
31
38
26
24
40
30
36
28
36
40
17
45
30
25
30
52
37
45
36
37
25
25
16
32
27
10
31
32
21
27
32
35
34
54
31
36
20
34
33
37
29
35
29
40
27
27
38
30
21
42
25
38
36
33
52
29
38
37
34
39
36
28
26
32
26
37
38
32
31
51
46
28
45
32
36
45
28
39
30
29
34
36
29
47
33
36
38
30
43
38
34
15
26
11
33
33
25
32
45
35
29
38
13
25
38
34
31
26
36
37
26
29
38
14
32
24
38
34
54
37
25
37
33
25
49
27
38
28
36
32
27
26
29
33
43
33
21
21
35
39
29
38
31
29
37
37
37
33
32
38
36
45
22
31
35
28
39
28
38
30
37
36
34
35
31
52
35
41
47
33
51
32
32
34
32
29
37
31
27
31
38
33
24
28
25
32
20
33
38
55
43
68
47
51
45
48
31
46
58
46
55
58
61
64
47
41
54
45
50
53
40
43
54
53
49
55
49
49
53
49
63
50
43
66
27
51
52
40
55
38
54
54
52
59
35
31
66
46
46
42
47
46
50
48
45
34
39
55
54
50
58
49
50
42
68
42
47
46
55
51
61
53
59
49
50
48
41
56
52
60
41
45
46
42
44
52
53
53
65
63
58
53
47
48
52
58
58
50
45
46
41
49
48
51
58
44
46
39
49
51
47
55
37
54
44
46
50
30
52
53
50
39
44
58
50
48
44
41
64
51
49
47
32
45
42
55
48
53
55
40
47
48
47
29
47
47
50
48
54
46
60
56
52
55
70
51
55
52
46
39
54
53
35
65
53
49
41
54
49
32
49
52
58
56
39
48
53
59
69
50
40
47
48
62
43
54
62
66
51
54
50
53
29
46
39
60
45
48
51
69
30
40
35
46
52
52
64
42
49
46
58
50
63
50
59
46
67
52
52
45
39
48
48
38
38
59
45
47
27
44
29
44
50
41
41
55
56
52
49
61
57
44
47
46
62
54
53
53
54
