70
53
62
37
59
46
46
42
62
56
59
53
52
47
48
49
56
34
53
49
34
46
59
26
54
53
57
56
28
53
56
44
53
43
59
47
52
48
53
63
52
43
48
52
53
49
60
46
38
38
55
51
52
52
51
49
52
53
59
61
51
45
71
59
52
42
47
49
61
52
45
42
49
53
42
66
48
46
55
43
50
37
47
57
55
30
52
50
52
51
44
48
54
48
59
74
66
42
41
40
45
74
42
41
48
54
46
55
40
42
63
54
52
49
38
46
34
45
53
51
52
68
51
56
49
50
52
38
35
45
57
49
55
52
52
46
58
50
38
56
47
49
51
44
67
62
55
48
57
47
57
50
47
62
46
41
47
46
55
53
52
53
34
59
59
37
60
68
55
60
30
57
53
58
48
50
50
67
46
47
50
48
45
52
51
51
50
49
55
67
43
48
58
46
48
41
64
50
52
50
58
48
72
48
53
48
63
60
53
50
46
62
55
43
55
51
45
65
46
46
28
54
51
50
50
49
60
50
53
55
50
55
50
42
53
43
58
65
53
50
47
55
62
51
48
48
48
46
52
57
29
41
28
37
35
37
45
29
44
31
39
42
30
29
16
41
17
44
30
41
26
27
33
34
25
43
30
36
24
28
31
38
35
29
15
26
33
48
34
40
28
39
36
32
51
24
46
36
29
37
41
24
26
28
36
32
39
30
30
34
31
24
32
25
36
38
37
42
22
37
31
36
33
35
20
33
41
36
20
31
18
27
32
40
37
36
33
39
26
21
42
28
22
33
39
31
53
39
31
43
40
20
18
26
35
55
47
37
35
35
31
33
43
32
36
42
37
41
21
36
41
39
37
33
41
27
33
25
30
39
50
39
24
31
24
28
28
36
29
33
28
37
55
33
22
27
28
55
24
39
36
26
28
31
36
25
34
40
35
38
29
28
14
35
36
35
35
26
42
36
21
30
31
30
16
41
28
26
27
32
37
30
30
33
31
28
33
42
30
35
39
34
36
42
30
33
40
31
29
40
33
31
43
27
39
24
25
22
35
41
30
27
41
35
34
27
40
12
29
41
28
24
34
33
35
36
34
26
37
34
43
34
28
24
31
42
16
37
29
34
52
33
25
36
36
29
26
37
36
40
