33
41
29
28
37
35
28
17
25
29
38
37
43
34
30
25
32
27
37
32
21
22
35
23
30
37
35
28
34
33
37
21
34
32
33
23
43
26
40
38
5
53
31
27
34
19
42
21
32
22
25
21
28
30
49
42
22
36
24
39
39
50
29
35
41
40
37
31
32
28
28
37
36
30
43
53
35
43
31
22
31
28
33
25
31
32
33
31
29
40
39
27
37
48
24
42
33
33
39
29
32
28
32
41
23
41
32
23
11
40
29
34
42
38
34
39
13
29
46
32
34
33
27
52
31
32
28
40
14
31
18
37
30
34
33
28
41
32
30
26
37
38
34
23
35
25
38
26
43
33
38
39
23
24
24
41
24
33
41
26
14
28
40
43
40
51
41
34
33
59
31
28
23
40
40
52
30
33
36
34
35
39
23
28
34
34
29
31
28
39
42
37
38
36
36
27
36
33
41
35
37
21
28
34
39
37
31
25
32
38
42
34
53
34
52
36
33
32
30
31
48
29
35
27
45
31
40
41
40
35
34
30
36
39
44
26
37
37
13
33
32
14
5
45
23
36
45
28
29
38
52
44
55
44
52
55
46
46
58
47
49
55
39
54
67
72
50
65
55
53
53
67
41
46
58
40
51
65
54
47
60
56
71
47
57
39
41
48
50
49
60
49
49
47
51
33
61
55
60
55
64
59
42
42
44
56
52
49
49
50
49
56
34
48
41
40
51
60
49
50
49
67
40
51
51
37
52
49
69
53
39
61
57
53
42
56
53
42
46
58
45
57
50
48
44
43
49
43
45
51
47
41
49
60
47
48
48
45
48
51
50
56
46
55
51
45
41
54
37
47
64
43
49
43
54
51
50
39
62
49
51
50
48
44
51
41
59
54
58
45
45
51
52
57
51
35
46
43
41
41
55
67
51
55
46
48
49
41
56
65
56
38
46
53
47
56
41
44
52
48
59
46
57
47
50
55
40
49
47
54
52
60
47
51
37
48
54
40
56
29
54
67
43
50
50
51
54
47
58
46
54
43
60
54
62
48
52
59
49
53
51
66
62
52
39
52
41
46
62
58
51
55
70
51
56
43
57
48
52
48
49
49
46
52
49
48
51
49
53
51
72
65
44
39
49
40
50
54
41
52
