54
54
48
40
40
50
27
49
50
69
46
49
41
55
50
56
60
52
44
48
51
49
51
69
46
40
45
47
54
53
53
38
33
55
41
59
47
56
51
59
52
57
45
63
50
50
52
49
53
41
51
47
44
47
47
49
48
53
53
59
54
48
67
32
58
45
57
58
45
38
36
51
49
30
52
51
47
61
54
52
54
45
41
41
53
46
55
44
58
52
29
47
47
49
54
49
49
54
53
52
52
38
44
57
51
50
50
55
44
44
45
36
55
51
59
56
53
53
52
45
57
37
53
54
57
55
44
54
48
55
65
51
42
47
52
45
54
45
29
57
37
55
52
49
58
56
54
46
45
66
43
45
52
52
47
53
51
48
43
48
58
38
59
60
44
55
53
55
44
45
44
38
47
50
40
47
54
39
50
41
37
54
54
48
48
48
49
64
41
53
49
46
64
54
41
60
52
36
57
32
49
46
48
33
49
49
51
50
48
45
40
52
52
37
42
60
64
60
33
57
44
63
31
46
52
46
52
43
66
43
56
53
51
53
57
64
52
43
58
48
56
61
40
50
46
57
52
60
56
51
33
44
22
31
33
39
33
51
35
28
37
25
34
32
30
40
19
19
31
46
28
25
25
30
42
36
37
41
31
34
30
23
28
33
13
29
35
24
22
34
31
42
30
37
29
31
46
29
42
21
29
46
35
30
45
35
29
14
41
31
27
37
30
27
37
28
45
29
28
34
37
31
27
29
33
26
31
34
37
33
37
17
34
32
32
36
39
27
39
34
36
20
35
34
34
35
39
27
35
17
31
32
28
38
19
21
27
25
50
31
34
25
31
41
44
33
32
30
36
33
32
40
40
29
27
29
39
37
28
27
33
32
32
26
25
33
30
30
40
30
25
31
19
36
15
30
24
32
27
53
24
14
38
26
29
23
27
33
43
29
36
34
33
28
40
40
37
32
34
52
30
39
31
34
44
38
41
21
22
36
25
29
46
36
43
29
37
37
35
42
45
36
24
29
39
8
25
28
16
45
41
27
29
32
37
51
51
23
42
32
35
41
53
31
32
29
39
41
32
42
28
29
34
25
42
25
23
15
35
33
36
47
19
33
38
30
23
37
36
33
30
53
41
30
29
38
24
28
31
26
