61
42
57
59
47
56
51
52
42
49
55
51
43
47
55
46
52
71
43
44
44
52
66
49
56
57
57
46
34
37
48
42
61
47
56
48
52
58
68
54
59
57
54
26
60
48
58
49
35
48
45
62
44
53
40
46
59
52
35
32
52
62
43
41
55
52
43
41
51
50
62
52
52
52
42
48
49
36
53
49
55
50
37
62
41
68
60
36
53
51
38
50
34
56
52
50
35
49
43
54
54
49
61
52
52
49
58
44
45
65
51
73
42
51
50
30
53
54
42
46
45
56
49
51
54
55
57
63
57
48
51
38
52
47
64
47
51
52
53
41
58
48
54
51
48
60
50
53
48
64
54
56
39
53
52
46
53
49
65
53
57
77
42
57
48
45
46
57
58
42
57
47
46
53
45
56
51
46
52
44
49
66
47
50
39
41
54
52
57
68
49
42
64
49
49
56
53
66
55
48
52
41
58
52
63
52
52
49
50
56
49
39
45
61
51
53
40
46
53
44
53
48
41
42
49
28
50
44
54
43
42
30
30
52
43
50
44
54
51
58
56
53
53
50
59
41
65
62
50
34
35
28
36
32
42
30
28
24
33
31
29
32
49
31
34
34
32
24
26
31
27
29
33
41
26
27
32
37
9
26
36
44
32
19
39
35
33
42
33
42
33
24
20
14
38
34
26
35
31
45
13
30
27
52
48
36
42
32
28
32
48
31
41
59
20
23
37
24
50
33
40
35
22
41
42
31
24
34
27
29
20
36
35
38
20
14
33
42
35
41
42
41
41
37
27
35
37
32
50
22
22
48
20
36
17
31
28
17
31
29
38
31
47
40
41
5
37
40
40
30
42
32
42
36
33
32
36
26
25
33
34
31
45
25
27
42
33
29
24
30
31
40
27
40
34
34
37
20
49
25
27
33
33
35
31
41
15
44
28
24
42
29
32
35
35
30
29
48
28
27
41
25
28
22
30
37
31
39
40
45
38
37
31
33
30
37
34
48
40
37
37
35
23
23
42
35
42
33
38
35
38
29
45
46
32
46
26
44
26
36
38
32
32
29
35
32
38
37
37
31
30
27
32
30
34
30
24
34
30
37
36
32
33
38
36
12
32
36
48
43
37
30
45
31
24
48
32
25
32
37
