39
41
34
40
43
36
41
39
34
32
35
27
28
32
37
35
46
38
51
30
36
33
30
29
38
31
21
28
38
33
35
28
40
51
38
30
37
26
41
41
38
30
33
34
19
35
14
37
36
33
27
45
36
37
34
37
38
31
28
27
22
35
36
13
27
28
26
24
37
34
37
29
30
18
40
49
27
35
34
35
28
31
49
25
28
39
32
31
32
31
28
36
41
33
45
19
36
21
21
36
36
33
37
41
34
35
51
42
24
33
17
44
30
32
29
44
42
45
34
31
31
36
36
39
29
24
38
32
29
35
39
39
30
25
33
28
33
37
29
22
32
37
29
30
54
24
32
48
46
37
29
19
36
41
21
32
36
24
31
33
23
25
25
37
37
29
43
32
15
34
32
35
36
51
48
34
37
46
31
32
44
31
23
32
32
34
36
33
40
53
22
38
36
25
23
34
38
43
38
38
28
22
30
36
34
38
18
21
36
25
35
24
23
30
35
31
37
38
47
50
36
37
33
39
34
37
35
22
21
25
48
41
48
30
31
41
48
33
35
23
43
31
41
30
33
40
29
32
39
31
45
55
62
52
50
40
53
55
47
43
62
38
55
54
53
51
49
47
39
58
46
44
57
53
47
52
51
56
55
58
52
53
44
47
59
76
31
59
55
51
51
50
49
51
61
50
60
53
50
49
62
34
28
75
52
54
57
54
53
55
47
50
49
52
50
51
47
44
57
59
40
46
49
30
34
65
44
55
40
57
64
45
50
49
50
54
42
35
43
49
50
41
48
47
46
47
42
41
48
41
45
45
42
54
60
56
44
40
54
49
51
55
50
41
52
51
50
65
48
60
59
52
43
51
47
41
48
48
53
68
56
58
32
45
55
65
49
59
41
54
46
55
31
37
49
66
45
49
62
46
35
47
47
59
60
60
42
42
52
55
44
46
43
60
44
56
62
46
46
46
50
53
54
38
62
58
60
36
53
42
54
53
50
42
50
52
33
46
28
55
49
40
38
47
68
58
44
54
61
49
49
59
39
40
44
55
56
47
36
49
54
51
39
54
44
48
51
42
69
59
58
52
44
49
49
60
35
49
48
48
43
48
57
54
53
45
41
70
54
63
45
71
55
48
39
60
45
54
54
53
