41
50
53
51
51
47
35
62
48
56
52
61
54
51
42
66
52
35
47
50
51
50
43
44
61
54
50
44
51
55
55
34
50
35
49
29
51
57
48
55
53
51
51
56
46
39
33
49
53
51
55
50
44
60
51
53
64
41
45
50
53
40
51
41
45
58
54
50
34
55
50
42
69
53
58
53
64
42
51
63
70
50
51
46
48
52
49
50
42
47
52
54
47
66
42
58
47
30
51
47
35
49
48
45
75
38
51
47
36
49
71
48
44
55
53
39
31
38
50
44
49
42
61
52
64
46
46
47
57
62
56
45
48
59
41
48
48
48
41
56
41
52
62
47
49
32
46
51
54
70
49
68
49
73
50
55
54
53
58
62
37
63
42
49
25
50
41
31
50
48
44
48
43
46
62
44
53
51
55
53
54
56
62
51
45
35
65
49
45
43
54
56
43
41
52
58
51
46
60
52
28
30
44
45
54
48
60
68
52
44
51
53
55
41
28
49
54
53
50
47
49
47
51
59
44
51
48
45
43
59
57
44
58
48
53
27
51
62
50
52
49
49
58
50
58
49
38
41
55
50
34
28
29
39
37
6
31
36
27
24
29
34
26
30
38
29
27
36
24
42
17
40
28
34
32
29
39
51
30
41
39
31
43
41
16
31
12
40
42
32
25
31
34
34
44
32
41
35
40
31
31
20
36
44
45
34
26
34
31
34
29
41
34
35
33
30
27
21
33
24
49
35
28
34
31
36
25
56
30
30
47
43
25
45
35
35
43
26
30
32
25
26
29
29
29
26
31
22
31
25
32
27
40
15
52
29
37
30
46
35
29
20
37
39
35
37
35
47
32
37
14
32
32
40
27
29
31
48
35
36
43
27
31
28
41
36
31
40
32
30
26
33
35
31
35
31
35
41
22
27
45
39
27
44
29
44
38
40
32
42
29
38
33
30
18
36
28
40
44
21
37
12
26
42
31
46
43
41
33
23
35
34
35
36
37
41
51
20
28
38
24
24
24
28
28
30
43
30
50
39
30
39
39
9
26
34
38
22
42
31
33
31
29
31
35
33
29
38
36
27
38
34
33
34
29
29
36
41
34
41
43
42
44
36
35
25
31
46
31
29
25
29
53
25
45
41
29
42
20
28
