34
37
38
37
36
35
36
45
31
31
15
48
31
36
33
28
14
16
49
34
41
27
45
24
37
38
35
33
26
48
32
41
35
41
30
34
38
28
27
25
29
31
47
31
40
35
36
21
29
39
40
54
42
30
32
41
25
39
35
34
32
29
28
28
39
28
38
20
30
39
52
38
37
41
45
30
35
44
32
39
24
31
25
28
29
24
28
28
25
34
32
35
27
33
32
42
38
26
40
30
32
36
38
42
17
42
30
32
32
40
43
46
37
34
32
30
21
37
29
50
40
40
40
28
44
34
39
32
41
51
41
36
33
32
26
30
34
25
26
20
26
37
38
28
35
32
37
46
24
29
23
32
32
34
34
40
31
38
22
38
12
39
38
53
35
39
33
41
22
40
30
49
32
43
37
49
36
32
32
28
40
37
24
24
41
17
36
37
38
30
21
31
25
35
35
33
30
5
20
24
21
35
25
25
29
30
37
33
30
31
41
37
33
36
22
17
34
55
40
36
33
47
41
29
43
19
32
38
38
36
34
27
28
36
34
29
29
38
33
37
33
28
31
37
19
29
38
44
35
22
34
40
39
35
33
30
41
32
34
34
32
29
30
43
31
36
25
37
36
21
31
41
34
28
35
38
35
53
33
26
33
33
33
26
38
43
31
28
36
19
32
36
41
34
33
21
39
22
38
38
33
25
34
29
27
33
29
42
35
28
32
33
32
30
22
30
44
26
38
32
35
32
23
35
48
34
37
35
30
38
33
38
34
29
34
23
53
45
13
37
31
30
29
40
41
52
40
40
21
14
22
39
35
30
26
30
46
26
20
33
25
28
34
35
41
38
37
31
41
18
36
32
29
34
36
42
38
41
33
32
33
26
31
31
19
31
34
27
47
34
29
31
38
31
27
46
27
29
26
30
40
29
28
10
50
32
34
29
27
21
31
44
31
23
25
33
30
30
30
34
33
19
36
31
34
25
33
30
20
36
30
46
30
37
30
28
49
36
31
32
30
39
27
37
24
47
39
39
38
38
23
33
40
33
34
39
36
30
27
36
38
25
41
45
21
31
38
36
30
35
33
37
31
43
42
30
31
36
46
35
52
24
32
17
33
43
35
29
24
44
27
24
18
30
31
32
25
44
34
35
