36
45
33
24
28
19
26
29
29
36
32
34
37
47
34
35
16
41
27
17
34
29
37
29
35
23
34
24
38
20
33
38
34
56
26
31
16
30
28
30
15
33
34
35
32
34
24
36
28
27
32
30
31
27
31
32
45
30
15
16
35
59
31
37
22
39
8
20
27
31
32
27
26
43
36
27
33
45
48
24
33
46
36
54
38
27
33
34
33
31
26
26
45
28
36
30
34
31
40
34
34
37
35
32
20
35
35
35
34
35
38
24
25
35
44
42
41
41
30
32
44
36
42
28
28
56
42
34
27
10
34
47
20
30
33
19
28
49
25
34
37
29
23
37
28
29
34
21
51
28
32
34
22
21
35
31
31
38
31
36
45
30
40
22
33
39
25
31
33
34
29
39
29
27
39
31
28
28
26
33
28
34
40
29
23
28
28
34
25
42
22
40
31
37
33
26
27
32
33
27
27
29
51
52
23
37
41
39
25
45
40
35
32
32
39
38
28
16
37
50
31
29
33
27
30
41
37
32
24
25
36
28
25
34
37
23
54
31
36
43
36
35
39
35
34
23
18
28
32
22
54
54
47
42
56
51
55
48
50
66
59
60
46
54
46
50
50
64
52
50
51
44
44
38
62
53
50
47
36
59
53
51
51
55
53
48
51
66
55
39
58
62
51
48
43
52
56
30
38
57
61
61
44
62
60
38
49
50
62
52
42
67
49
54
50
40
54
38
49
70
46
46
59
53
49
35
49
48
51
57
55
53
42
45
62
62
55
50
45
52
51
45
40
44
53
55
51
54
52
30
40
64
58
46
47
61
51
48
46
50
51
57
55
55
74
54
51
40
61
51
53
45
61
37
44
62
46
47
52
52
45
59
61
65
54
43
50
52
45
51
62
57
35
50
38
50
40
50
54
48
34
45
50
51
58
40
52
52
54
50
44
43
53
52
42
63
36
48
59
52
47
53
42
68
31
51
45
51
49
48
43
47
54
46
50
56
46
52
62
50
50
52
52
44
60
46
51
48
51
49
56
50
58
57
60
49
51
47
56
43
57
54
52
55
46
63
43
47
44
53
54
52
44
41
51
50
54
64
46
46
59
67
52
55
46
46
40
53
53
45
42
46
54
30
53
53
49
43
52
44
