32
31
30
29
38
32
29
30
20
34
38
30
30
40
32
52
28
25
37
25
29
38
25
34
28
24
48
36
24
26
28
36
45
37
27
32
35
33
38
37
40
31
33
30
20
54
40
30
45
35
50
31
48
41
14
29
34
29
34
37
50
35
43
22
42
21
32
41
29
28
31
25
26
33
29
34
47
22
38
39
31
23
30
39
36
10
28
16
38
27
37
30
23
34
30
20
27
45
40
38
30
29
54
36
37
28
39
29
30
39
36
34
40
54
31
24
27
39
37
47
47
27
26
26
28
39
32
29
34
32
41
33
31
33
32
37
26
32
42
34
44
50
36
34
36
19
32
26
19
27
35
27
32
41
31
38
42
28
22
37
30
35
51
33
15
23
34
25
38
30
24
23
42
36
29
33
27
27
40
23
32
37
29
46
38
40
29
12
32
28
24
17
30
16
34
36
27
36
54
39
41
34
25
34
34
43
43
42
39
34
51
27
27
27
33
24
31
35
39
34
31
26
32
31
13
29
14
35
16
55
40
46
33
26
45
41
26
35
31
34
31
31
41
38
36
38
41
24
27
26
64
57
49
52
47
55
46
49
55
54
56
43
65
51
47
56
51
52
48
61
44
54
60
51
59
46
43
49
53
49
54
47
45
54
47
48
53
45
45
53
51
50
55
51
50
44
64
52
45
54
48
58
44
53
55
55
51
58
55
64
50
64
46
68
45
56
51
62
39
44
65
70
57
55
50
47
34
51
42
42
54
54
51
45
60
44
55
60
57
37
63
42
60
44
65
56
55
35
57
49
28
44
68
53
52
64
49
54
53
49
51
53
47
53
48
45
59
45
49
45
52
51
36
41
60
62
49
49
52
51
38
50
57
55
62
42
50
53
47
47
64
58
60
47
43
56
63
54
42
62
47
52
50
52
47
44
62
36
62
47
40
56
52
52
38
44
53
53
50
31
49
42
71
37
49
44
55
51
56
55
63
63
38
54
55
41
53
50
58
55
48
52
27
51
47
59
49
64
62
53
49
53
44
57
55
63
37
51
47
47
44
48
61
48
41
48
54
44
44
56
53
53
47
55
52
48
47
47
64
45
55
55
45
36
54
43
36
47
52
40
57
49
50
42
47
50
43
45
49
23
