58
47
52
52
49
53
49
56
33
54
50
58
59
30
52
55
46
53
39
47
53
50
49
32
55
48
56
54
53
50
46
49
43
49
55
43
42
46
44
48
55
59
51
46
49
58
42
44
39
43
47
54
50
63
57
45
47
44
58
45
54
51
50
58
59
47
48
60
42
47
63
51
53
48
45
45
47
45
41
56
49
51
48
35
41
59
49
49
53
30
49
70
41
50
54
53
43
51
74
42
49
47
53
44
59
55
47
52
40
47
44
48
67
49
59
44
46
46
50
51
60
44
52
41
50
64
32
49
60
54
50
58
54
68
50
50
46
49
59
45
48
55
55
64
69
62
46
43
50
43
46
45
52
65
45
50
58
50
57
49
47
47
56
48
43
69
34
46
43
46
30
57
64
54
50
43
70
52
50
51
56
53
61
45
53
57
53
47
44
49
49
38
44
45
50
61
43
42
47
61
40
49
44
51
59
50
39
49
43
49
36
41
60
47
52
54
57
43
38
55
52
41
48
42
38
52
60
55
52
62
60
49
52
54
37
60
53
53
52
41
44
43
47
53
45
59
51
55
46
58
38
48
37
27
23
36
25
35
37
35
35
55
37
34
31
38
33
24
46
49
36
31
36
40
44
29
33
38
33
49
51
48
41
34
31
6
37
40
43
24
35
41
32
25
39
45
22
34
39
31
28
26
30
30
29
45
35
35
27
39
36
32
19
33
32
27
27
32
33
23
25
36
34
31
50
31
38
23
32
30
24
39
32
46
34
38
25
45
39
32
41
28
24
63
28
41
27
27
37
28
34
39
21
36
55
34
44
33
28
30
41
31
37
30
35
38
21
22
28
34
27
33
34
33
40
41
30
40
38
38
42
37
26
34
34
31
34
34
38
28
31
17
31
48
21
32
41
22
33
35
37
31
29
46
21
30
32
24
35
31
36
33
33
23
29
23
35
25
30
29
32
22
32
35
30
30
36
36
32
32
49
35
41
22
37
39
18
29
33
28
39
41
32
41
23
18
25
30
41
19
25
24
23
39
29
33
37
34
46
33
33
28
32
37
32
39
22
29
25
17
30
37
35
29
33
43
36
32
28
40
25
28
29
10
36
28
35
30
28
50
23
38
32
33
25
34
33
49
39
26
