35
41
29
43
36
30
29
33
33
31
37
31
30
26
28
35
26
39
34
34
25
19
25
39
27
46
32
38
31
29
30
33
19
41
41
31
35
31
32
41
51
34
41
37
44
34
19
36
30
37
32
30
29
36
31
40
25
47
38
35
13
26
30
25
33
45
37
35
23
36
35
34
24
27
22
26
34
31
33
35
32
44
30
27
32
39
30
35
32
41
43
40
43
26
30
26
38
27
34
25
35
31
40
33
34
44
28
34
28
24
21
32
29
37
40
29
38
36
45
35
30
24
33
23
32
31
27
34
47
28
23
30
29
31
31
32
32
29
36
31
34
30
31
32
36
41
24
21
35
41
38
31
29
23
37
47
42
44
38
31
34
27
36
31
31
38
42
34
42
28
38
40
36
34
26
24
19
28
28
30
15
42
29
37
34
39
38
32
39
27
29
30
33
23
36
31
34
30
36
32
32
34
35
42
52
34
40
33
35
34
33
39
35
26
30
20
32
32
35
37
37
30
35
33
26
29
34
27
30
39
32
46
36
27
43
25
41
39
12
37
18
24
45
36
28
36
35
24
45
37
44
55
59
42
52
66
51
65
38
51
47
41
29
45
57
78
58
51
53
51
54
39
54
59
48
49
49
55
54
34
48
52
41
48
39
55
47
66
40
48
40
36
52
48
46
62
48
64
48
50
60
45
44
78
45
60
64
50
37
58
28
44
51
60
54
75
53
59
56
50
55
41
52
42
45
45
53
48
47
43
63
50
48
64
53
48
47
40
47
46
62
49
50
62
57
50
54
37
51
39
50
51
49
50
39
52
60
47
42
45
45
46
52
49
52
46
59
48
47
46
50
62
43
47
58
49
56
47
45
54
63
56
48
45
53
51
49
28
50
63
50
52
60
49
49
41
50
52
53
42
42
65
39
40
49
56
46
40
41
46
64
52
44
53
55
44
49
45
54
48
58
49
67
55
42
42
49
43
53
45
38
50
49
53
60
49
41
54
38
48
54
55
48
43
44
54
52
47
54
50
61
47
54
51
52
66
57
55
53
57
51
53
52
42
43
57
51
54
58
47
48
61
66
59
70
39
61
64
51
53
47
51
46
44
44
62
45
54
48
46
68
68
65
41
34
35
49
49
57
55
