50
52
47
47
60
52
44
51
50
44
56
39
53
66
50
45
51
39
51
45
58
53
54
55
48
54
56
48
44
45
51
49
37
49
29
65
49
65
56
42
46
54
79
45
58
38
52
38
59
51
47
46
49
46
52
47
46
54
52
46
53
62
37
54
51
54
46
43
48
54
49
44
60
57
59
60
54
53
47
49
51
52
61
60
36
51
51
49
42
49
48
42
39
42
46
41
52
53
48
50
35
40
43
53
45
58
50
46
45
39
55
59
58
49
36
46
57
52
50
53
55
52
58
62
49
38
43
54
39
42
58
57
56
45
42
62
37
64
44
53
53
49
44
53
52
50
46
60
54
43
65
64
32
43
61
57
59
43
44
48
40
51
52
53
52
60
38
45
48
59
47
48
45
46
47
49
58
54
52
58
38
47
51
51
41
57
54
54
46
62
41
56
48
49
57
44
43
49
52
46
49
61
47
56
41
61
60
47
54
54
54
63
44
43
50
51
51
34
48
50
46
56
31
46
36
62
49
59
42
51
47
44
41
54
50
58
54
58
51
66
38
56
55
51
56
34
42
47
56
72
36
38
34
30
38
27
31
25
32
48
28
23
39
35
37
30
32
40
22
37
47
51
33
34
21
32
54
20
27
30
27
24
38
24
38
44
38
31
37
22
41
30
40
26
41
32
37
38
30
38
34
29
34
25
35
20
39
26
55
48
26
25
30
29
46
32
31
31
26
36
16
36
26
40
33
37
39
30
26
38
42
31
31
35
35
26
27
52
28
28
54
49
20
40
31
31
32
32
12
37
37
47
35
28
33
40
25
45
23
33
23
34
39
48
16
22
40
28
47
40
32
37
42
55
24
27
32
33
42
28
30
41
26
38
32
41
26
25
26
31
24
36
50
30
44
41
27
40
38
27
41
41
35
28
31
19
32
55
22
44
24
32
32
27
41
41
54
24
26
34
46
36
23
8
29
38
44
54
19
36
39
42
29
17
29
35
35
34
27
44
39
36
41
24
11
29
29
32
20
32
34
39
31
28
23
39
33
33
32
22
23
33
34
28
31
45
33
34
28
21
39
31
40
33
23
33
21
26
33
40
20
38
44
14
29
34
33
37
36
31
53
46
34
29
30
34
37
47
34
39
