33
71
36
45
56
45
50
61
66
54
71
49
55
52
52
60
33
37
31
47
40
47
48
32
55
40
50
48
54
41
37
69
40
50
44
42
49
48
52
50
52
44
40
44
51
42
49
66
55
49
45
53
46
53
50
62
45
52
44
58
66
49
40
46
50
47
46
57
47
66
47
41
47
41
37
56
61
54
57
53
35
64
53
60
47
44
61
43
49
51
51
52
46
55
52
54
59
50
61
47
44
61
47
49
51
46
37
47
64
65
53
46
65
58
50
40
45
23
41
46
43
48
49
54
40
38
47
42
39
57
45
59
45
41
41
44
49
48
60
42
53
54
45
49
47
54
61
32
46
57
52
69
52
47
50
57
53
51
46
63
43
62
51
57
43
65
54
55
58
49
34
50
47
53
46
38
53
55
54
56
45
43
47
53
49
56
61
47
44
55
51
54
61
65
47
57
57
42
52
43
56
60
53
54
65
52
48
46
49
40
49
43
54
55
59
59
50
61
48
53
54
41
40
63
46
50
47
48
55
48
42
69
57
48
51
41
65
59
55
50
51
65
51
40
62
34
59
61
48
50
36
31
28
24
24
32
29
35
30
22
51
40
23
39
28
14
27
32
27
36
32
43
38
24
29
30
33
17
42
33
23
23
34
9
16
33
30
36
35
25
27
36
35
25
29
29
38
46
32
27
36
34
32
36
32
29
22
21
47
29
26
33
27
22
34
29
37
26
37
32
35
37
39
27
31
41
34
41
24
35
42
36
47
27
31
32
32
36
35
40
31
24
32
50
37
30
32
39
32
31
42
23
40
33
32
23
28
16
34
32
39
26
34
39
43
30
41
34
31
34
34
47
32
33
41
43
30
32
31
24
7
31
44
42
38
54
36
24
29
39
32
41
22
26
35
27
37
34
26
28
44
32
31
20
34
31
31
30
33
34
28
38
38
32
27
34
46
37
33
43
31
30
44
32
28
30
35
28
32
32
17
17
36
51
28
35
54
39
37
31
35
28
29
32
34
28
27
35
21
17
30
21
27
41
41
32
34
41
44
28
31
37
34
34
34
21
22
28
22
27
30
55
33
27
40
22
28
27
36
40
18
39
27
33
34
30
38
45
37
36
41
31
21
32
30
30
39
35
30
36
