43
32
53
33
34
39
39
34
27
34
38
29
33
32
43
30
40
33
28
31
29
33
26
31
40
15
44
34
38
31
38
37
14
42
28
28
39
38
21
23
31
44
20
28
33
33
32
34
36
33
39
34
16
38
27
26
27
34
19
35
37
25
21
28
29
27
39
26
45
27
50
47
37
42
36
34
18
35
24
21
34
32
20
43
38
28
33
21
20
39
21
20
34
24
24
33
27
38
31
35
35
47
36
42
39
24
38
23
26
34
31
45
28
38
50
31
30
36
39
23
23
35
35
34
33
18
33
25
22
32
21
37
42
32
39
37
34
27
22
27
28
33
32
10
28
30
37
36
36
26
29
32
37
43
37
35
28
30
32
17
34
39
30
25
27
12
33
35
29
39
42
43
36
33
37
36
8
37
39
44
44
33
28
32
37
30
33
36
31
30
30
22
37
45
31
33
34
39
41
28
28
27
40
36
36
32
34
29
41
23
33
39
51
34
37
32
37
36
29
23
21
27
35
26
41
28
43
34
19
33
37
19
37
17
30
39
36
30
39
34
49
33
29
22
41
41
34
41
32
31
41
55
65
48
55
45
45
41
48
55
45
49
46
49
52
54
44
50
39
60
54
37
48
52
68
59
47
55
50
55
50
52
28
60
46
50
56
59
43
65
55
52
52
59
58
55
72
45
43
52
47
48
47
41
45
52
51
60
37
55
52
46
63
50
52
48
51
38
64
36
53
40
59
43
60
54
48
49
44
45
55
44
50
52
45
27
43
59
52
52
59
58
52
53
48
60
50
33
72
48
43
49
30
49
51
52
53
50
52
38
48
51
50
65
40
55
47
35
43
49
59
47
39
53
47
47
51
52
46
48
51
65
48
42
64
51
55
48
52
44
41
61
55
36
52
49
61
58
46
46
57
64
46
41
43
56
52
52
60
52
54
56
59
50
50
48
51
52
50
48
47
51
50
52
61
48
39
52
44
29
55
50
45
50
53
40
46
51
55
41
65
57
65
51
63
41
52
55
44
53
56
36
42
53
65
53
36
60
45
47
44
37
55
53
35
63
52
50
64
38
51
55
45
41
55
64
49
53
50
50
59
50
54
52
52
38
47
43
49
56
45
57
46
52
51
40
40
56
56
41
