25
38
27
11
32
38
38
41
42
27
5
34
25
24
33
32
19
28
32
29
17
36
30
41
42
32
38
33
32
9
36
39
27
31
45
31
25
32
20
38
31
25
25
36
30
25
16
30
32
39
39
21
24
43
30
37
27
35
23
26
27
38
38
31
48
35
22
54
30
34
31
39
43
41
36
28
40
30
27
31
27
35
28
23
29
27
37
33
33
41
38
38
38
29
33
37
39
24
30
29
27
33
26
25
31
33
36
30
47
39
36
39
38
28
36
29
37
29
35
36
25
36
34
41
27
36
26
30
27
25
30
31
39
46
24
35
44
22
37
25
41
39
38
24
36
35
40
44
42
25
29
41
41
18
21
45
20
32
28
39
37
56
28
32
37
33
39
30
37
37
38
22
35
39
33
32
26
27
24
33
31
32
22
22
41
35
30
28
37
38
47
28
29
32
39
49
40
32
34
30
34
49
16
32
32
41
20
44
26
32
33
35
33
9
18
30
31
15
23
20
39
33
23
39
31
39
26
41
39
40
32
38
30
14
22
29
22
37
27
44
34
12
28
22
43
38
31
33
39
39
47
43
53
50
59
47
44
56
51
60
54
27
60
45
50
39
46
58
51
43
50
43
79
47
45
35
47
55
50
48
40
29
52
49
54
47
50
44
58
52
50
56
43
59
50
44
52
58
58
65
53
47
61
48
52
35
34
46
30
56
48
40
64
62
44
53
59
46
49
44
67
72
47
43
37
49
56
73
57
57
53
41
57
51
29
47
52
37
41
43
55
35
30
54
53
34
49
55
52
29
52
50
55
51
54
43
44
49
59
47
54
57
34
52
49
49
25
59
45
53
57
60
42
60
46
45
55
60
53
47
54
43
66
48
52
50
63
45
54
64
71
40
44
47
70
58
45
42
30
49
46
45
55
55
49
53
48
72
37
58
53
64
48
49
47
46
27
46
63
39
55
48
47
54
49
50
58
55
48
32
45
54
54
54
52
49
45
53
36
56
52
30
43
50
48
47
45
53
50
47
51
71
50
51
49
51
41
43
56
62
54
55
45
46
65
60
44
63
49
50
51
47
49
46
62
42
44
57
45
51
48
54
50
53
36
67
49
53
26
45
50
60
29
46
60
56
51
44
39
45
