50
46
36
46
53
51
37
51
52
73
59
50
45
34
37
49
63
46
54
52
58
48
27
45
45
57
60
56
63
47
48
54
41
49
71
62
50
42
47
50
45
59
55
65
49
35
46
44
52
64
50
51
56
50
43
48
60
60
65
48
31
46
41
51
59
56
53
44
49
47
50
49
60
52
34
50
50
42
47
53
47
51
59
45
47
50
48
58
65
55
54
43
48
52
64
51
57
50
47
55
51
52
50
51
54
58
55
51
58
53
19
60
49
49
49
60
53
47
53
49
58
42
58
48
59
54
60
46
51
50
43
49
42
36
50
55
45
46
46
56
40
55
57
63
40
42
42
49
54
48
62
40
45
46
59
44
50
51
52
53
52
57
65
53
52
52
43
45
56
42
46
43
54
62
48
47
48
57
42
59
60
38
43
51
54
41
51
50
53
48
46
54
48
45
41
35
52
46
47
60
54
44
44
46
57
52
52
48
36
55
54
38
47
55
53
50
49
53
46
54
44
53
67
41
49
51
47
38
61
48
49
40
53
50
57
36
46
45
47
56
43
39
70
45
57
40
52
46
50
35
38
49
39
25
33
36
35
25
39
38
22
30
33
4
29
43
21
36
20
50
41
29
22
50
39
17
38
31
43
31
36
35
36
47
29
29
31
35
33
25
37
21
33
37
59
24
20
35
22
28
27
30
28
29
46
38
34
35
41
46
53
33
35
30
25
32
18
24
47
19
25
33
33
34
36
41
32
25
51
37
29
20
24
38
36
31
28
38
26
21
34
31
38
16
47
34
41
26
45
30
34
34
41
12
42
38
30
22
22
34
32
26
26
33
33
32
29
44
31
36
14
34
32
27
29
33
20
33
32
32
21
35
30
39
25
34
30
37
28
32
28
31
33
30
34
28
20
32
49
32
41
31
27
31
36
17
36
38
9
25
27
34
36
39
34
35
40
32
27
39
38
32
21
36
23
43
28
35
29
17
26
21
33
37
39
37
50
36
46
31
39
24
28
30
23
25
20
20
39
24
31
30
30
28
37
34
27
39
33
27
38
31
45
42
34
40
41
26
41
30
38
38
22
19
44
46
28
46
36
50
39
20
39
40
31
23
32
27
18
20
25
40
37
39
28
25
34
40
38
32
