61
44
38
63
54
50
48
51
60
47
50
52
44
45
40
45
31
50
50
48
39
48
50
51
40
50
53
32
45
44
50
64
52
65
38
61
54
38
52
49
21
50
45
40
55
37
57
49
48
51
48
54
50
47
75
54
43
23
69
34
41
54
53
51
48
57
57
55
64
44
54
62
22
50
46
36
55
52
45
57
50
42
65
49
51
39
41
56
39
47
57
50
57
65
52
49
46
49
51
63
39
47
58
56
41
58
44
28
48
50
60
53
55
58
50
52
55
47
47
50
54
53
58
63
55
57
52
54
52
47
49
41
55
70
37
59
63
56
48
46
39
49
68
55
36
48
69
48
50
54
56
75
52
53
65
27
53
53
37
53
58
44
58
38
50
49
44
51
49
54
58
32
51
40
45
59
51
67
44
47
47
41
47
44
49
58
63
47
45
44
45
47
51
37
53
65
49
44
38
50
55
46
49
49
65
60
56
50
54
57
40
54
49
52
47
63
53
49
38
43
57
49
47
55
56
65
53
43
49
50
58
44
53
40
35
51
45
47
39
37
47
51
47
61
44
56
52
43
40
47
23
17
34
32
40
32
35
33
23
26
36
31
45
25
33
33
27
21
41
30
22
33
28
36
43
21
36
27
28
32
34
35
36
24
29
37
26
35
23
34
32
36
45
27
31
39
33
33
31
24
28
32
31
37
30
26
31
41
44
17
28
34
30
44
38
25
41
39
37
30
56
45
28
30
33
20
31
35
6
40
39
22
29
31
24
42
29
37
40
39
33
29
33
36
31
34
34
36
24
36
39
29
40
27
27
42
40
36
36
34
29
31
41
48
20
27
27
36
29
35
41
45
25
32
30
41
21
41
35
30
51
22
37
30
37
34
27
24
34
24
48
18
30
30
41
25
28
21
33
38
27
48
27
33
30
27
20
46
37
30
34
35
32
42
49
37
28
29
40
44
19
41
41
40
24
30
31
43
42
33
34
48
25
37
30
33
41
29
31
29
33
25
34
30
31
30
32
39
38
39
18
28
33
39
34
25
26
39
41
49
48
23
27
48
30
28
37
20
38
31
29
38
38
37
28
30
21
30
33
38
31
31
37
38
45
36
45
32
38
41
40
46
51
44
33
24
37
32
39
33
