31
54
53
35
57
65
57
52
53
46
45
49
33
55
49
49
47
48
57
53
49
30
48
65
36
51
57
48
53
49
48
57
48
42
60
51
48
50
30
54
45
44
62
57
54
71
65
51
55
56
61
57
64
59
38
66
51
59
56
51
46
52
52
37
48
51
41
52
47
51
54
37
53
47
51
38
58
47
43
50
44
47
53
45
50
47
56
45
53
53
47
53
29
51
27
55
45
49
48
50
46
46
59
57
44
49
49
45
44
54
65
54
49
43
39
48
45
48
47
54
30
47
54
58
58
47
69
54
53
53
50
35
54
54
51
46
41
28
61
45
53
47
46
41
54
51
55
40
65
49
46
61
45
66
52
47
51
53
51
35
60
48
50
38
59
51
53
54
46
55
50
55
61
52
53
36
52
57
71
54
44
57
58
47
53
47
59
53
44
47
42
47
66
51
57
39
38
43
47
52
55
48
49
54
62
47
41
45
48
72
43
51
59
65
58
53
56
45
45
65
58
48
50
61
48
50
59
51
38
57
46
43
75
37
48
54
44
48
58
57
47
56
56
48
63
43
51
49
45
42
36
37
35
30
43
42
43
36
25
27
50
11
37
21
30
8
30
37
26
29
37
39
25
35
20
27
44
31
27
48
29
38
40
26
34
28
34
44
43
44
17
36
40
25
39
36
56
31
7
31
26
32
32
35
34
27
26
52
45
44
32
37
20
26
33
34
29
38
32
30
36
23
34
48
31
31
29
36
36
40
59
31
41
26
51
22
22
25
40
36
32
33
35
38
38
40
32
32
36
31
33
17
40
31
31
31
37
29
29
32
33
35
31
38
27
22
54
32
37
20
13
30
26
36
32
20
44
43
37
41
33
19
21
55
31
35
33
40
32
30
27
32
30
38
27
29
32
42
24
17
31
27
16
31
35
27
42
27
36
25
36
30
32
56
14
35
38
39
39
34
34
9
37
26
29
27
35
23
36
36
40
27
36
44
24
35
29
36
37
37
29
27
28
25
34
39
37
35
47
14
34
23
31
26
43
26
32
46
35
27
32
19
37
32
47
46
31
29
36
30
35
29
37
19
28
48
40
29
33
27
29
36
26
32
23
28
44
41
24
25
27
44
33
27
40
30
28
30
37
29
