26
56
36
32
28
38
36
38
49
31
48
31
36
31
26
48
22
31
39
24
35
19
28
30
39
33
35
31
47
39
59
35
26
53
36
16
23
30
34
36
34
33
35
33
40
30
40
28
42
41
21
14
39
28
17
17
40
20
48
17
32
51
48
44
44
38
39
25
9
47
33
40
38
45
20
34
31
40
25
23
35
30
34
41
37
38
31
33
36
36
35
25
31
25
31
40
35
33
27
35
37
29
44
17
31
32
32
38
33
38
36
45
31
20
28
31
41
31
34
24
23
22
42
31
34
32
27
23
37
37
30
22
37
43
30
53
39
33
26
31
31
20
29
35
34
22
41
40
31
22
33
39
29
33
24
33
16
27
45
33
32
33
11
36
45
48
28
30
32
37
28
38
11
31
21
33
31
25
23
36
31
34
33
35
28
33
36
38
41
27
34
38
32
38
25
15
32
29
37
46
39
40
39
38
36
33
43
26
32
25
19
62
31
33
34
39
50
40
34
49
39
10
31
36
32
25
42
34
23
35
27
39
32
31
32
26
9
40
40
43
28
27
40
44
36
41
36
16
35
35
46
62
44
53
48
41
43
66
52
50
51
53
55
54
55
49
47
54
50
52
53
53
55
54
50
43
57
47
50
48
56
57
52
52
42
38
49
59
47
38
35
70
62
50
62
45
55
54
50
45
50
54
38
49
56
46
53
48
47
65
37
24
50
40
42
60
42
47
46
56
51
64
50
49
49
57
50
49
40
40
53
56
43
47
57
53
44
50
62
55
51
49
55
59
63
37
52
51
49
46
59
45
44
29
52
39
43
49
47
42
23
48
45
59
53
52
52
41
58
56
51
51
45
57
38
39
58
54
57
59
53
60
44
64
59
57
59
52
52
54
51
27
47
66
67
48
46
57
51
49
39
42
54
50
52
54
63
51
54
50
50
51
53
45
51
51
51
58
52
50
47
39
49
51
66
44
54
53
55
36
63
53
33
58
70
46
51
28
38
45
71
55
52
37
44
64
51
54
47
67
43
34
36
54
42
52
64
50
55
34
60
55
46
54
57
46
49
68
54
41
58
58
36
47
37
65
52
54
47
35
63
49
53
42
64
61
53
51
52
51
45
43
53
62
62
30
41
46
48
51
