51
53
36
56
53
52
55
54
42
49
60
57
63
40
57
33
33
58
53
52
43
51
26
52
75
51
49
59
40
53
71
48
61
50
58
49
54
53
50
49
41
57
53
56
53
44
62
55
47
46
64
52
49
48
46
41
48
34
44
49
66
52
54
49
37
46
61
49
49
59
49
43
57
51
38
56
55
47
43
47
57
46
45
52
48
64
60
44
59
60
42
64
49
57
31
54
37
56
56
53
39
52
49
54
48
35
41
42
55
49
40
44
41
50
44
45
58
61
53
50
60
50
43
68
56
50
54
70
38
57
50
55
56
54
44
27
51
37
53
51
56
50
54
49
64
52
54
56
61
52
40
63
55
40
50
49
60
46
61
44
57
49
59
45
44
51
53
52
45
40
47
52
50
50
43
44
47
70
49
47
55
46
49
48
49
49
46
48
43
55
49
48
50
45
58
58
48
48
59
51
44
49
48
43
52
34
47
64
44
63
50
59
40
57
63
50
40
37
51
50
33
55
51
51
41
54
57
51
46
51
36
57
51
48
55
37
48
53
51
40
69
42
67
51
43
51
38
30
59
45
24
26
42
38
32
31
23
32
47
43
41
34
31
26
35
31
36
15
39
19
31
29
29
40
19
32
40
41
35
24
28
32
28
29
37
36
30
21
36
30
37
33
30
30
34
30
41
34
36
37
35
32
28
36
40
21
33
33
33
27
20
21
45
35
24
37
26
18
32
19
32
34
32
34
20
35
26
32
42
32
44
24
40
18
33
38
44
29
33
33
31
35
37
30
27
37
33
31
41
31
33
41
45
43
32
41
40
12
35
30
31
35
42
41
26
36
30
28
34
32
35
28
29
39
35
45
30
34
43
20
30
26
32
37
53
37
39
32
36
28
23
35
21
38
26
30
42
35
37
37
31
36
36
41
40
23
28
40
39
25
37
38
31
32
19
34
35
29
30
29
28
29
30
29
35
34
11
37
20
26
28
30
34
28
29
30
26
41
31
24
45
30
38
42
36
34
27
35
35
32
27
44
30
34
22
26
43
35
24
50
50
24
25
40
34
48
33
21
42
26
33
23
37
36
30
21
31
31
34
35
34
31
25
39
28
37
39
28
38
38
14
25
40
34
25
50
32
27
32
37
