28
29
30
27
41
37
37
35
32
36
23
29
44
41
43
22
47
35
30
33
32
36
34
49
30
38
33
18
39
30
11
40
30
14
20
46
36
30
31
38
25
43
26
45
27
16
20
22
30
36
26
42
22
33
41
30
29
24
27
29
38
23
24
6
31
44
34
51
33
40
41
36
40
27
45
35
28
40
21
37
42
23
34
41
24
31
36
37
30
31
35
19
40
46
37
34
23
42
47
36
31
21
43
24
42
35
35
37
25
33
32
39
33
32
28
27
43
24
34
40
43
36
24
27
34
31
39
34
39
21
15
39
30
29
30
23
37
13
25
30
32
49
33
16
33
33
31
35
39
29
29
32
30
36
32
40
33
43
18
31
28
33
36
32
44
43
32
31
43
29
14
29
34
36
27
28
25
48
28
30
21
9
33
28
21
29
27
28
30
43
43
41
18
32
27
25
33
36
29
34
36
23
26
38
27
32
39
21
36
36
28
33
33
33
37
33
32
34
15
30
29
38
14
29
31
27
35
62
39
30
34
21
28
37
31
40
23
29
35
30
45
28
30
28
41
37
30
23
26
13
34
30
47
57
19
62
46
52
44
49
42
59
66
47
58
53
29
64
45
48
43
40
40
46
53
48
39
54
48
53
34
52
52
64
50
43
55
47
49
36
56
57
56
46
52
44
49
57
53
59
47
42
64
51
25
59
57
45
52
57
54
54
47
46
39
53
33
43
51
31
55
56
59
51
51
58
53
45
50
69
58
48
54
57
47
41
47
48
46
55
55
47
55
53
41
62
40
53
48
57
50
40
50
56
63
43
58
52
51
48
43
51
54
49
56
40
54
66
54
50
51
58
58
46
46
43
52
55
50
46
40
42
62
47
57
35
45
55
43
45
58
56
50
45
39
57
57
49
60
52
54
53
42
63
57
63
51
49
55
51
56
64
49
53
51
47
49
60
50
51
51
59
35
51
58
58
50
59
56
24
47
54
50
52
61
49
61
61
43
46
49
44
50
56
31
43
49
47
50
54
64
50
46
43
62
30
49
61
60
42
53
66
50
51
44
42
54
36
56
55
43
53
57
36
49
48
46
60
55
55
53
52
64
59
46
36
55
58
54
50
48
67
57
55
60
54
52
38
47
51
