32
29
42
26
24
31
39
34
28
34
32
31
39
45
19
36
29
33
20
36
37
38
26
33
29
16
38
53
22
41
21
37
35
20
42
29
31
36
45
51
27
50
40
29
38
33
39
17
28
31
30
30
37
25
36
29
39
35
42
54
32
33
33
33
61
36
14
14
33
27
25
20
32
29
46
20
33
36
35
25
41
32
37
28
33
31
49
41
25
24
40
38
33
43
37
23
34
39
46
15
36
35
37
28
28
31
37
23
33
36
36
37
27
39
46
32
21
37
41
17
36
29
33
40
12
52
27
45
26
25
36
33
27
36
53
32
46
20
22
33
32
29
32
35
34
21
40
35
38
26
35
37
42
27
24
20
51
17
40
39
37
31
50
28
35
36
41
33
36
38
15
25
35
31
32
35
17
51
33
44
40
30
42
36
29
50
26
33
27
29
35
35
30
30
50
36
34
26
38
36
44
45
40
29
40
27
37
29
32
39
20
32
28
28
35
22
32
40
41
34
27
33
31
26
53
21
25
35
39
31
24
50
37
37
23
32
33
40
30
31
32
35
40
40
41
36
36
36
34
26
24
16
34
27
28
36
24
48
41
33
33
39
25
39
33
20
31
38
14
39
34
32
39
48
30
36
35
39
39
33
27
38
33
37
28
37
38
31
26
32
22
37
30
39
16
31
38
36
35
20
32
44
24
32
33
14
30
32
31
38
19
43
25
32
33
36
27
31
29
54
16
35
22
31
29
48
27
16
30
21
29
32
39
20
25
35
30
32
37
16
34
32
22
45
24
27
55
33
28
29
41
26
29
32
25
35
41
9
34
27
37
31
38
34
42
28
50
41
35
29
31
26
13
38
39
30
55
31
34
34
38
40
30
33
39
27
35
34
39
33
44
30
32
37
33
25
43
27
29
40
36
36
29
20
33
34
28
35
25
34
31
33
23
37
13
27
29
17
31
39
29
15
28
19
30
26
22
32
32
29
35
38
29
13
31
19
42
28
27
42
33
22
15
39
30
29
30
48
19
37
36
36
28
44
32
25
33
32
39
36
27
34
30
25
40
34
27
37
13
40
24
32
27
39
12
31
43
36
32
30
33
27
40
22
32
37
22
38
30
30
33
30
37
36
38
44
32
25
33
21
