36
27
29
18
33
18
34
38
24
16
32
29
15
24
31
35
35
27
29
34
28
24
31
41
32
33
40
30
23
41
27
27
28
35
40
22
27
34
28
41
35
31
28
32
32
28
33
33
35
28
34
45
25
50
39
40
36
51
33
36
41
24
40
30
26
27
28
31
59
24
35
26
38
31
34
31
31
26
36
45
33
25
34
25
41
33
35
42
30
19
41
45
38
40
31
29
30
34
30
22
34
44
30
49
39
28
38
51
35
33
41
34
26
34
36
30
38
54
31
33
43
33
34
29
39
22
46
30
27
30
16
43
32
33
37
25
45
29
26
34
24
31
39
27
32
36
22
33
34
39
39
48
36
38
31
38
32
39
33
30
32
54
37
37
39
39
28
26
37
41
34
41
56
33
33
10
19
34
30
25
38
40
50
28
27
19
28
33
20
36
28
37
40
51
34
37
33
29
46
24
23
38
36
28
32
29
33
29
33
39
30
14
29
41
35
34
32
35
39
33
19
32
30
34
46
31
17
25
34
23
29
14
29
32
21
41
40
29
28
34
20
27
48
29
28
33
27
39
26
32
59
46
48
48
25
51
33
52
41
59
47
46
51
50
52
55
47
49
57
45
55
48
37
60
47
52
44
44
28
53
49
49
44
61
48
51
57
42
52
57
52
56
50
45
48
54
45
56
57
49
40
68
29
55
38
50
54
54
44
59
42
47
48
63
50
44
50
38
45
51
52
42
65
72
62
60
49
62
46
46
66
56
38
52
54
55
56
54
43
52
57
61
32
48
35
41
51
50
46
46
49
46
65
51
39
55
47
65
47
49
62
60
45
36
47
50
51
50
60
52
49
61
44
57
43
52
44
46
57
58
55
47
65
52
52
50
44
42
48
51
53
42
51
57
40
45
46
46
50
55
28
51
48
52
44
50
51
41
44
49
57
38
54
54
63
49
48
67
50
58
53
26
55
60
62
44
46
52
53
61
48
51
43
62
48
44
54
50
49
62
40
58
36
41
48
33
61
50
57
57
39
54
54
53
64
54
44
34
46
49
47
62
47
41
56
38
45
45
51
75
50
45
59
49
60
46
46
64
57
52
43
43
60
45
37
52
59
49
43
58
39
49
52
37
56
53
58
62
42
55
