56
48
39
51
46
37
44
49
41
49
51
50
49
73
56
50
42
47
54
51
50
53
50
45
59
58
54
50
49
52
48
53
53
46
56
49
55
41
43
44
53
38
48
44
62
41
51
62
51
44
47
48
36
42
47
61
58
76
48
52
50
47
50
48
52
50
44
35
38
45
59
43
39
48
46
49
51
37
43
55
55
53
55
49
63
43
67
57
45
51
35
37
65
44
50
53
65
47
40
41
53
46
51
54
48
53
51
47
51
40
52
59
52
54
47
49
56
30
45
65
46
54
40
28
48
37
52
58
63
54
48
56
51
50
41
59
51
41
44
43
71
51
45
51
49
44
56
41
53
32
63
56
54
68
52
37
40
53
56
61
46
62
51
52
53
52
49
67
50
56
42
58
66
42
47
46
59
55
60
53
56
40
47
42
42
64
48
38
40
59
41
49
51
67
51
49
51
43
59
49
49
57
45
47
64
54
49
46
55
58
46
39
51
31
52
59
49
54
42
51
42
51
59
54
60
57
44
45
45
56
54
66
59
59
58
41
41
49
55
42
43
46
43
47
60
55
64
43
53
52
37
37
38
41
44
41
27
39
24
32
39
47
34
39
27
29
36
30
32
32
35
35
28
22
26
46
4
31
43
44
32
26
25
35
34
25
41
46
35
34
22
48
32
31
25
29
27
39
32
32
46
33
38
31
32
35
30
35
26
39
31
31
23
39
33
14
28
29
26
46
26
31
38
38
38
33
50
46
39
27
42
38
35
39
36
21
27
48
32
34
25
35
14
32
31
26
27
30
28
41
54
37
30
30
37
29
31
33
44
34
37
24
35
36
32
34
40
33
36
28
36
28
25
27
34
34
33
35
26
36
34
33
27
25
36
31
29
37
36
28
33
40
38
20
17
42
28
25
29
23
40
19
27
36
48
30
28
33
19
37
27
42
35
26
15
41
48
44
32
34
47
18
34
36
33
35
46
29
30
22
35
30
40
24
26
32
21
37
33
35
30
33
30
24
27
30
25
39
32
36
30
43
35
43
31
26
33
29
27
31
24
34
39
32
38
19
21
39
35
31
36
15
36
42
30
35
41
27
44
35
38
40
36
30
18
28
27
18
35
35
36
29
26
34
29
31
45
29
32
38
