33
28
35
36
37
35
36
34
35
34
42
9
23
33
28
42
36
34
46
20
49
35
20
30
32
41
35
41
28
52
32
22
32
44
20
25
32
29
29
21
44
29
30
40
32
44
24
34
25
53
44
38
26
28
33
44
27
31
31
45
28
44
39
29
36
37
45
18
21
25
32
33
31
36
38
34
37
28
41
27
22
31
29
17
30
34
34
14
29
35
43
38
31
32
43
24
32
32
30
42
25
34
39
34
37
38
23
37
33
33
39
29
27
36
31
40
43
28
49
37
41
26
48
41
26
18
23
32
47
28
34
33
25
26
33
40
38
38
34
32
33
25
45
23
51
32
32
29
37
25
46
27
41
37
40
24
25
36
32
31
33
35
43
38
39
16
33
34
36
25
37
36
40
34
22
33
16
35
34
17
28
43
31
31
21
31
45
45
42
35
54
40
37
37
29
23
24
31
33
37
27
29
35
31
17
33
29
12
45
39
29
33
36
19
23
34
44
28
29
36
31
45
50
40
32
40
40
34
39
26
31
46
28
36
34
32
48
32
24
32
42
43
29
28
15
38
25
40
24
27
54
51
54
56
57
51
34
46
42
56
49
62
48
59
51
37
52
57
50
41
53
52
46
49
48
52
52
60
44
45
43
48
35
49
38
34
62
47
45
41
52
40
43
47
47
40
55
51
46
39
52
44
59
43
49
53
47
50
55
58
47
52
50
43
51
55
60
44
53
59
47
52
49
52
58
52
53
65
50
54
47
53
52
41
24
50
50
56
53
51
57
74
51
47
52
46
51
54
53
40
49
55
62
43
49
51
44
49
39
54
58
47
50
51
49
43
60
39
68
53
54
47
43
55
68
64
53
67
61
40
70
62
29
45
43
44
53
54
56
47
51
61
43
57
39
53
38
52
46
61
68
56
50
51
47
42
60
58
33
68
28
57
57
57
43
53
57
46
44
44
52
36
65
40
64
57
49
62
42
48
52
41
45
47
50
53
64
51
56
47
53
49
49
50
57
58
41
47
35
47
26
37
45
54
53
51
48
47
51
57
57
45
47
46
52
66
55
63
56
48
49
49
53
43
46
50
56
27
51
49
47
48
56
58
40
50
55
39
58
31
48
46
56
59
37
41
53
64
36
52
