53
46
65
49
50
44
53
48
44
51
47
53
50
45
52
69
58
52
58
60
56
32
48
53
53
54
46
52
59
57
57
49
48
58
52
49
52
55
45
53
44
54
59
51
54
45
59
53
46
38
57
55
66
60
55
51
42
55
46
61
48
59
48
59
38
58
51
48
56
52
43
61
59
50
46
51
59
59
46
50
56
54
68
53
62
57
35
59
53
50
49
47
51
49
49
44
62
49
55
41
55
38
54
51
32
46
43
48
43
52
61
62
64
41
54
58
55
54
52
56
40
42
45
50
44
47
45
45
50
31
54
63
52
38
37
54
47
53
48
48
56
52
27
45
50
60
50
53
50
42
54
45
38
47
55
59
50
46
49
48
45
55
44
59
56
59
43
56
35
40
62
45
24
50
46
41
51
43
55
50
47
38
45
40
48
51
62
40
53
56
33
44
54
48
46
47
62
59
51
49
59
56
46
41
50
46
36
56
54
44
52
50
47
51
40
49
57
45
59
51
52
49
52
51
52
48
52
46
48
44
72
48
53
47
51
43
27
37
50
57
59
54
40
67
42
46
47
48
48
43
45
40
33
28
47
34
33
39
14
56
25
31
25
27
36
40
13
32
33
40
27
33
37
30
32
34
28
35
39
33
51
33
36
38
63
39
39
31
33
34
40
38
29
37
24
42
31
9
31
29
35
45
32
28
30
39
28
35
32
35
36
42
29
27
42
32
32
35
34
35
28
46
36
36
41
53
12
30
23
33
31
38
32
28
31
28
29
37
25
35
27
27
51
25
35
40
31
29
29
25
32
29
39
35
35
26
37
32
36
31
39
29
26
26
33
22
24
42
30
38
23
30
23
33
37
28
22
22
32
34
35
33
17
31
22
36
37
43
32
28
29
35
35
32
32
39
31
32
42
46
50
25
32
33
44
35
40
27
37
33
30
41
36
31
17
26
23
39
31
33
43
27
33
38
29
37
29
29
30
29
50
37
29
37
22
29
35
31
41
45
36
32
28
39
24
35
27
39
23
37
33
44
30
42
36
33
32
24
34
45
27
41
29
43
37
34
24
38
36
42
29
41
9
37
37
31
33
49
50
45
33
21
36
33
50
41
13
38
27
32
22
34
37
38
38
31
27
32
35
29
